150
19 2252
13 7
17 671
26 1014
13 1257
7 1883
4 280
19 535
13 1354
3 1223
18 2280
15 1784
2 2057
26 284
11 856
28 2026
6 1888
11 963
25 2356
21 1479
18 1306
25 205
17 2074
7 602
26 999
21 1707
6 139
18 1450
15 749
6 2280
13 83
4 1606
15 410
20 2118
28 1019
30 1221
20 1034
25 2285
30 1994
26 1417
4 1137
19 1803
26 1737
25 2135
19 39
15 1146
3 1274
22 1707
19 1827
4 2193
3 921
13 1431
4 1353
7 728
18 1235
2 1438
27 424
27 1127
13 15
5 2073
26 769
15 241
6 584
6 2343
25 1089
8 1744
7 280
15 1236
15 808
11 1750
22 1629
15 535
21 1296
6 2035
16 1306
24 1753
9 1417
11 786
13 586
16 1576
13 1119
8 264
10 1367
28 2236
10 1048
22 89
17 953
13 1345
21 1371
10 106
26 494
14 361
5 1224
24 167
10 747
18 976
16 1236
16 1905
19 1815
5 721
8 1320
9 941
19 606
7 2161
24 1897
21 1400
11 1069
22 217
9 482
14 1626
29 135
21 2243
26 425
22 866
23 1425
17 2343
8 1204
5 134
7 715
26 72
11 2166
13 1478
13 2007
19 584
17 562
6 1471
21 1000
27 502
3 740
6 1902
22 1585
8 1087
27 1365
27 2169
7 634
17 249
24 2115
14 657
30 1642
19 316
26 1918
21 522
2 1386
17 1107
9 2258
16 502
7 1943
18 910
22 849
18 2216
0 9 9 1 2 5 3 1 10 6 10 8 1 5 5 5 7 3 3 5 4 10 8 7 6 6 8 1 4 8 2 9 3 2 9 3 4 9 3 9 3 3 5 7 6 3 5 6 3 10 7 1 1 3 8 6 9 3 3 10 8 6 7 9 8 6 7 4 3 2 10 9 8 9 3 1 5 10 5 9 5 7 9 7 5 4 10 1 4 2 9 2 5 9 3 9 8 4 6 5 2 4 4 4 2 8 5 5 2 6 5 10 9 5 10 1 10 9 8 2 4 10 7 5 2 3 3 9 5 7 2 7 9 2 2 8 2 2 8 3 9 4 9 1 4 3 5 2 4 8 
10 0 2 10 5 4 8 4 3 5 9 7 5 9 7 2 2 5 2 10 8 8 2 8 4 4 9 8 4 7 3 9 8 9 2 6 3 2 1 3 9 5 4 1 5 8 6 1 8 6 3 4 3 1 9 8 10 2 7 2 7 2 3 7 7 3 4 6 5 2 6 4 5 7 1 6 4 5 3 5 7 1 10 9 9 1 5 9 10 9 6 10 10 1 7 4 9 6 3 5 4 4 1 6 9 1 1 5 2 8 6 10 7 1 8 5 4 3 2 6 2 9 5 7 3 3 1 3 9 2 8 6 7 8 7 6 10 7 3 10 6 4 8 5 7 8 7 9 7 3 
8 4 0 4 5 6 9 10 10 7 5 10 7 3 8 9 1 7 6 7 7 1 1 2 8 4 3 3 6 10 2 1 1 6 10 8 7 8 1 3 1 9 4 2 10 4 2 5 8 1 6 2 10 10 9 1 5 1 3 6 2 10 2 6 10 3 2 7 2 10 3 3 5 1 4 4 4 2 2 10 1 2 2 6 4 9 9 2 5 8 7 8 5 4 5 4 8 8 4 10 4 1 8 2 10 3 7 4 5 2 4 4 3 10 3 8 6 6 3 10 10 6 5 8 10 5 3 10 10 3 1 8 9 6 10 8 10 3 9 9 7 5 10 5 2 5 5 1 6 1 
6 8 1 0 6 4 5 9 6 5 7 7 2 1 8 2 7 9 9 6 3 6 9 7 8 9 5 10 6 9 7 10 1 10 9 5 1 4 10 9 7 6 7 1 10 4 1 9 8 2 9 1 1 5 4 7 2 3 10 1 2 1 6 10 4 8 1 7 4 2 10 5 7 2 7 10 7 1 10 5 3 2 3 2 1 10 8 2 10 3 10 8 7 4 9 3 6 10 10 1 2 3 10 7 4 9 7 10 5 5 6 8 1 2 3 10 7 10 9 7 9 8 2 5 4 2 10 8 4 5 10 8 9 10 6 1 1 5 5 7 1 3 7 2 3 6 4 1 1 10 
10 3 2 10 0 2 10 5 5 8 9 9 8 8 6 1 4 7 1 8 6 8 8 10 6 8 5 9 8 4 9 7 3 3 4 9 6 5 10 4 7 4 5 8 4 10 8 5 6 4 9 7 2 2 7 4 7 2 3 2 6 1 10 1 1 8 10 7 7 4 6 9 1 9 3 1 10 10 1 3 8 6 3 3 5 3 5 4 4 1 1 10 7 3 7 3 2 2 7 6 5 5 7 8 9 3 7 2 4 6 10 5 5 4 4 7 5 2 5 9 6 6 3 4 9 5 4 1 2 7 10 5 9 6 9 9 10 2 7 7 1 8 1 5 4 10 10 4 7 4 
6 5 8 8 7 0 9 2 5 10 4 1 4 6 6 4 6 10 1 7 5 9 1 9 6 10 1 4 8 6 8 5 2 3 7 9 5 1 7 3 10 10 9 5 5 5 4 7 5 8 5 1 6 6 3 4 3 6 6 10 3 7 7 7 1 3 8 8 1 7 7 9 4 7 7 3 8 6 2 3 7 7 5 7 10 9 10 3 3 8 2 4 6 6 8 2 7 8 4 2 10 1 5 7 5 4 4 5 10 8 2 5 1 7 4 10 5 3 2 1 3 8 9 9 8 2 1 10 5 3 1 1 6 7 5 5 6 5 3 2 6 9 8 7 5 9 1 2 1 1 
7 4 1 6 1 1 0 8 3 8 9 7 3 8 4 2 5 3 1 9 5 8 1 10 2 7 9 6 5 9 6 10 1 8 7 5 2 4 4 8 4 10 1 2 7 2 5 7 3 6 9 1 3 10 10 6 7 5 8 5 1 1 5 6 9 6 1 3 3 5 5 10 1 2 3 8 1 8 8 5 1 9 10 4 5 6 7 9 10 4 7 8 10 8 10 10 5 10 4 9 2 9 3 8 5 6 8 10 7 10 2 9 8 9 7 1 7 4 5 7 4 8 1 5 7 2 6 8 9 8 4 7 4 1 9 8 4 7 10 5 3 3 10 7 3 5 3 10 4 6 
6 1 8 6 8 3 2 0 1 8 9 5 2 8 3 8 5 8 3 7 8 2 4 5 8 2 4 7 5 2 8 6 9 8 5 8 6 7 1 4 9 6 2 2 9 7 4 1 2 8 5 1 1 2 1 3 3 7 3 2 7 3 9 4 4 3 8 4 2 4 2 9 6 10 9 6 4 3 5 10 3 9 7 7 1 2 4 5 4 8 7 4 4 3 5 2 3 10 5 8 9 2 4 7 7 3 10 8 2 1 3 6 6 8 8 9 9 3 4 2 7 3 3 7 3 7 5 9 4 3 4 9 2 9 5 9 9 4 1 10 2 1 3 5 6 7 3 8 6 2 
1 6 10 9 2 2 7 8 0 1 10 4 4 9 4 2 8 9 2 3 9 5 6 9 8 2 1 1 8 6 6 9 1 2 9 5 8 7 4 4 5 10 4 10 7 6 9 2 6 4 1 10 3 8 3 2 1 10 3 5 2 7 5 7 10 2 9 1 4 6 6 2 4 4 2 8 5 9 4 6 3 3 5 10 5 9 6 10 10 5 10 4 8 3 6 3 4 1 3 4 1 6 4 3 1 7 7 3 3 6 6 7 2 2 8 1 3 8 6 4 6 6 9 4 6 1 4 6 2 2 6 8 10 10 9 8 7 7 7 3 6 2 7 5 3 5 5 3 4 5 
1 6 1 2 7 10 5 9 8 0 7 8 9 5 3 8 6 3 7 9 3 9 10 7 5 9 10 3 3 7 2 7 10 6 5 2 8 9 3 10 3 8 9 2 1 3 5 8 2 10 10 1 7 1 8 1 7 8 7 3 8 5 3 1 3 5 2 2 4 6 7 10 7 3 10 2 5 4 6 8 8 1 6 6 1 4 9 4 9 3 2 6 6 2 1 6 8 9 1 9 8 10 1 2 4 10 8 10 3 1 7 2 3 7 9 6 1 8 2 10 7 10 2 3 7 10 4 7 2 2 1 1 9 2 3 9 2 7 3 3 8 2 5 7 10 2 2 6 1 9 
10 8 1 3 2 9 8 4 4 3 0 1 7 1 2 7 9 9 1 8 3 5 1 7 5 9 7 2 6 3 7 10 2 7 7 4 2 9 7 2 9 2 5 4 5 6 5 5 10 4 4 9 1 9 5 2 4 2 8 10 4 5 5 8 3 7 8 7 4 2 5 2 7 4 2 5 8 8 10 9 6 9 3 9 3 7 5 10 8 1 4 4 4 4 3 10 10 1 9 2 6 2 6 2 7 4 7 10 6 7 6 5 10 4 9 3 7 10 5 1 5 10 2 2 2 6 1 3 2 7 9 2 9 1 7 3 7 7 1 9 5 4 5 7 8 4 8 9 9 4 
6 4 4 10 1 9 2 8 4 3 9 0 7 1 1 2 8 1 9 5 3 4 8 2 1 2 4 3 2 6 6 2 3 6 4 4 10 10 6 7 4 10 5 10 8 4 9 8 8 10 7 2 5 5 8 8 7 1 1 8 1 9 7 2 7 4 8 7 10 1 1 8 6 10 9 4 9 10 10 1 3 10 2 9 10 6 1 10 9 4 2 2 5 1 2 8 3 7 7 4 4 7 5 1 2 5 4 2 7 7 6 1 10 1 3 10 5 9 9 5 1 3 8 7 4 10 3 8 1 7 7 7 8 7 4 7 10 8 6 10 3 10 1 7 8 7 8 2 4 9 
3 3 3 10 1 10 1 2 8 6 6 7 0 9 8 8 3 6 3 3 4 5 1 8 6 6 3 9 8 6 4 3 2 7 2 4 1 2 8 4 5 7 1 10 7 2 6 6 4 6 2 3 10 1 5 3 3 6 9 10 8 7 2 1 8 6 9 8 2 1 6 4 8 7 10 4 2 2 10 9 6 8 7 5 2 4 2 10 9 2 10 6 8 9 6 5 6 2 3 8 3 5 6 10 6 5 8 4 6 7 1 1 7 1 8 1 3 5 7 6 1 7 4 1 9 6 8 10 4 9 2 8 4 6 7 3 3 9 9 3 4 5 6 5 6 3 2 6 9 7 
9 7 9 2 6 7 5 8 5 8 3 10 5 0 1 10 9 4 9 6 1 10 8 3 3 1 10 7 10 6 10 1 9 4 10 10 5 3 10 7 5 5 10 3 2 1 9 10 2 5 5 5 3 3 3 4 2 6 3 4 10 10 4 6 9 7 1 2 1 4 8 2 6 5 10 6 7 6 6 9 3 8 8 4 6 9 4 5 4 4 6 8 8 7 4 2 10 9 2 4 1 1 5 8 4 7 9 9 9 1 1 5 1 8 5 6 2 9 2 2 3 5 10 10 4 4 10 5 7 2 1 8 8 3 5 6 10 7 6 9 9 7 6 4 1 6 4 8 1 6 
7 7 6 6 6 2 7 5 6 10 1 9 10 5 0 2 9 1 2 4 5 3 5 7 3 4 8 7 5 8 6 5 10 4 8 10 9 6 3 10 10 6 1 8 1 8 3 9 5 3 8 9 9 9 2 9 3 7 1 9 8 1 9 10 9 5 2 1 8 6 7 5 2 6 8 5 2 6 8 8 4 8 1 1 2 10 2 7 3 3 5 2 3 10 6 5 6 10 4 6 4 1 7 4 4 1 6 5 1 5 2 9 8 1 6 7 2 2 10 1 10 9 1 10 9 5 4 6 3 10 9 8 1 3 1 8 8 2 6 10 6 7 2 8 5 1 10 5 9 8 
4 5 1 9 7 9 10 6 2 7 3 8 3 1 1 0 6 5 7 6 10 8 9 9 2 9 10 10 6 2 5 5 6 8 3 3 2 8 4 9 1 8 5 2 3 4 6 4 3 3 3 3 1 7 10 10 3 4 8 8 10 1 4 5 4 9 1 5 10 10 1 7 6 6 8 1 9 2 1 6 5 5 3 9 4 6 7 10 10 2 8 1 2 2 1 1 1 8 3 10 4 8 9 2 8 2 7 7 3 3 6 2 5 4 9 10 7 10 6 9 6 6 2 8 1 5 8 1 2 5 1 2 2 4 10 2 3 8 9 7 3 10 5 9 6 9 4 9 10 10 
3 3 5 8 4 5 9 8 10 3 6 7 3 8 4 2 0 8 6 4 1 3 7 9 9 8 5 3 3 3 2 6 6 5 5 1 7 3 5 9 5 9 10 8 6 10 8 3 2 4 2 1 9 10 5 5 7 6 6 4 7 6 3 4 9 6 10 10 8 2 4 6 1 8 6 5 4 3 5 5 8 9 1 10 3 1 10 4 5 2 3 3 9 4 8 9 2 4 4 5 5 6 2 3 10 4 8 4 4 3 7 1 10 2 2 5 6 9 6 9 1 4 6 3 8 5 6 6 2 6 5 5 3 9 7 2 7 1 1 9 2 7 10 7 8 5 9 7 2 1 
4 7 6 10 7 10 1 3 4 2 3 1 10 1 8 8 2 0 9 1 2 8 1 1 2 9 10 10 9 5 7 2 3 6 7 6 2 5 1 6 4 7 8 1 2 7 9 6 7 8 5 4 5 4 4 3 2 7 4 9 8 1 3 7 4 8 3 9 2 8 3 4 10 2 3 6 9 2 10 9 8 7 3 4 9 1 9 3 4 7 5 4 8 9 4 2 1 9 1 5 6 3 8 5 10 9 7 8 7 3 7 9 4 1 7 9 9 9 4 7 8 7 7 6 2 10 9 1 5 4 9 4 6 3 10 2 1 3 6 10 10 1 7 2 3 7 9 10 9 1 
2 2 5 3 6 6 6 6 2 9 2 1 6 5 10 4 7 10 0 10 2 8 10 6 7 10 3 8 1 3 10 4 7 4 6 7 8 1 3 5 7 4 1 8 3 9 3 2 9 8 10 4 10 7 3 3 7 2 5 7 5 6 10 9 7 10 10 10 2 8 7 4 1 10 8 4 6 1 7 10 1 3 3 10 8 1 6 2 2 9 8 1 4 10 6 8 4 5 6 5 9 8 5 10 2 8 2 4 7 3 1 5 9 5 5 9 6 10 9 7 4 4 5 6 9 7 10 2 6 9 8 2 9 8 3 8 9 7 7 5 4 6 1 3 4 4 1 1 3 4 
7 6 4 3 8 3 5 9 8 10 1 2 3 1 1 6 7 2 5 0 1 7 1 9 3 5 7 2 7 3 7 3 2 3 1 4 9 6 1 1 9 10 4 3 7 2 1 6 10 7 4 9 1 5 9 5 6 10 3 2 10 4 9 5 1 4 4 5 8 5 8 8 2 6 8 3 6 7 2 3 9 6 3 9 10 2 7 8 8 3 5 2 3 6 3 10 3 3 6 5 2 7 5 1 5 3 7 9 2 9 2 2 8 1 2 1 10 4 5 3 3 5 8 7 7 1 9 9 8 9 5 10 3 10 6 2 1 5 9 3 5 10 5 4 4 1 10 9 7 3 
7 7 2 1 6 3 8 3 8 2 8 9 8 6 1 4 7 10 8 7 0 1 8 8 3 9 3 4 3 2 5 8 9 3 8 10 1 2 9 7 8 7 7 5 2 2 10 2 5 8 1 4 2 2 2 10 10 1 1 4 3 9 3 4 3 8 2 10 2 4 6 9 4 8 5 4 9 4 5 4 10 4 6 2 5 3 5 10 10 8 10 5 1 7 7 2 1 8 10 3 1 3 10 8 1 10 7 8 5 8 5 7 9 4 5 10 4 1 8 4 8 3 1 6 5 4 1 6 3 3 3 8 1 10 8 6 5 1 8 10 3 6 8 8 9 4 2 2 4 10 
6 4 7 3 3 5 3 7 5 7 3 9 9 3 1 1 8 5 7 4 4 0 4 1 5 2 2 10 10 5 1 8 4 7 5 2 7 1 9 7 9 3 8 7 7 2 3 3 1 4 7 8 6 6 2 10 9 9 5 10 8 1 2 3 8 5 1 6 10 6 6 3 5 3 9 2 9 9 4 2 7 3 2 10 2 1 1 5 5 8 10 9 9 5 2 2 10 2 1 9 8 7 4 9 5 6 8 10 10 8 10 7 2 2 5 1 2 3 10 1 5 4 2 7 8 3 9 4 2 4 1 8 1 6 7 9 2 1 4 6 10 3 6 9 2 2 6 4 6 1 
7 2 3 10 9 8 4 3 6 2 6 4 1 1 10 8 9 2 8 5 5 2 0 7 8 4 3 2 10 8 4 6 7 9 2 9 8 8 8 7 10 10 3 7 1 10 8 10 1 1 5 7 7 1 1 9 2 5 1 3 5 6 7 8 1 1 3 9 6 1 1 2 3 8 6 1 3 3 9 3 5 6 7 3 3 8 5 1 9 8 4 6 3 8 4 6 10 2 5 8 3 4 8 2 4 10 7 4 3 4 7 9 9 3 2 2 8 9 10 10 8 9 3 5 10 2 1 4 5 1 10 5 9 2 8 1 9 9 2 4 8 5 5 6 6 6 8 8 4 2 
3 10 1 9 8 10 5 7 5 3 3 4 1 3 5 10 1 10 2 4 8 9 9 0 7 7 7 7 2 2 7 3 1 5 4 6 8 9 9 5 7 10 6 1 3 4 5 3 8 9 9 3 8 6 4 8 1 7 4 7 8 8 7 9 5 4 2 1 1 1 8 7 1 5 5 7 2 5 7 10 8 6 2 10 9 9 1 10 10 4 1 1 3 8 6 10 8 6 1 9 1 3 6 7 1 5 1 3 9 8 7 1 3 8 9 1 10 2 5 2 8 3 4 5 6 4 2 6 2 1 4 5 5 10 10 5 3 1 1 8 3 10 1 10 6 6 9 5 2 6 
2 7 10 7 3 10 9 7 3 4 3 6 1 6 2 8 4 1 8 4 5 7 7 2 0 8 6 3 5 5 7 3 8 2 4 1 7 4 1 4 2 6 8 8 1 4 8 9 9 9 9 9 8 4 7 10 5 4 3 2 9 1 4 7 3 8 8 7 5 5 7 5 3 3 10 1 5 4 10 1 2 10 5 1 1 9 5 4 7 3 5 5 2 1 9 8 1 5 7 3 8 5 2 3 6 9 7 10 1 2 8 6 10 2 7 4 9 9 6 8 10 10 8 4 1 3 1 1 3 3 8 10 7 6 7 6 8 2 1 8 6 3 5 7 6 1 2 7 7 7 
7 4 9 2 10 8 2 4 5 9 7 7 3 9 6 4 1 4 3 6 10 5 1 5 10 0 1 8 3 10 9 5 7 7 7 9 1 9 4 7 6 10 10 5 9 9 10 6 4 10 1 3 1 7 9 6 5 1 6 2 10 8 10 5 9 7 7 7 3 7 3 6 2 6 5 3 3 2 3 2 7 8 7 10 10 3 7 10 10 6 6 3 3 6 2 4 6 4 9 1 8 6 8 6 4 9 7 1 9 8 1 9 7 9 7 2 5 1 1 9 9 2 3 6 10 2 6 8 7 2 9 3 5 7 10 2 7 7 3 8 2 9 8 7 10 3 5 10 5 10 
6 9 9 9 5 8 2 4 4 5 3 2 2 5 4 2 10 9 1 10 10 4 7 3 3 4 0 3 1 3 3 8 2 1 4 9 8 6 5 6 9 1 8 1 7 9 3 5 8 1 4 1 10 9 4 6 5 9 6 6 7 6 6 2 4 10 7 7 7 1 3 9 6 3 8 9 1 3 9 5 7 7 3 8 8 2 9 7 2 2 9 8 9 3 8 5 10 9 5 4 8 4 7 4 9 4 4 3 7 9 1 2 4 9 8 4 5 10 4 9 1 7 4 8 4 8 2 6 5 9 3 6 10 10 7 5 7 8 4 7 6 5 9 2 8 6 7 2 2 3 
2 8 5 9 9 8 9 5 8 3 8 1 7 9 7 9 7 6 9 7 4 10 1 10 10 5 5 0 8 10 3 5 3 5 2 7 6 6 6 3 9 10 7 1 4 8 7 9 7 3 9 7 10 9 5 10 1 2 10 6 8 6 6 7 6 8 8 7 5 5 8 10 9 9 9 8 7 3 6 7 6 4 10 3 4 6 3 7 1 8 6 7 10 9 2 5 3 6 3 4 3 1 9 3 3 5 8 10 8 1 5 7 6 7 4 3 8 1 4 3 5 8 4 8 10 1 8 10 6 4 7 10 2 3 9 4 2 6 6 10 9 3 7 3 2 5 2 10 3 4 
8 4 2 3 6 8 8 6 5 6 1 4 7 7 3 3 5 9 9 1 6 1 5 10 2 10 5 5 0 7 1 8 8 9 7 6 8 2 9 9 1 10 8 3 5 2 6 7 4 3 10 8 7 4 8 6 5 4 3 2 2 8 3 5 5 6 6 5 6 3 5 1 3 1 1 7 8 10 7 2 6 3 6 2 10 2 4 1 9 5 8 3 8 3 2 2 4 9 1 3 6 6 8 3 3 9 6 8 10 5 10 9 1 10 2 10 9 8 6 1 2 2 1 7 6 8 4 5 1 5 6 7 9 5 8 9 7 2 2 6 6 1 3 7 10 5 8 3 3 1 
7 9 2 7 8 1 8 7 7 9 2 3 6 5 1 2 8 5 4 8 9 7 3 3 6 10 6 9 5 0 5 6 10 3 3 8 7 6 1 1 4 7 5 2 4 1 4 1 2 8 8 4 8 2 3 2 8 2 1 8 6 1 10 10 10 10 2 10 10 5 3 7 3 3 1 10 1 10 9 8 2 2 3 10 5 10 2 3 3 6 2 8 8 4 3 2 2 6 6 4 5 2 4 1 9 9 4 5 10 2 9 5 6 1 2 1 6 2 10 9 3 6 9 9 2 1 8 9 5 9 6 9 8 1 8 8 6 2 9 4 10 8 9 1 8 5 6 7 5 6 
10 6 7 5 2 7 10 2 3 8 8 10 3 1 5 5 3 8 2 2 7 8 9 1 9 3 5 2 9 6 0 6 1 5 6 5 5 4 10 3 5 6 1 1 4 10 1 10 3 7 2 3 1 6 1 5 4 9 6 7 7 2 5 9 10 10 2 9 5 3 6 6 4 6 9 7 7 7 8 10 1 3 3 2 1 9 8 2 1 4 5 8 4 3 1 1 6 8 2 8 10 3 1 1 4 10 6 7 6 9 5 4 9 8 1 8 7 3 5 9 10 2 3 1 6 5 6 2 1 10 10 9 10 3 4 8 7 10 6 8 8 8 7 10 3 1 1 5 2 10 
6 7 7 3 9 6 5 6 6 10 1 10 4 10 3 1 2 8 8 7 5 8 3 10 8 7 10 10 4 4 6 0 10 5 10 1 6 6 7 2 2 10 7 4 9 2 6 6 5 5 4 8 10 10 2 6 1 2 9 3 7 5 6 6 3 7 7 10 8 6 10 9 6 7 10 7 5 9 3 10 7 2 6 5 10 4 4 1 1 10 7 1 8 3 8 2 9 8 3 7 1 9 9 7 7 6 9 7 6 5 5 6 10 5 8 2 8 4 2 10 3 2 6 5 1 6 10 10 10 6 2 7 9 1 7 3 4 1 1 6 7 9 6 4 10 8 9 9 1 5 
2 10 9 2 8 4 4 9 5 6 1 1 1 3 5 4 9 9 3 3 8 10 9 1 1 7 7 3 4 5 3 5 0 3 9 6 8 5 9 9 8 2 3 9 5 7 6 1 8 6 3 5 6 7 3 1 2 10 2 2 10 2 10 7 10 5 4 9 5 3 2 5 1 8 5 3 5 2 6 5 8 3 3 3 8 10 9 8 4 5 7 6 9 7 9 3 3 1 10 4 10 8 9 9 9 2 2 8 2 4 10 5 8 5 1 1 3 7 6 9 7 10 10 10 10 5 9 3 4 9 9 6 4 9 7 10 6 2 4 6 8 3 8 8 1 3 3 2 7 6 
10 6 5 7 5 1 2 5 3 4 7 8 5 9 5 1 4 2 10 1 5 6 8 9 5 6 3 6 8 1 9 1 8 0 10 4 3 2 10 9 7 10 2 6 7 2 6 6 2 4 6 5 6 1 7 5 9 6 6 9 10 1 1 6 6 7 3 10 1 9 5 10 2 3 7 9 3 6 4 4 4 5 5 8 5 8 9 5 7 6 10 10 3 4 9 3 3 6 3 7 9 7 6 7 6 9 1 10 3 3 6 4 9 3 2 3 7 7 4 5 7 10 1 9 6 7 10 6 8 5 4 9 1 1 5 6 9 10 3 7 3 8 9 4 2 7 1 8 4 9 
8 1 4 4 10 3 5 2 1 3 5 4 3 2 6 4 1 6 10 4 2 4 3 2 9 9 8 8 2 4 7 9 8 8 0 10 5 3 10 2 3 6 1 8 9 7 7 1 10 3 7 7 3 7 4 3 2 6 1 8 9 4 6 10 8 10 10 6 8 2 5 2 10 6 10 4 2 2 4 7 1 9 6 4 7 5 3 7 2 6 8 1 5 5 2 2 7 5 9 10 2 10 3 1 8 5 9 3 2 8 5 4 2 9 2 1 4 9 8 4 7 3 5 5 6 3 3 5 6 7 9 6 2 8 5 3 8 1 2 8 9 7 7 4 7 2 5 5 5 1 
7 10 6 1 6 1 7 7 10 3 5 8 2 7 7 4 4 3 5 3 5 2 4 2 1 8 9 3 5 3 4 3 1 1 6 0 2 10 1 10 2 5 8 5 10 6 1 7 7 3 3 1 4 10 5 1 1 2 2 10 5 3 2 8 7 4 1 5 8 10 3 7 4 9 10 9 9 5 10 8 5 10 9 7 4 5 2 7 1 8 7 7 5 4 7 3 2 6 8 1 3 7 3 10 1 5 1 1 10 8 2 3 3 6 6 5 9 5 4 10 10 6 2 10 1 9 6 5 3 8 2 10 9 10 10 7 3 1 5 7 7 1 4 5 6 10 1 4 2 8 
1 9 3 5 4 5 10 6 5 6 9 9 10 8 1 7 2 1 6 2 1 7 5 5 4 10 2 7 6 3 2 1 4 9 1 6 0 5 8 2 8 5 3 4 5 6 3 9 6 1 4 8 10 6 5 4 8 5 5 1 4 1 8 9 5 4 1 10 1 6 8 5 3 8 3 2 1 6 3 3 5 8 2 2 5 1 2 8 2 8 8 6 10 10 7 7 7 2 2 8 6 5 6 6 6 6 10 10 3 9 7 6 1 5 2 5 10 5 4 9 5 4 7 8 3 10 10 3 6 4 4 1 8 6 10 2 6 5 1 5 9 4 2 6 3 5 7 8 5 2 
6 6 1 5 10 1 8 10 8 3 9 4 9 5 2 5 10 5 4 4 7 6 5 8 8 5 6 5 3 1 3 3 9 2 9 1 7 0 8 9 7 1 5 6 7 4 1 4 10 3 7 8 2 3 5 10 8 3 10 8 10 7 6 4 9 5 5 3 1 10 5 1 2 1 1 10 8 9 6 7 1 4 9 9 9 8 3 5 10 9 10 5 9 4 7 4 2 1 3 9 4 3 9 4 8 10 7 5 6 4 7 6 10 7 6 6 10 4 7 4 6 5 10 9 1 3 5 9 6 7 8 9 1 3 10 7 1 7 1 8 5 9 8 10 2 10 9 10 6 1 
5 10 7 3 8 1 8 6 7 1 3 9 8 4 6 9 6 4 10 8 1 10 10 10 3 2 7 9 6 2 6 1 5 9 9 9 8 7 0 7 1 9 9 6 10 10 1 1 3 6 3 7 9 9 7 8 5 2 3 6 2 9 8 4 8 8 1 6 10 5 8 5 3 4 3 2 6 5 10 2 5 5 7 4 9 8 8 6 4 6 7 3 8 1 2 3 4 9 2 3 6 4 5 10 2 10 4 3 9 5 3 3 10 1 10 4 3 7 3 5 2 6 9 5 4 6 4 10 4 2 3 3 3 10 9 9 1 6 6 1 7 4 9 1 5 4 5 10 6 5 
8 10 7 3 2 5 2 1 7 7 9 3 8 7 8 1 6 8 6 10 2 10 1 2 9 8 10 2 7 1 10 3 5 4 7 9 2 6 3 0 8 5 6 4 7 6 2 6 5 3 10 7 8 9 6 8 3 10 8 9 6 3 6 1 6 3 3 1 1 6 7 2 9 4 10 7 9 7 5 7 5 8 8 1 3 1 10 1 5 1 2 6 9 3 8 8 10 7 2 8 2 10 1 2 8 2 6 2 9 7 9 5 4 8 9 2 8 8 5 9 1 4 2 2 3 8 3 3 4 9 9 2 9 4 6 6 10 3 10 7 3 10 6 2 9 4 2 6 6 3 
6 10 7 8 6 10 6 9 7 2 1 10 4 4 10 8 7 2 9 5 7 3 6 9 6 10 10 8 1 6 1 8 2 8 9 9 4 4 6 4 0 4 6 5 2 2 4 7 8 5 10 10 9 7 4 3 5 5 2 3 3 10 3 9 9 8 5 1 9 9 3 7 1 7 10 1 4 6 2 8 6 2 10 4 7 3 8 4 9 9 1 8 6 10 2 2 8 10 10 7 8 10 10 5 7 3 3 8 10 2 9 6 5 3 9 8 4 6 1 2 8 6 6 9 3 8 6 4 3 4 9 6 4 2 5 7 1 9 7 10 6 5 2 2 7 7 4 7 4 4 
8 6 6 10 8 1 8 7 3 9 1 5 7 4 6 9 2 2 5 1 8 2 5 1 8 4 5 10 1 5 8 5 7 1 4 7 8 2 10 9 9 0 8 4 4 6 10 2 7 1 9 5 10 4 8 9 2 10 3 8 6 4 7 9 9 9 5 9 9 6 5 4 1 2 2 8 2 1 7 1 1 8 9 6 10 9 2 2 2 7 1 8 6 1 2 6 9 9 7 7 1 1 2 9 5 1 5 5 6 10 10 3 8 10 8 9 1 1 1 2 5 4 7 3 1 7 2 6 9 10 7 3 5 2 7 7 7 4 5 6 2 2 7 7 9 9 3 3 3 7 
10 1 4 3 10 3 3 3 7 7 9 1 9 9 8 10 9 3 1 5 3 5 3 7 6 3 3 1 5 10 2 1 6 7 10 5 8 5 1 5 9 5 0 1 8 4 5 8 9 3 4 7 1 5 6 10 4 10 9 10 4 4 6 7 7 1 3 8 9 8 6 10 9 8 1 7 8 4 7 1 9 7 5 6 3 1 10 3 1 8 8 1 9 4 10 8 5 3 9 10 8 7 10 9 4 6 9 3 4 2 4 9 9 10 7 8 3 5 7 8 8 7 1 10 9 5 6 9 9 4 7 10 6 5 3 7 1 3 1 1 2 1 7 2 4 3 2 10 1 10 
5 1 8 6 10 3 9 4 3 9 3 10 5 6 5 7 9 3 1 2 3 5 6 4 10 9 9 10 5 4 6 3 9 6 8 8 7 7 6 6 3 8 6 0 6 2 1 9 7 6 6 3 4 1 10 9 7 10 1 7 10 8 6 8 7 1 9 10 2 1 2 3 9 8 10 2 6 7 8 2 10 9 4 1 1 9 7 5 3 3 5 10 1 4 10 7 2 10 3 9 7 10 10 4 4 9 8 10 1 8 6 10 1 9 1 10 8 9 5 10 2 6 10 4 10 10 8 1 5 1 2 5 6 1 2 4 8 6 10 7 7 2 1 8 10 1 8 5 5 2 
3 7 10 2 7 6 4 2 1 5 10 4 4 8 1 9 3 10 10 10 9 4 8 2 10 6 8 8 1 8 4 10 5 8 8 9 5 4 5 4 7 5 9 8 0 9 3 3 6 8 6 5 9 5 4 9 6 4 7 5 2 9 9 4 10 3 9 6 7 6 4 1 4 7 6 6 7 10 5 2 5 10 6 4 10 3 1 7 6 3 8 2 3 2 6 7 7 5 10 10 2 8 9 2 1 10 4 9 4 4 2 6 10 6 3 4 10 2 3 2 9 1 3 9 9 9 9 10 8 7 8 9 2 9 9 10 8 10 3 4 1 10 8 10 9 5 7 7 8 6 
1 7 4 9 8 5 7 3 9 2 1 7 6 6 9 4 4 2 2 5 2 7 1 10 10 6 8 2 6 7 4 10 1 8 8 7 6 1 1 1 8 8 6 10 10 0 6 5 6 5 7 1 8 4 5 2 9 1 1 8 3 4 8 4 4 9 7 3 2 5 8 3 1 10 1 3 10 2 1 1 7 9 8 6 6 9 2 6 5 4 2 7 6 2 10 9 7 9 7 7 3 8 10 9 2 8 8 1 10 3 6 8 9 2 9 8 7 7 3 1 6 2 5 10 6 5 7 6 5 2 3 7 6 4 5 10 5 9 7 10 6 9 8 4 1 4 8 5 6 10 
7 8 3 9 5 5 9 8 4 6 9 8 3 3 10 9 6 3 4 8 3 10 8 10 3 5 4 2 10 8 4 5 6 6 3 9 9 7 4 6 8 8 2 9 9 5 0 3 3 6 5 7 4 2 1 2 4 5 2 7 4 6 2 4 5 5 8 3 4 10 10 3 3 5 2 4 10 4 3 4 8 9 4 10 10 6 2 9 5 2 8 10 4 10 7 6 7 2 9 6 4 2 6 7 9 2 3 3 7 7 9 3 8 2 4 2 3 6 5 3 10 1 10 4 7 8 1 2 4 7 9 9 7 3 3 9 7 10 7 7 1 5 7 9 5 2 4 3 9 10 
6 4 6 10 1 9 10 8 7 5 1 1 9 7 10 10 4 4 4 4 2 5 9 6 1 8 2 1 4 2 9 3 2 8 6 4 9 1 10 1 8 4 3 4 4 7 3 0 5 7 3 2 7 6 8 10 3 2 7 1 8 4 1 8 3 3 6 8 3 4 5 8 5 7 5 6 4 7 7 9 6 4 5 2 3 5 7 6 7 10 1 2 9 3 5 10 4 1 8 1 9 2 9 3 6 3 6 4 5 6 7 10 7 4 1 6 9 1 9 1 6 6 2 4 7 1 6 6 10 9 6 1 2 9 10 5 7 8 6 5 3 8 1 2 2 3 5 1 7 5 
2 4 8 5 7 7 9 1 2 8 5 9 8 5 5 6 10 10 1 5 4 1 9 2 6 4 1 3 7 8 1 5 8 6 3 10 1 7 4 8 4 8 10 10 1 2 4 9 0 7 6 2 2 5 1 4 3 9 1 3 9 9 10 9 3 3 6 8 7 1 7 8 7 8 3 3 10 8 3 3 9 2 5 4 1 7 7 8 2 6 4 2 6 4 1 2 3 9 1 1 4 1 3 4 3 5 8 7 7 2 7 4 5 5 8 1 1 6 6 4 1 1 1 10 8 3 9 8 1 3 10 2 9 10 10 7 2 10 8 2 4 6 1 2 5 10 10 4 6 7 
5 4 4 4 4 8 7 10 8 8 7 2 5 5 3 3 8 9 9 5 10 8 5 3 6 3 6 5 9 7 2 2 4 9 4 5 1 7 1 10 5 10 4 8 2 3 6 4 6 0 8 6 4 9 2 3 2 5 1 3 3 2 3 1 8 4 8 4 8 5 4 9 8 10 10 3 2 7 9 3 7 4 2 1 7 5 4 7 5 9 7 10 5 9 4 6 9 2 1 1 7 9 1 4 10 9 3 10 1 10 3 1 7 8 2 2 2 2 10 10 6 10 8 6 5 4 8 5 2 4 9 2 1 9 4 9 4 3 10 6 3 6 9 10 6 9 4 2 3 2 
8 4 7 4 1 5 2 4 4 4 4 6 7 5 6 9 2 6 1 10 2 8 5 8 5 3 5 1 4 5 7 6 8 6 2 1 8 3 8 3 9 7 3 3 2 7 8 10 2 8 0 4 5 10 8 7 5 8 4 10 8 10 10 2 4 10 9 10 8 6 8 2 7 7 4 5 8 10 1 1 8 3 10 2 9 5 10 6 8 8 3 3 7 7 10 4 8 3 8 6 9 6 4 3 9 10 3 8 4 3 5 9 4 8 8 1 8 6 4 6 7 1 8 4 8 9 8 10 3 7 2 4 5 7 6 8 8 8 10 6 4 6 7 3 8 9 1 2 7 3 
3 5 10 1 1 5 7 9 8 7 8 5 4 9 5 1 9 9 3 5 3 7 6 8 5 10 4 6 9 6 7 5 8 8 2 6 1 1 6 6 9 4 6 6 7 7 5 5 5 4 8 0 3 1 10 10 10 1 6 2 4 10 10 3 8 1 6 10 3 4 7 9 3 9 4 4 10 8 3 3 7 1 10 10 5 5 10 10 4 3 5 10 5 3 8 1 3 6 4 9 8 1 2 8 7 10 4 9 10 4 1 7 8 9 2 10 10 3 6 10 8 10 9 5 4 5 2 1 1 8 4 4 3 10 2 2 6 3 6 9 2 5 8 5 4 6 7 4 8 10 
6 10 8 6 3 9 6 9 6 7 10 5 3 10 1 7 10 10 9 4 3 10 3 5 10 5 3 10 5 4 6 5 2 1 3 2 3 6 9 8 2 4 2 9 9 7 10 5 2 2 7 7 0 7 6 8 7 6 3 4 2 9 10 10 3 1 9 5 10 1 8 2 8 3 1 10 6 4 4 8 10 8 8 10 6 6 9 4 1 3 8 9 6 6 9 9 10 6 9 4 6 4 9 9 6 4 9 2 8 5 9 5 8 4 5 7 8 6 1 8 1 9 1 7 3 4 7 2 4 6 8 1 1 7 10 9 3 1 8 3 4 5 8 10 5 4 5 10 10 10 
2 3 6 8 1 1 7 2 6 2 6 2 1 6 3 5 4 2 6 8 3 7 8 1 4 3 4 4 3 1 8 2 1 6 7 5 8 9 3 2 9 10 6 7 7 6 7 8 5 8 1 6 3 0 9 4 4 10 2 6 5 2 6 7 3 3 9 4 2 10 3 4 9 5 9 9 6 6 5 4 8 8 5 6 1 2 6 6 5 8 1 5 9 10 2 6 6 3 6 7 8 3 2 5 7 7 10 10 5 9 2 6 4 3 4 8 10 4 8 2 4 10 5 10 8 2 7 9 7 3 7 8 4 1 3 10 2 4 10 3 4 2 6 8 6 3 2 6 9 9 
6 2 9 3 8 10 4 2 1 10 10 1 8 10 1 9 5 5 4 4 2 10 9 5 3 4 6 2 9 8 10 8 9 7 10 5 3 3 4 7 3 7 4 4 9 8 7 5 1 7 7 1 8 8 0 6 2 9 5 2 6 7 8 8 5 5 1 10 2 10 4 3 8 10 9 5 3 5 10 2 7 2 2 10 1 8 5 8 8 10 2 5 3 3 8 9 3 10 3 8 4 3 7 9 8 4 5 5 8 1 4 6 9 9 2 6 2 4 3 8 3 5 8 9 10 1 1 3 10 2 9 5 9 1 2 4 9 7 8 4 2 1 10 6 9 10 10 9 2 9 
6 1 9 4 1 10 5 10 5 10 6 5 10 7 7 8 3 9 4 3 5 6 8 8 5 4 1 1 2 7 2 6 8 6 8 9 4 8 8 7 2 9 9 4 1 5 7 1 10 5 4 6 7 1 7 0 10 10 1 5 2 7 7 8 2 6 8 2 6 5 10 8 1 6 2 7 10 1 8 3 5 5 3 6 1 9 7 4 1 8 1 9 5 2 2 7 3 9 6 7 7 9 7 2 8 5 7 10 10 6 10 8 6 2 9 9 3 3 1 3 10 1 2 2 3 10 3 9 7 3 5 6 8 4 2 4 10 3 2 6 3 1 1 9 1 10 3 1 2 3 
4 6 1 5 4 5 4 7 10 1 10 7 3 7 3 5 6 3 4 9 10 10 5 5 8 7 2 8 1 4 5 10 8 4 6 7 4 9 1 3 7 5 1 10 1 2 8 10 1 1 9 3 8 2 1 6 0 10 8 3 10 5 6 7 2 7 7 1 9 3 2 3 5 2 2 4 1 8 10 5 6 4 1 1 6 9 3 9 5 10 8 7 5 7 4 4 5 6 2 9 8 2 8 8 3 5 8 2 6 5 8 7 6 6 1 7 7 3 10 10 2 6 4 5 7 7 4 9 7 3 1 5 4 1 7 2 7 5 8 7 5 5 1 7 10 3 5 9 4 3 
1 5 7 1 2 2 7 9 3 7 9 6 4 3 8 4 8 2 6 4 6 10 2 5 1 4 9 2 9 6 2 7 9 9 6 4 9 5 2 2 6 8 7 8 8 4 1 4 3 2 7 4 1 5 9 7 4 0 7 3 6 6 1 9 4 1 3 8 2 3 9 9 7 6 9 2 10 5 5 10 9 10 6 10 5 2 6 9 9 5 3 7 7 8 5 7 3 3 9 6 5 3 10 2 9 2 1 2 7 10 9 4 9 5 9 4 4 5 2 6 5 3 8 2 4 10 8 8 9 4 10 4 3 1 4 7 6 7 7 7 9 3 8 2 9 2 1 7 6 2 
5 3 4 2 1 9 8 4 7 7 9 3 9 3 1 2 2 3 1 4 3 4 4 10 8 5 7 3 1 2 8 1 9 10 8 1 10 9 10 9 10 6 8 3 7 4 3 3 1 1 5 9 3 3 8 2 9 7 0 7 5 1 6 6 10 5 2 9 6 2 7 7 6 2 9 8 5 2 1 6 10 10 8 5 1 9 6 9 10 3 9 10 7 8 10 4 3 1 3 7 8 2 2 9 3 3 3 6 10 3 7 7 4 3 2 7 5 3 7 7 10 7 10 3 4 10 10 9 7 8 4 6 3 9 4 10 2 4 9 9 2 9 4 5 3 7 4 6 2 9 
4 8 8 4 5 1 2 9 1 2 5 9 8 7 4 7 7 6 9 4 7 2 3 7 8 9 9 10 1 10 8 4 2 6 3 9 9 9 2 6 2 6 9 6 9 3 6 3 9 6 10 9 4 7 10 3 5 6 8 0 6 9 3 5 7 6 2 8 9 1 6 5 5 7 4 3 7 2 10 8 3 7 1 9 10 6 7 6 7 9 6 7 7 7 10 9 4 3 9 5 1 2 6 3 1 2 7 6 10 2 2 6 9 1 1 1 10 4 2 5 9 4 2 3 10 2 7 10 6 5 2 2 5 9 4 6 5 5 8 7 10 9 5 1 5 10 7 4 9 7 
7 8 2 7 5 7 4 7 9 9 5 7 5 10 2 2 1 8 1 10 7 6 6 6 8 7 3 9 6 7 9 6 2 8 6 8 5 2 2 9 8 9 9 5 9 9 10 7 10 7 10 4 10 5 6 1 1 2 2 7 0 10 8 6 1 3 3 8 7 8 4 2 9 9 3 2 5 1 9 10 3 6 4 1 6 4 1 8 8 1 7 1 10 4 1 5 4 8 8 3 8 10 4 4 8 7 4 7 3 7 2 4 5 7 10 8 10 9 6 1 1 3 10 5 2 5 2 7 5 7 1 5 7 6 7 2 3 5 5 1 2 2 5 8 9 8 9 3 2 5 
6 2 9 6 4 5 8 6 2 10 8 1 6 8 1 1 4 10 5 1 10 3 3 6 9 9 6 5 10 2 9 3 2 2 10 10 1 2 5 7 5 5 10 1 10 2 6 5 4 10 6 9 1 8 9 6 1 9 4 3 7 0 8 6 4 4 7 5 4 1 1 7 1 10 3 7 10 5 9 10 2 4 10 10 2 10 1 4 3 10 4 2 10 4 6 1 6 5 10 8 1 4 9 8 8 5 9 9 3 6 7 4 7 5 8 3 2 5 6 5 1 3 2 6 2 2 2 2 5 6 10 10 1 3 4 7 9 5 8 1 1 4 2 5 4 8 6 9 9 6 
2 4 4 3 2 5 2 10 4 3 5 1 8 3 9 3 1 8 1 7 7 6 6 6 8 7 1 5 4 1 4 5 9 5 4 4 8 4 8 9 2 6 7 7 10 6 1 2 5 7 8 9 10 3 10 4 3 8 6 7 4 1 0 5 2 1 10 3 5 5 9 9 1 3 3 3 4 8 8 10 3 4 5 1 1 5 1 9 3 5 8 2 4 10 10 3 2 8 3 2 1 3 2 3 5 9 3 9 3 1 6 8 6 2 7 2 10 9 9 4 4 8 3 7 5 7 8 8 7 2 4 1 3 4 1 4 6 7 6 9 3 9 1 8 8 9 3 8 1 9 
6 8 10 1 1 6 6 4 2 10 5 7 8 5 7 8 6 9 6 6 3 1 7 7 7 5 8 5 7 6 5 6 9 7 2 6 3 1 2 4 1 8 6 6 3 6 10 3 2 9 2 3 9 10 3 5 10 1 9 9 2 7 2 0 5 4 6 8 10 8 5 8 9 5 5 8 7 3 3 6 1 5 5 6 9 7 2 6 1 1 6 7 3 3 8 8 10 9 4 1 8 8 9 7 9 3 7 10 10 6 10 3 9 1 1 9 3 3 8 9 8 4 8 2 10 3 9 7 1 9 3 5 10 1 1 10 5 2 1 6 5 10 10 10 1 2 8 4 7 10 
6 8 4 9 2 5 6 10 2 6 10 8 4 8 7 10 8 9 3 4 7 3 10 2 8 10 10 2 3 1 4 5 4 9 2 5 9 2 10 2 2 6 8 3 6 2 4 9 7 6 10 5 4 9 10 10 8 1 2 2 10 3 6 6 0 5 9 4 6 7 9 4 4 9 5 5 3 1 5 4 1 10 4 8 5 8 6 1 1 4 5 6 5 9 1 3 3 7 2 1 1 2 2 10 7 1 6 4 5 7 10 8 2 6 6 7 7 2 1 7 10 1 6 6 4 2 3 1 2 8 7 10 9 1 3 3 6 7 3 1 10 6 9 5 5 1 1 3 6 9 
6 4 6 7 4 3 2 10 8 10 3 8 3 2 8 9 6 2 7 4 5 5 6 8 3 1 7 4 4 8 4 2 5 9 1 3 1 1 3 3 7 4 9 9 5 4 3 5 8 2 7 8 6 8 1 5 3 2 5 6 10 4 9 1 7 0 2 5 10 6 4 8 8 3 1 5 7 8 2 5 6 6 8 4 10 10 4 7 1 5 2 1 7 5 2 9 7 3 1 6 7 3 9 4 8 2 2 10 6 10 3 1 5 9 4 5 4 1 2 3 5 4 3 8 5 1 9 8 3 5 10 1 10 4 10 1 3 10 2 8 1 6 5 3 2 7 2 8 5 7 
7 1 4 3 6 7 10 2 6 4 3 10 3 7 5 4 4 4 9 7 2 5 6 8 4 3 5 9 4 6 2 10 10 1 1 6 3 7 5 2 2 5 3 5 1 4 8 1 10 1 9 5 6 8 4 10 6 6 2 1 6 10 7 10 2 5 0 8 3 10 3 1 2 1 5 3 10 3 8 10 4 4 7 2 9 4 6 4 10 10 10 4 9 8 5 7 10 9 6 8 1 1 10 9 2 2 5 9 9 6 8 6 6 8 4 3 1 9 8 2 2 1 7 1 10 7 9 8 2 6 9 4 7 6 9 7 5 6 10 1 1 6 3 6 8 1 10 7 9 8 
6 7 3 2 8 6 8 3 1 7 8 10 5 9 5 3 5 9 6 7 7 1 3 9 6 4 7 2 2 8 5 10 2 4 6 4 5 1 8 1 9 5 2 7 9 7 4 5 5 10 4 3 8 5 4 6 4 6 9 2 9 2 5 8 10 5 7 0 3 6 9 6 8 7 2 7 3 7 6 1 3 4 7 4 9 1 1 7 9 3 1 10 8 3 8 10 1 5 8 7 3 4 4 7 3 9 8 3 1 9 1 7 10 3 6 4 5 3 10 2 9 1 7 8 3 1 4 6 4 3 1 10 6 1 1 4 10 4 9 1 7 3 6 9 5 6 5 9 10 3 
10 2 5 10 4 1 6 2 5 5 4 9 9 10 7 10 2 1 5 5 2 5 10 5 10 8 7 4 4 4 7 7 9 7 3 3 8 4 7 4 2 9 5 10 5 1 1 4 2 7 6 9 9 3 2 3 10 3 1 3 10 10 2 7 10 9 3 10 0 10 9 10 1 2 4 5 9 2 2 10 8 6 7 5 3 3 7 9 9 2 6 8 9 8 3 10 10 3 4 10 2 3 9 7 8 7 8 5 9 3 10 2 1 6 2 6 6 7 8 8 7 5 10 6 8 10 3 6 2 5 8 9 3 9 9 2 9 2 8 9 10 5 8 1 3 9 1 3 5 8 
9 3 9 9 3 8 6 2 9 9 5 9 2 10 2 8 3 7 7 7 8 5 1 7 1 3 2 8 3 10 8 6 9 1 10 7 6 8 1 7 9 10 4 3 2 1 10 8 5 1 1 10 5 1 1 2 9 10 6 9 9 1 8 8 8 2 2 9 3 0 8 7 2 1 1 3 9 5 9 7 10 10 2 1 3 1 1 1 8 4 6 1 3 9 2 4 7 6 2 8 9 7 4 3 2 7 1 3 2 1 9 6 1 3 3 9 10 2 1 9 4 9 8 3 8 7 10 1 3 1 1 3 4 1 2 6 7 7 3 1 7 2 10 4 8 9 6 7 3 4 
2 10 6 1 3 7 2 7 2 1 7 5 9 10 10 9 5 1 1 2 10 7 7 6 8 7 8 5 10 4 4 5 5 7 6 2 6 7 8 1 7 8 7 1 4 3 9 6 8 7 8 2 9 10 1 4 3 5 5 3 8 6 7 6 9 5 7 1 8 4 0 5 1 5 9 2 8 4 8 3 6 5 6 2 8 1 6 4 7 7 8 3 10 8 9 5 6 10 3 3 3 6 9 1 4 3 1 1 3 10 2 5 6 5 7 10 5 5 10 10 10 2 3 4 10 9 6 8 7 3 4 6 9 7 1 4 8 9 5 5 10 4 8 9 2 9 7 2 2 1 
8 3 5 7 8 4 8 2 3 1 3 10 6 10 8 9 4 4 2 6 1 3 5 2 1 2 9 6 2 3 2 2 4 2 2 1 3 5 6 4 2 3 2 8 7 8 2 6 8 1 5 9 8 6 5 10 9 1 9 7 3 9 8 1 9 5 4 5 10 5 1 0 3 5 2 3 4 7 5 4 5 5 2 5 6 4 8 10 3 3 10 4 7 9 1 10 9 1 9 4 7 1 6 6 6 7 8 4 10 1 2 4 9 8 1 6 1 7 9 8 2 7 3 9 4 6 1 1 7 7 5 9 3 1 2 4 3 10 4 5 4 1 7 8 8 3 4 1 4 9 
5 4 4 4 8 9 4 6 7 7 10 6 1 3 8 1 5 6 1 6 3 6 7 1 3 6 7 2 5 4 10 10 5 4 10 8 6 4 1 8 5 9 2 3 5 3 4 9 8 3 4 9 5 3 5 1 1 8 6 4 2 1 4 9 10 9 8 2 4 3 6 2 0 5 3 9 3 7 7 7 2 8 6 10 8 8 4 1 8 1 10 2 10 7 9 10 3 1 7 10 6 7 6 4 2 2 3 4 9 1 7 2 9 3 2 5 3 7 7 6 4 4 1 3 5 7 2 5 3 7 3 1 2 6 3 5 3 10 8 7 2 1 2 3 9 6 5 6 5 6 
8 3 6 6 7 2 3 8 2 8 2 6 5 8 3 3 4 2 9 2 2 1 1 6 1 5 4 2 10 5 8 1 7 6 8 5 5 1 4 1 8 2 4 4 9 7 5 6 3 6 6 9 3 5 3 9 9 2 4 9 4 1 2 3 3 3 5 4 7 6 9 2 3 0 8 8 1 9 8 9 5 5 9 7 5 5 1 2 3 1 9 3 6 8 9 5 3 6 3 3 10 10 6 7 5 10 10 5 8 10 8 2 9 6 10 3 9 10 5 6 9 8 8 9 7 1 4 5 1 4 2 5 2 3 4 8 2 4 10 7 4 4 10 9 9 7 9 6 8 3 
5 9 10 6 1 10 5 1 1 5 4 6 8 4 9 8 7 1 5 4 7 4 6 3 6 6 9 8 1 3 10 8 5 4 8 9 5 4 5 1 1 6 1 4 3 6 2 7 5 5 3 7 6 1 6 10 10 2 4 8 5 3 6 5 5 10 2 5 9 1 2 1 10 2 0 9 6 8 9 4 2 10 4 10 5 10 8 1 1 8 6 2 6 5 6 1 1 2 7 6 5 4 6 1 6 8 9 8 10 9 7 4 8 9 6 3 5 1 10 7 8 8 5 4 7 7 6 3 6 4 10 9 3 7 6 7 3 1 7 10 6 10 3 1 10 5 7 3 9 8 
5 5 9 5 1 3 3 10 6 1 9 8 3 8 5 6 4 5 9 9 5 8 10 6 2 8 3 6 9 7 6 7 3 8 4 7 9 9 5 1 5 8 5 3 8 10 9 7 4 6 1 3 3 9 8 1 8 8 7 5 10 7 7 1 1 4 7 4 2 1 3 7 9 2 4 0 3 6 9 4 3 10 8 6 5 7 5 5 10 6 6 9 5 10 8 8 2 5 4 2 9 2 10 8 5 6 3 6 5 2 5 9 2 3 2 6 4 9 9 10 7 1 4 4 1 6 4 4 6 5 10 3 6 7 2 7 7 4 9 6 1 5 1 9 2 7 4 10 9 4 
3 7 2 8 10 7 9 1 10 10 9 4 9 10 1 2 3 4 7 6 1 4 2 10 1 8 3 8 3 5 6 2 9 1 4 1 5 6 10 1 3 6 1 3 8 10 4 6 7 8 9 10 7 9 2 5 2 5 5 1 9 4 2 9 1 7 4 6 9 1 4 7 7 9 9 10 0 2 10 4 10 3 5 7 5 4 8 1 4 3 8 2 6 6 1 8 1 2 6 8 3 1 1 9 4 5 6 10 10 1 4 10 3 4 4 4 4 4 6 4 10 2 10 1 8 7 7 10 2 1 3 2 2 9 10 3 2 9 2 6 1 5 6 3 2 9 7 4 5 7 
9 10 4 2 1 3 2 8 9 6 4 7 3 6 5 3 4 7 1 1 6 4 1 3 2 2 5 6 3 8 6 5 9 8 5 1 9 2 6 2 8 7 10 1 7 9 4 8 8 4 7 3 3 9 5 3 1 10 5 9 7 1 3 8 2 2 4 8 10 9 9 10 8 1 5 2 6 0 1 5 2 8 10 4 7 9 2 4 7 3 5 7 5 1 4 7 5 10 5 4 8 5 3 7 10 10 2 9 3 7 4 7 5 7 3 7 6 5 7 1 3 4 8 4 9 7 6 2 9 9 8 2 1 2 6 3 4 10 8 8 2 6 10 10 5 4 6 5 10 2 
10 4 2 2 9 4 5 5 8 10 8 4 10 7 4 1 5 5 7 2 2 9 6 7 4 7 5 6 7 7 4 2 4 1 9 8 1 10 6 3 3 1 5 2 4 3 5 7 2 7 4 5 1 4 2 3 1 9 1 1 1 6 4 10 5 3 7 1 2 2 1 1 7 1 6 9 7 3 0 9 3 4 5 1 9 4 4 8 8 3 3 10 4 10 8 7 5 9 7 7 6 2 8 2 10 10 9 9 3 6 3 9 5 8 10 1 5 8 2 8 4 6 6 7 5 6 1 7 5 6 2 4 4 2 7 5 2 4 6 9 8 3 10 2 2 5 7 10 3 7 
2 10 3 5 9 7 8 1 5 9 7 10 3 1 8 3 2 10 3 7 5 4 10 1 8 7 10 6 4 6 9 2 10 10 5 6 7 2 5 1 6 9 9 8 10 1 9 3 6 3 4 8 9 6 5 4 4 9 7 6 1 9 2 1 7 3 9 4 1 3 3 8 9 9 4 10 5 10 1 0 8 2 9 4 5 7 5 4 3 4 5 5 3 2 5 4 6 7 2 8 3 9 1 10 1 6 7 3 1 9 2 7 1 4 7 9 8 5 6 10 8 6 9 3 1 9 10 2 2 10 2 9 7 10 3 9 3 8 6 1 1 4 5 10 9 9 10 5 9 5 
9 5 7 5 8 4 1 7 2 7 3 9 6 9 2 4 4 10 5 2 8 10 3 8 3 2 8 2 2 6 3 7 5 6 9 2 9 1 10 2 10 7 6 8 7 4 5 4 4 2 8 2 8 8 5 8 10 5 3 10 8 2 6 6 8 1 4 2 7 4 9 8 7 3 1 1 5 4 3 7 0 2 5 5 7 6 6 10 9 10 1 7 4 5 8 9 3 6 8 5 1 9 7 8 6 3 3 10 8 8 6 1 4 3 6 1 7 6 8 10 8 10 1 6 3 6 10 9 5 1 8 9 10 2 9 7 1 5 6 9 7 10 6 8 6 3 9 8 9 1 
4 3 1 9 7 1 9 10 7 9 6 7 4 5 1 2 4 5 5 7 1 3 3 3 10 6 4 6 10 1 6 9 6 4 8 8 1 5 10 6 8 10 8 4 7 7 5 4 5 2 10 3 3 5 10 8 9 3 10 2 6 6 4 9 1 1 7 3 6 1 2 9 5 7 3 5 9 9 1 8 4 0 1 10 6 2 4 10 5 5 7 5 10 9 5 3 9 9 8 2 4 4 9 3 2 10 2 3 2 3 7 1 6 9 3 7 1 7 5 2 10 4 2 2 2 9 3 1 1 5 1 5 4 1 6 9 2 6 4 3 9 6 10 1 1 3 4 3 3 3 
8 7 9 7 7 4 3 5 7 10 4 10 5 1 9 2 8 4 6 9 1 8 3 5 10 3 1 6 5 1 1 6 6 5 10 6 4 1 9 7 8 8 4 3 6 2 6 9 1 7 9 8 10 7 5 3 3 8 8 10 8 5 1 9 3 10 9 2 5 3 8 10 7 4 6 9 4 10 9 7 7 8 0 4 6 4 6 5 4 5 2 9 6 6 1 6 7 5 10 7 7 5 10 5 9 9 10 5 6 2 8 4 6 5 9 9 6 2 3 1 2 1 10 5 1 5 4 4 8 6 1 7 6 8 1 1 9 4 9 3 10 7 8 4 8 7 10 3 8 2 
3 4 1 1 1 1 10 9 5 2 2 1 7 3 3 10 4 7 3 6 7 1 2 9 7 4 6 9 8 5 5 1 3 6 9 8 6 10 5 4 8 6 6 2 2 4 8 7 10 8 7 4 2 6 9 10 2 6 3 1 4 5 7 8 9 3 7 10 3 8 1 7 9 2 8 9 10 1 1 9 6 7 9 0 6 3 2 5 1 9 6 6 9 6 8 7 7 1 3 4 8 6 6 5 2 10 7 4 10 4 1 1 9 6 9 7 8 4 6 8 2 6 1 7 7 7 3 4 6 2 4 4 5 9 1 5 2 3 2 6 10 4 10 7 2 4 8 7 6 10 
7 10 1 10 1 8 5 8 5 2 4 2 7 7 4 4 3 9 5 3 9 1 5 4 2 6 4 2 5 2 6 2 6 6 6 5 8 5 4 2 1 5 4 4 6 7 7 4 3 5 3 1 8 7 8 7 4 10 2 7 8 9 7 7 6 5 10 1 6 5 6 3 3 8 8 4 4 2 1 7 7 5 3 8 0 3 4 10 10 6 8 7 1 2 1 5 10 4 1 1 6 5 1 9 6 5 2 5 5 10 5 8 1 1 8 7 4 6 6 1 9 4 2 7 4 1 9 4 5 3 8 4 6 10 4 1 3 6 1 4 8 4 9 3 10 10 8 10 4 8 
8 6 10 3 4 3 6 8 8 2 7 8 4 2 8 10 10 4 4 6 7 10 4 10 6 9 5 10 9 4 5 6 6 8 1 7 6 1 8 1 8 6 2 10 6 4 6 2 5 9 2 5 1 8 3 5 9 1 7 10 9 6 8 5 4 4 4 2 5 3 1 10 2 3 8 5 2 2 6 4 7 7 4 3 7 0 10 10 8 6 1 1 1 1 8 7 10 10 7 8 6 10 3 5 6 2 2 9 10 5 1 6 1 2 1 9 1 4 10 9 1 6 7 9 7 3 9 8 5 9 3 8 5 1 4 3 4 9 7 4 2 4 5 4 9 8 1 10 9 1 
2 2 6 2 2 3 9 10 6 5 2 2 7 10 8 7 6 1 7 1 1 2 8 2 1 10 2 9 8 7 5 7 4 1 5 8 2 10 7 1 4 6 9 5 8 6 7 1 8 1 4 4 4 3 6 5 9 7 3 2 8 1 10 8 8 1 5 4 4 2 3 7 10 9 1 4 7 1 10 6 6 1 4 7 3 4 0 8 10 5 8 1 9 5 3 7 1 2 3 8 7 9 3 2 8 9 4 6 5 4 5 2 2 7 3 1 1 2 3 8 7 6 5 9 9 6 8 8 9 5 9 9 7 10 8 2 1 5 10 5 2 8 4 10 2 2 9 10 4 9 
1 1 8 3 7 4 9 10 7 9 8 3 9 9 2 8 6 1 10 7 9 8 2 9 6 3 9 3 4 8 6 9 5 3 7 3 5 1 2 4 9 8 10 1 2 9 1 3 5 10 2 5 9 3 5 1 3 6 5 2 7 5 1 2 4 9 2 9 5 4 5 7 5 1 9 3 1 3 9 1 8 4 1 3 2 9 9 0 10 10 6 3 5 7 9 7 5 10 5 4 9 7 2 8 2 7 3 9 2 5 10 9 10 9 9 7 2 1 6 1 2 8 6 4 4 9 7 10 10 3 5 7 10 6 6 5 3 5 5 8 7 1 8 2 10 1 7 2 8 2 
8 1 6 5 4 3 9 5 7 5 2 5 5 4 9 3 6 10 3 2 4 7 8 10 2 8 1 1 2 8 6 1 1 10 3 9 7 5 2 6 1 1 3 1 2 10 10 3 1 4 2 9 10 2 6 10 8 2 6 8 2 7 2 3 6 6 9 4 7 7 2 7 8 7 5 6 7 4 8 9 6 8 10 9 9 9 8 2 0 5 1 6 7 9 9 10 8 1 2 8 6 3 3 2 7 6 7 7 1 1 9 1 10 9 1 5 8 7 8 4 4 4 6 8 7 6 1 6 4 3 5 6 1 8 3 9 10 10 10 7 9 1 10 3 8 9 2 6 7 6 
7 9 1 4 6 8 10 3 2 5 3 7 5 9 2 3 2 3 10 3 3 8 5 6 8 5 2 10 5 4 5 4 2 6 1 10 9 5 2 4 3 10 4 3 3 4 9 3 9 9 8 4 10 8 6 2 6 7 7 4 8 5 6 1 2 8 9 4 9 1 10 4 1 5 6 8 2 10 4 6 4 5 4 10 7 4 9 5 4 0 4 7 6 2 4 3 6 1 9 6 3 5 4 5 10 9 1 3 6 4 3 2 3 10 5 4 2 10 2 2 2 5 3 7 7 9 8 8 10 10 2 3 6 1 9 5 8 2 1 1 3 8 1 3 4 9 9 5 2 9 
1 8 8 6 2 5 9 1 7 8 9 9 9 1 2 2 5 4 7 7 5 9 8 5 4 9 3 2 3 7 8 5 4 10 5 4 2 4 10 6 8 4 5 1 5 5 2 2 7 5 3 5 5 10 6 5 7 6 4 6 4 1 6 3 4 4 7 6 6 3 8 1 7 1 4 8 9 6 6 6 8 10 9 7 3 10 3 1 8 6 0 9 5 7 7 3 2 9 5 3 1 3 6 2 3 6 1 5 1 7 3 8 9 7 6 4 10 7 1 4 4 6 10 8 2 4 6 4 3 5 3 1 8 3 5 5 9 4 6 6 10 8 10 10 3 7 3 3 8 9 
2 6 8 9 7 4 6 8 8 3 3 8 4 8 8 6 10 3 1 6 1 3 9 7 5 6 2 4 6 7 9 5 2 7 9 5 5 2 7 8 10 10 3 2 5 5 6 6 5 5 5 8 4 7 2 2 10 9 10 5 3 10 8 2 6 2 8 7 6 9 6 1 8 3 1 10 9 1 5 10 8 6 5 10 6 2 3 9 10 6 6 0 5 9 7 8 4 1 1 1 8 3 10 7 4 2 9 3 8 7 5 10 1 3 1 10 1 2 7 8 7 4 7 9 4 6 7 2 4 4 1 1 6 3 9 1 2 9 8 9 8 6 4 5 7 1 3 10 6 3 
10 9 9 8 9 1 6 1 6 8 10 4 4 2 5 8 8 9 1 10 4 6 6 9 6 10 1 5 10 3 10 10 4 10 2 5 5 9 10 7 2 10 8 10 5 6 3 9 3 2 1 7 4 10 10 5 7 2 8 4 7 8 1 10 2 8 2 10 3 10 9 1 2 8 2 6 3 10 8 1 2 5 2 8 9 7 9 6 8 4 7 6 0 7 7 8 8 10 8 7 9 3 4 5 8 7 7 9 9 9 5 5 9 9 7 2 5 3 6 7 3 8 1 2 1 3 8 7 7 2 9 10 2 8 8 6 10 10 2 4 1 1 3 6 7 1 4 6 5 9 
4 2 2 4 10 3 4 6 9 6 7 4 5 6 2 10 10 8 3 9 2 3 1 10 6 10 5 9 9 2 5 5 5 7 2 7 5 6 9 4 7 4 3 2 3 1 8 3 5 7 8 2 6 8 10 4 8 1 4 10 7 1 8 8 2 6 6 5 6 9 8 6 10 1 5 2 1 7 5 1 8 4 1 10 2 6 6 8 2 1 4 9 9 0 7 6 9 8 3 7 2 6 6 2 8 3 1 9 4 7 3 2 4 3 5 9 10 4 9 10 4 6 4 7 1 5 1 3 3 1 5 4 3 3 3 7 7 8 4 5 6 8 7 1 10 7 7 5 6 9 
10 7 9 3 3 4 3 7 2 1 2 10 2 6 4 2 9 2 3 10 3 10 8 7 9 8 1 4 5 8 5 2 5 3 6 3 9 9 6 1 6 9 10 2 7 10 4 1 9 9 6 8 5 8 9 10 7 3 4 10 4 10 5 5 5 2 9 2 8 9 6 8 6 3 7 10 5 1 9 8 8 3 6 7 2 7 8 8 10 1 4 10 5 3 0 10 7 8 1 7 10 5 4 4 7 5 6 1 9 5 6 10 10 4 5 8 3 10 1 6 10 4 9 2 3 9 3 4 2 7 3 2 4 10 10 5 5 2 4 8 10 5 6 9 3 6 7 5 10 4 
9 3 4 8 9 8 2 6 5 2 8 7 10 7 3 2 4 6 3 3 6 10 5 4 6 10 1 10 3 8 1 8 2 5 4 4 6 3 2 6 3 7 2 9 1 8 7 9 10 6 6 1 1 5 9 2 3 6 5 6 6 1 3 9 8 4 5 3 7 10 4 7 3 10 2 3 3 4 10 6 3 6 3 5 2 3 7 4 2 4 4 3 7 9 7 0 7 5 4 10 10 4 6 4 10 10 10 8 1 5 3 3 4 1 5 2 3 2 2 9 3 1 10 5 4 5 10 10 6 1 10 7 1 9 10 9 8 2 2 8 7 2 8 7 7 2 7 4 3 2 
7 9 1 2 7 6 6 4 1 7 1 1 6 8 4 2 9 5 1 7 7 4 4 10 4 3 8 6 5 2 7 2 8 5 4 3 3 7 1 9 6 10 2 5 10 7 10 1 6 9 8 3 2 4 3 8 7 8 2 8 2 3 2 2 10 4 4 8 1 3 9 10 5 5 3 1 9 8 10 2 8 2 8 8 3 3 6 2 7 9 9 9 1 9 1 3 0 10 8 6 9 7 1 4 4 5 7 5 3 4 1 3 7 4 4 1 7 2 10 5 7 3 4 3 2 3 5 1 4 7 1 4 5 5 9 7 8 6 8 6 4 4 10 8 4 8 2 6 4 7 
1 5 10 2 4 4 10 5 6 9 7 5 3 7 5 10 7 9 6 2 4 1 8 2 2 1 8 7 2 3 7 1 7 7 7 8 7 3 6 8 2 4 2 3 4 4 10 6 4 5 2 1 9 9 6 2 5 10 6 6 8 4 2 1 6 8 3 6 5 10 7 8 10 2 4 4 5 8 9 1 6 3 1 5 2 1 5 5 9 10 4 6 1 3 5 6 2 0 4 6 8 2 8 8 9 2 5 6 1 6 10 7 3 9 3 3 7 2 2 5 1 4 6 5 6 6 2 6 7 2 10 3 6 3 10 1 6 6 5 1 9 6 6 9 6 7 10 1 9 6 
5 7 4 10 6 1 3 1 8 8 8 1 3 3 6 5 9 10 6 6 1 1 5 7 2 10 6 8 8 5 7 6 5 4 7 7 8 1 1 1 5 3 3 3 6 1 9 2 9 2 9 8 7 4 4 10 8 2 9 1 9 7 10 9 1 6 1 8 3 1 5 3 8 8 10 6 8 2 4 3 9 5 3 9 9 3 3 6 2 7 1 3 6 10 2 8 4 7 0 5 6 9 7 1 4 5 5 6 3 6 5 10 10 1 7 2 6 8 9 1 10 10 9 9 9 7 10 5 10 2 7 4 10 5 7 8 5 10 10 7 7 2 6 2 10 9 2 2 8 4 
6 8 4 4 5 1 1 9 2 2 9 4 3 3 5 8 8 1 7 6 2 10 1 8 8 7 10 5 10 10 5 5 6 10 10 3 3 6 1 9 10 6 8 7 8 10 1 5 8 7 2 4 2 6 4 7 1 5 2 4 8 9 5 2 8 8 10 6 2 8 9 2 2 2 6 1 2 3 9 8 1 2 5 1 5 6 4 8 2 8 6 3 5 6 3 10 2 9 5 0 10 2 6 5 2 10 6 4 6 8 1 3 6 9 4 8 4 3 1 7 7 1 4 10 2 5 6 8 6 7 9 8 7 3 8 3 3 7 8 1 5 4 4 1 7 9 3 4 5 7 
8 2 9 4 5 4 3 4 1 10 4 8 3 4 4 3 5 10 6 1 5 9 7 4 6 2 9 1 3 5 9 6 9 8 4 3 2 2 1 5 9 3 3 5 8 3 7 2 5 8 10 4 4 7 1 1 5 1 5 4 1 9 8 8 7 10 3 8 5 3 4 9 4 3 4 9 9 9 9 2 7 7 6 7 10 2 7 6 8 10 9 3 6 10 6 10 2 1 6 5 0 2 1 7 6 6 6 10 9 4 5 3 10 5 9 8 1 10 10 9 9 9 6 7 9 5 3 10 2 7 4 4 9 3 8 10 3 7 5 6 3 4 9 4 2 1 1 7 4 4 
2 6 5 5 1 10 7 6 9 5 7 1 7 5 9 4 8 4 5 3 6 5 6 4 1 10 4 2 4 7 1 5 10 5 5 1 7 4 5 9 3 8 4 6 7 2 4 2 10 9 3 8 6 5 10 1 1 7 1 5 5 4 5 3 7 4 9 6 5 3 3 10 9 8 6 6 1 3 2 2 5 8 6 1 3 5 4 7 9 6 10 9 10 3 5 2 9 2 6 8 2 0 9 9 1 5 10 7 1 9 8 8 8 2 5 8 8 5 5 5 1 10 1 7 8 3 4 10 3 8 5 8 4 3 8 3 4 5 7 4 6 4 3 3 1 4 3 7 9 3 
10 10 6 10 1 9 8 3 2 2 4 4 6 7 2 8 3 2 4 6 3 9 1 6 4 3 4 4 6 4 5 2 4 10 4 2 5 9 6 1 8 3 5 2 1 3 9 7 2 7 1 1 2 5 1 10 2 10 10 7 6 10 2 8 6 6 6 1 4 10 4 1 5 9 6 8 3 9 5 5 5 3 7 8 6 10 7 7 7 9 4 9 1 8 8 5 3 4 7 5 2 7 0 3 5 10 8 6 2 10 3 3 9 8 8 9 3 3 5 4 7 10 3 9 5 1 7 6 4 8 7 8 2 1 1 5 3 5 5 1 4 3 10 5 9 1 3 4 4 4 
1 6 10 2 4 7 7 10 4 9 10 10 2 10 10 7 3 3 6 7 3 5 5 4 3 2 2 8 10 5 7 8 4 5 10 8 3 6 9 8 8 2 2 9 3 2 10 10 8 1 9 4 5 9 1 10 5 10 9 9 10 2 5 1 1 4 7 3 10 7 7 5 10 8 3 2 6 9 5 7 10 9 7 6 6 10 8 6 10 4 4 3 4 7 3 3 10 3 3 2 7 7 10 0 7 9 6 6 7 10 4 2 9 1 8 5 1 6 9 4 3 3 6 9 5 1 6 3 9 6 8 10 2 4 5 2 8 8 6 7 3 1 2 3 6 1 5 1 1 4 
1 6 4 9 2 10 9 1 5 2 1 2 3 8 8 5 9 2 8 4 2 6 6 6 6 1 4 4 9 7 4 3 8 10 7 1 3 7 10 4 3 4 6 8 2 2 5 6 5 6 1 3 8 4 4 4 4 8 5 5 10 1 9 2 6 10 7 3 1 4 4 6 9 8 9 8 3 1 7 2 7 8 1 2 5 5 2 3 4 9 3 2 2 2 4 7 6 10 1 4 7 2 10 3 0 10 4 10 3 3 7 6 8 9 2 3 6 8 1 6 4 5 2 1 7 10 3 10 5 1 1 3 2 1 5 5 9 4 7 3 10 6 3 5 9 8 5 5 7 2 
2 5 3 3 3 8 1 8 5 6 2 8 5 9 4 1 6 1 1 9 8 5 9 7 9 8 9 8 1 4 1 8 8 9 4 6 6 2 2 3 4 4 6 6 1 10 2 1 7 5 5 2 3 4 5 9 4 9 7 7 9 8 2 2 10 2 2 4 9 10 5 1 3 8 4 7 7 6 4 7 8 6 9 4 8 6 10 2 8 4 2 4 8 3 10 1 10 10 10 1 8 6 6 6 6 0 5 2 8 8 9 10 9 3 9 1 8 3 1 7 8 7 9 8 10 9 6 3 8 4 2 4 7 10 3 8 10 5 5 5 4 9 6 9 3 7 7 6 8 6 
4 8 2 6 8 5 2 10 9 5 5 7 5 10 4 4 9 1 10 6 8 10 10 5 5 8 5 4 8 3 5 4 7 8 7 1 7 8 5 3 10 8 5 2 4 6 8 2 6 6 1 2 6 4 2 7 4 7 2 4 8 5 3 10 2 10 9 9 4 3 1 8 2 3 3 7 5 3 2 6 2 2 8 3 2 2 6 1 2 5 9 3 1 6 7 6 7 1 5 3 6 8 10 6 2 3 0 4 2 4 1 10 7 10 2 2 10 10 10 5 9 8 7 6 3 5 2 4 8 5 9 2 10 7 4 1 8 4 8 3 9 6 8 9 10 4 5 4 2 10 
7 3 1 5 9 9 4 1 4 10 3 3 4 8 4 2 7 7 7 4 10 6 9 7 4 8 9 4 7 4 1 5 7 8 1 6 3 6 8 5 5 2 7 10 8 8 7 6 9 6 3 1 2 2 2 4 8 6 9 3 2 5 8 6 3 4 3 7 4 5 9 2 2 6 4 1 4 1 7 9 2 6 6 1 8 7 7 10 3 3 2 10 1 8 10 3 7 3 6 7 10 5 9 9 7 2 1 0 5 5 7 8 7 1 1 6 7 10 7 3 7 5 5 3 4 3 4 7 3 9 10 2 2 10 5 1 9 4 1 10 2 6 5 10 3 2 10 5 4 8 
8 1 5 3 4 3 2 10 8 4 1 2 8 8 5 4 3 10 5 1 9 9 5 6 8 7 5 8 8 5 8 7 6 8 5 1 4 4 6 6 1 4 6 10 3 10 10 9 7 8 1 5 10 5 1 7 7 7 5 2 2 1 7 6 1 4 5 10 8 2 7 5 5 9 5 4 9 7 3 5 9 3 9 4 2 6 3 6 3 1 7 3 6 3 5 4 10 6 5 1 10 10 9 8 5 7 5 9 0 1 2 4 1 2 8 6 10 5 6 8 4 1 5 6 3 3 2 10 8 9 4 9 4 9 5 6 9 3 4 9 7 2 6 5 3 9 3 10 7 2 
7 6 1 6 6 9 10 2 3 1 1 6 9 1 2 4 8 2 10 2 4 10 9 8 5 6 3 5 1 6 2 5 8 1 7 3 2 3 2 10 5 8 1 8 2 1 5 1 2 3 4 4 8 3 8 9 1 3 1 10 5 1 1 9 8 8 2 1 1 7 3 7 1 7 7 7 1 9 1 6 2 6 5 4 4 6 4 5 4 9 10 1 10 6 5 2 8 5 2 5 3 6 10 9 6 1 5 1 6 0 10 1 8 7 9 2 9 5 9 2 9 4 1 3 5 2 10 2 5 8 10 3 1 8 9 1 8 9 9 9 9 2 3 1 5 4 7 1 4 6 
6 1 5 4 10 2 8 4 1 4 7 1 10 5 10 4 7 6 10 5 10 4 2 10 8 1 6 10 5 3 9 5 4 8 1 2 8 6 6 4 5 1 10 10 9 10 3 9 6 1 9 5 2 7 1 2 9 8 5 2 7 10 1 7 2 6 4 8 1 3 9 8 5 8 10 4 10 1 5 4 5 1 1 2 9 10 7 9 10 5 2 2 8 8 1 4 7 5 2 6 10 1 7 10 1 7 3 7 8 5 0 3 2 9 10 10 5 9 4 5 9 10 6 10 9 4 5 4 8 5 9 3 7 7 2 9 1 8 7 1 5 9 3 3 4 10 6 10 3 5 
8 1 8 8 3 1 6 8 5 3 5 6 10 8 9 5 1 2 2 2 8 3 1 10 5 10 9 4 7 9 9 9 7 2 2 3 1 5 7 6 3 8 9 8 10 8 9 2 7 6 5 7 6 5 5 4 8 3 5 2 5 5 4 10 9 2 10 1 8 10 6 5 10 7 8 8 10 7 3 1 4 1 6 10 4 2 5 7 8 2 7 4 7 6 9 7 5 5 5 10 2 10 2 8 8 3 8 4 3 7 5 0 2 7 10 8 1 10 5 9 8 3 3 4 2 3 7 8 5 10 7 3 2 4 3 5 10 8 2 7 10 8 6 9 10 8 2 10 9 3 
10 5 3 5 3 4 2 8 3 4 6 8 9 1 7 5 8 7 1 10 4 7 4 4 6 2 2 9 4 3 10 10 2 10 7 2 1 1 7 4 4 9 10 8 10 5 10 4 9 7 4 8 1 8 2 9 10 1 5 2 9 4 5 9 7 3 3 4 4 9 1 5 1 10 9 1 1 7 3 5 7 8 3 3 10 5 3 2 4 10 5 3 9 6 9 2 7 4 5 2 8 6 8 1 6 1 9 4 3 10 10 5 0 6 1 8 7 5 6 10 1 3 2 10 2 9 6 6 5 10 7 10 1 8 2 9 9 8 8 5 9 8 4 4 3 7 2 7 8 10 
8 5 9 1 2 4 4 9 1 3 2 2 2 8 2 4 7 8 8 7 7 10 1 10 6 6 3 4 9 6 10 4 2 6 3 6 5 4 9 4 6 10 2 6 4 10 5 5 1 7 10 8 10 10 2 7 5 9 8 9 9 9 4 3 6 1 9 2 10 9 2 8 1 2 2 8 8 4 5 10 8 1 3 8 8 4 1 4 7 8 10 8 10 6 6 7 9 8 10 3 3 4 4 7 7 2 7 10 10 9 5 3 9 0 5 2 8 3 8 9 9 6 7 5 7 6 9 6 4 8 3 10 7 7 5 10 1 2 3 1 7 9 5 7 7 1 6 8 9 9 
10 1 10 8 3 2 1 5 8 3 2 5 10 8 8 1 4 4 1 4 1 6 1 8 2 4 7 7 8 7 7 1 8 7 5 9 4 4 2 3 8 2 6 10 2 1 10 6 5 8 2 9 4 10 10 2 6 6 2 2 1 10 4 4 8 1 1 4 9 2 4 9 3 2 5 9 2 2 6 5 4 9 6 7 9 7 7 9 8 4 2 9 7 7 8 6 2 5 3 1 2 6 4 6 7 1 3 4 4 9 10 8 6 10 0 3 6 5 3 6 9 3 5 1 7 3 8 7 7 7 6 1 4 1 10 9 7 5 4 8 6 8 6 3 2 7 1 8 6 3 
1 2 5 10 7 10 6 8 1 5 1 2 8 10 1 10 10 4 5 9 10 6 2 6 10 1 9 3 5 10 10 5 3 7 2 9 2 4 4 2 10 3 3 10 3 2 7 1 10 9 9 6 6 7 5 1 2 5 3 7 7 7 5 9 9 8 1 2 10 4 3 4 1 2 3 9 6 10 6 1 9 8 3 5 2 4 5 9 9 9 1 4 4 8 2 10 8 8 9 7 5 7 3 6 7 7 5 4 7 2 7 1 2 1 8 0 2 7 4 5 1 5 5 1 3 6 4 10 5 8 7 9 10 10 8 2 7 2 6 4 7 4 3 7 7 5 6 3 9 1 
6 3 3 10 9 4 8 2 2 1 2 1 10 4 10 7 3 8 5 7 6 3 4 3 10 6 1 5 7 6 2 7 2 4 10 10 4 8 4 8 6 6 9 2 8 10 1 6 3 8 1 10 6 8 6 1 2 8 4 7 5 5 8 2 8 1 10 3 9 7 7 1 7 5 3 1 6 2 9 10 7 6 3 4 5 6 6 8 2 1 7 1 9 9 3 6 8 10 8 9 8 7 5 7 7 4 1 9 6 9 3 4 10 4 4 10 0 8 10 2 7 10 5 3 6 1 6 5 7 10 6 1 10 8 5 8 2 1 8 6 4 4 5 1 6 6 3 8 2 10 
5 5 5 7 6 1 1 2 8 1 3 1 9 6 10 10 2 7 4 1 2 1 1 9 3 5 7 5 5 8 5 2 9 8 3 8 6 9 3 4 9 1 9 10 2 10 5 3 3 7 5 4 7 7 4 8 2 9 7 1 2 2 8 4 8 2 8 5 5 1 8 4 9 3 5 8 1 8 5 9 2 1 8 6 2 9 1 10 7 6 8 8 10 3 6 4 9 4 10 10 3 1 6 1 2 7 2 5 6 6 4 4 4 5 4 8 10 0 3 3 8 2 10 9 9 4 5 5 6 7 4 10 4 8 4 1 8 9 9 6 7 10 5 9 7 9 8 6 3 5 
3 4 9 4 10 1 3 3 10 2 5 6 1 4 5 3 8 1 6 9 1 8 9 5 1 5 6 7 6 3 8 10 2 10 1 1 2 9 8 2 6 2 4 9 6 9 5 4 4 5 7 4 1 4 3 3 9 5 4 5 6 5 4 3 8 10 1 4 5 5 10 2 10 5 5 7 6 6 6 6 5 4 8 1 1 3 4 7 3 9 1 10 1 8 7 10 2 3 4 10 8 9 9 9 3 10 9 7 9 8 9 7 9 5 8 3 5 5 0 8 10 8 1 2 7 9 3 7 3 2 7 8 3 2 1 2 5 3 2 9 9 7 4 2 10 1 4 6 3 4 
4 9 1 7 8 1 2 8 10 7 1 5 2 7 8 10 2 3 3 9 8 7 7 4 10 4 7 2 2 6 9 10 9 2 10 8 1 8 9 1 8 1 3 10 1 3 8 9 3 10 9 10 3 2 6 1 9 5 10 4 4 5 8 6 6 9 5 1 7 8 7 5 2 3 3 10 7 1 2 5 1 2 5 7 4 5 2 3 2 10 1 4 5 4 3 10 8 3 1 5 5 7 2 1 7 5 9 4 8 3 1 6 10 1 2 10 1 3 6 0 9 4 6 1 3 8 5 1 4 2 6 10 2 3 7 7 3 7 6 1 5 10 8 10 8 5 2 6 8 9 
6 6 7 7 2 9 3 5 2 2 5 10 9 6 8 4 4 10 5 3 9 9 9 3 5 2 8 4 5 6 3 1 2 6 10 5 10 5 2 2 3 6 5 10 7 1 5 1 10 6 7 1 1 4 4 7 3 8 3 8 9 1 2 6 1 6 6 8 2 9 3 6 7 3 3 10 8 5 6 2 3 4 8 4 7 7 4 5 3 4 7 8 3 3 6 9 9 8 7 5 4 2 9 5 1 9 8 9 9 8 1 1 8 10 2 8 8 7 8 5 0 1 8 2 4 5 10 8 3 5 7 6 7 7 8 5 10 7 1 4 8 2 1 7 8 5 5 1 6 3 
9 6 9 7 10 3 4 6 7 6 8 2 7 8 8 7 4 6 3 9 9 7 9 4 9 4 8 9 5 4 9 8 8 10 3 3 7 1 5 3 1 8 6 1 5 4 2 10 9 4 3 6 9 5 2 4 4 9 5 6 5 7 4 2 1 2 7 10 4 6 6 6 5 1 5 9 4 3 10 1 8 7 6 6 3 3 10 6 8 7 6 3 2 1 9 10 4 10 3 6 7 7 5 6 8 1 3 7 9 1 10 5 4 9 3 1 10 3 10 3 9 0 4 3 1 6 5 7 7 4 1 7 6 5 10 10 8 3 10 8 4 5 8 5 5 1 7 4 5 9 
5 3 2 6 1 2 4 6 4 2 4 1 6 3 4 8 9 3 4 1 1 4 9 6 5 10 9 4 6 6 6 2 8 6 6 3 10 5 1 1 7 8 5 2 2 4 3 10 10 4 8 7 3 5 6 10 8 5 6 7 9 2 3 7 3 10 3 8 5 10 2 6 9 3 8 8 9 4 1 6 7 10 5 8 6 1 10 7 1 8 7 8 3 4 6 7 3 4 2 2 1 7 5 8 4 3 4 2 10 10 9 6 4 5 8 8 6 4 1 7 5 4 0 2 2 3 8 10 8 9 2 10 10 5 1 7 1 8 3 5 6 2 2 9 7 6 9 1 4 8 
2 5 5 2 10 1 6 2 3 1 6 2 6 6 1 6 7 8 9 2 10 1 3 2 3 3 5 3 2 7 5 8 7 4 2 1 7 4 8 10 9 3 9 1 1 1 8 6 7 4 8 1 3 4 2 8 10 10 5 5 8 10 9 4 10 5 9 2 6 4 3 6 4 3 1 5 4 5 8 6 5 3 1 6 1 5 6 9 8 8 9 6 8 3 5 4 4 7 2 9 8 6 9 1 7 7 8 2 8 1 7 3 4 8 1 6 10 4 8 8 1 1 7 0 8 8 2 9 2 1 5 7 9 8 7 1 1 2 10 4 4 6 7 1 2 2 3 8 2 6 
9 6 10 8 2 2 2 2 8 9 8 8 6 5 6 6 4 1 4 5 1 3 10 1 8 2 4 1 8 8 1 9 9 2 4 1 7 9 7 7 2 2 1 6 10 9 8 2 4 3 9 2 2 9 2 3 9 8 8 5 6 5 7 3 9 5 5 8 3 6 2 10 8 10 2 7 9 2 9 1 10 3 1 10 9 5 8 1 8 2 10 3 10 5 10 10 9 9 10 2 10 10 2 9 1 5 2 2 7 9 6 9 9 2 2 1 1 7 9 8 1 7 2 5 0 3 7 1 2 3 3 8 1 9 7 4 10 3 5 7 10 1 3 1 2 8 7 10 1 10 
2 10 4 1 4 2 10 2 4 6 5 10 8 7 1 4 5 3 7 4 8 4 7 2 10 3 4 10 3 9 2 7 6 1 7 1 9 7 9 9 5 9 6 8 2 6 4 8 6 7 6 8 4 4 1 3 8 8 3 7 7 8 10 3 6 1 4 4 8 2 4 5 5 9 1 2 9 7 10 8 1 8 8 2 5 1 9 3 7 6 7 9 7 8 2 9 7 7 1 9 8 1 10 8 7 10 4 8 3 2 6 8 7 8 2 1 7 10 1 5 8 2 9 9 8 0 3 3 5 1 1 5 2 4 3 7 6 10 5 2 9 1 8 8 8 9 10 6 4 6 
9 3 1 6 6 4 6 3 3 1 2 10 5 4 7 7 6 10 3 6 3 9 6 8 5 9 7 8 2 1 7 4 7 9 9 6 6 8 3 1 5 10 3 8 6 4 10 8 3 10 6 5 10 5 5 9 6 1 1 7 5 4 9 1 3 4 2 2 4 4 6 4 3 2 6 9 8 4 9 3 2 7 4 9 6 3 4 2 5 10 3 7 2 1 4 1 3 4 5 8 7 8 8 7 3 8 5 1 3 4 9 10 8 5 2 10 7 8 7 3 10 1 1 8 8 7 0 7 10 10 10 4 10 4 1 7 3 3 7 5 3 1 7 3 8 2 7 6 2 2 
5 9 5 1 9 1 10 7 4 1 8 4 10 2 5 6 4 6 10 6 5 4 4 6 6 10 9 6 7 7 5 5 5 5 5 8 5 8 6 2 3 4 6 3 1 4 9 7 8 1 10 5 5 10 4 7 3 8 3 1 7 7 6 2 3 2 10 8 1 4 1 8 8 3 6 8 1 2 2 4 9 5 3 4 5 4 2 7 1 4 3 3 8 3 3 4 4 7 4 4 2 8 6 6 10 8 10 4 8 4 10 4 7 5 5 3 8 2 7 5 2 7 8 9 4 9 2 0 9 3 1 3 1 5 4 5 5 9 7 10 2 5 1 2 7 10 4 2 5 9 
2 10 3 2 5 6 2 6 7 8 7 1 4 10 6 5 7 10 6 4 5 8 9 4 4 9 5 8 8 3 6 9 4 1 7 9 7 6 10 9 2 4 7 1 8 6 4 2 1 4 10 1 1 8 2 4 8 6 4 9 4 1 4 9 6 8 8 3 4 5 2 1 9 3 5 3 7 2 1 3 5 4 9 7 1 10 9 8 7 1 6 10 5 2 1 9 6 6 3 3 3 8 1 2 4 3 4 7 8 4 5 5 2 3 8 8 7 9 5 1 7 3 9 8 7 6 6 6 0 7 8 5 1 10 2 3 8 4 9 8 5 7 4 10 8 9 1 10 8 4 
4 7 4 6 2 3 2 8 4 6 8 9 8 1 2 6 6 9 3 10 9 8 4 8 9 2 10 10 10 8 5 7 3 10 9 6 7 9 6 5 2 8 3 8 1 6 2 9 8 3 4 6 5 10 6 10 7 2 10 5 2 2 3 1 5 5 4 3 2 5 5 3 7 10 7 4 9 7 7 7 4 9 2 5 8 3 9 8 8 1 4 3 6 5 4 9 3 10 7 7 10 6 1 7 4 6 7 9 2 3 2 5 3 4 5 5 7 6 5 4 6 10 7 3 7 3 6 6 8 0 2 9 1 7 7 1 6 10 5 5 7 4 7 8 7 1 7 1 2 2 
1 1 4 3 7 6 7 9 5 4 10 3 7 3 9 6 5 2 9 5 9 8 3 8 8 1 10 7 8 6 2 10 1 1 3 1 9 1 7 8 4 3 6 3 5 6 10 2 2 4 5 2 7 7 8 8 2 4 10 9 4 10 1 6 4 6 4 7 5 3 4 1 4 8 6 2 5 9 3 2 5 7 3 10 9 7 8 4 6 7 2 5 2 6 10 10 7 3 6 1 7 9 4 9 6 1 8 2 9 1 4 3 3 1 5 1 2 7 7 7 3 1 9 1 2 3 10 10 4 2 0 7 9 7 7 10 10 4 8 6 8 2 7 10 4 6 7 4 7 3 
5 4 5 1 3 10 6 4 6 2 6 4 1 10 7 6 10 6 7 7 9 2 2 2 1 8 6 6 8 6 3 9 1 7 5 9 1 9 3 4 10 4 10 7 3 3 1 9 2 6 7 5 6 6 4 6 6 5 2 10 6 5 4 3 5 9 7 3 10 4 6 1 8 5 7 7 9 10 2 5 6 6 1 9 4 8 2 5 1 7 3 7 6 10 3 3 1 6 8 9 5 2 7 1 3 4 3 6 2 9 9 2 3 6 3 4 7 8 3 10 8 1 8 10 6 9 7 10 5 3 7 0 10 1 8 3 5 4 2 3 5 9 9 2 10 6 4 9 8 4 
8 1 10 7 5 5 1 8 10 9 6 6 4 2 6 7 2 9 10 7 8 8 4 7 7 2 4 10 8 6 1 3 4 6 9 9 9 3 2 9 4 4 3 4 3 1 10 9 3 9 7 10 5 1 3 6 3 4 1 9 4 7 1 10 1 7 9 9 4 9 9 8 7 3 9 6 8 6 5 10 3 6 9 9 10 3 1 9 10 1 8 10 9 4 10 7 10 8 6 7 8 10 2 7 1 8 10 4 9 8 7 8 5 9 5 7 4 7 10 1 2 6 1 9 7 9 6 5 10 4 5 8 0 6 7 10 7 1 2 2 9 10 1 1 1 4 3 3 6 5 
7 1 6 9 6 8 2 6 9 9 8 3 7 8 10 4 7 8 5 1 4 1 4 3 5 1 4 4 5 6 1 9 4 3 8 4 4 9 3 10 10 7 7 5 8 10 2 2 9 2 4 7 9 5 4 5 6 4 2 3 9 7 1 3 4 4 8 2 6 9 9 8 3 6 3 7 5 8 4 7 5 3 8 10 6 5 3 8 7 3 3 9 6 5 9 9 2 10 2 7 3 5 6 4 4 10 10 9 5 2 6 2 5 2 1 2 4 5 2 2 9 3 6 6 9 5 3 8 7 6 8 6 5 0 9 1 2 3 6 4 6 8 3 7 10 1 8 4 3 7 
9 6 3 10 3 9 4 8 1 7 5 10 6 7 6 4 10 9 5 8 2 8 5 7 8 9 3 6 4 2 5 8 6 6 2 6 10 6 5 2 1 1 4 8 9 7 8 6 5 2 7 7 9 6 4 3 3 3 3 7 10 7 2 10 5 10 3 2 5 8 4 4 2 2 4 2 5 10 7 4 4 9 10 9 10 3 5 5 4 9 1 2 5 7 9 1 3 5 4 10 5 8 1 2 9 8 9 1 4 5 2 9 4 1 3 3 7 4 1 7 10 9 2 5 8 9 7 2 3 2 8 10 3 9 0 3 7 9 1 8 4 6 3 9 9 1 9 7 3 8 
7 6 10 4 2 4 2 8 10 7 9 8 1 4 6 2 10 1 7 5 8 3 4 3 5 2 2 5 9 4 4 2 8 2 3 7 2 2 4 7 5 8 4 2 2 5 2 8 9 6 2 3 6 10 5 1 5 10 3 7 1 6 10 1 7 9 10 2 6 8 7 6 5 8 1 2 7 7 3 8 9 10 10 9 3 5 10 9 7 5 1 1 6 8 10 6 8 7 5 3 9 8 9 8 8 4 9 3 2 9 7 8 4 4 8 4 7 5 7 7 5 10 7 6 4 3 9 2 6 5 10 3 1 3 10 0 7 7 9 2 7 7 8 8 1 6 5 10 7 6 
4 5 6 5 2 1 3 3 3 5 4 3 7 7 10 6 1 10 4 2 6 3 6 7 6 9 4 5 1 5 3 10 10 4 9 1 1 8 8 8 10 8 10 7 3 6 3 7 5 10 1 9 10 6 6 1 4 1 9 9 10 3 6 6 4 8 5 1 7 3 5 6 5 6 1 5 10 6 3 8 2 1 1 6 9 3 6 6 3 6 3 7 3 2 2 8 7 5 6 6 8 3 2 8 4 10 6 8 7 3 10 6 10 2 1 10 4 5 4 4 4 3 4 6 1 7 2 2 2 2 3 1 9 1 4 10 0 3 5 7 4 3 1 1 1 7 7 8 2 10 
3 10 8 10 5 10 7 9 9 5 9 6 6 2 10 10 8 3 10 5 3 1 7 9 4 2 2 9 6 3 3 9 4 10 3 9 5 9 9 8 3 10 7 5 4 2 4 3 1 7 5 9 1 4 6 4 7 1 4 3 5 4 3 5 5 5 5 5 5 8 6 6 10 10 1 1 3 4 7 8 2 9 2 9 10 9 3 7 10 4 10 3 1 7 6 7 6 10 9 2 1 7 4 9 6 2 6 6 3 3 8 4 3 9 9 5 8 7 2 1 3 3 9 5 4 1 10 5 8 3 6 6 7 2 6 2 3 0 3 2 7 6 4 3 10 1 2 7 7 9 
2 6 10 4 9 6 10 8 7 3 4 5 1 3 8 7 7 9 7 1 7 9 9 1 2 1 6 10 1 1 3 6 10 2 7 8 2 5 9 3 1 8 2 10 6 3 10 5 6 5 4 7 8 8 7 5 4 2 5 7 1 1 3 1 1 8 10 2 7 9 5 10 1 1 4 4 6 1 4 9 8 10 3 8 5 5 6 1 4 8 1 5 1 6 1 4 8 4 6 3 5 7 1 3 10 9 4 7 5 8 3 2 2 10 8 8 10 6 2 4 10 4 5 4 2 1 4 9 2 1 3 3 4 8 1 7 3 4 0 2 9 6 1 3 3 2 1 7 9 9 
8 2 7 5 5 1 3 6 6 9 5 10 4 5 2 3 1 7 2 3 6 5 5 9 5 8 7 10 1 10 10 8 9 1 8 8 4 7 3 7 6 9 5 4 1 7 7 8 9 10 5 3 6 5 10 2 8 3 9 8 1 8 8 4 3 2 1 6 9 2 8 4 8 10 2 1 9 6 1 7 10 3 10 6 4 10 6 6 5 9 6 1 9 5 2 7 3 7 7 10 9 4 7 3 3 4 1 10 7 9 2 1 2 2 10 1 10 6 7 2 2 4 9 1 3 1 1 3 8 7 6 2 9 7 10 7 9 5 3 0 9 8 3 8 1 7 1 9 5 7 
1 3 3 7 1 2 8 9 9 9 5 10 4 6 7 2 8 8 9 3 3 2 10 4 2 4 6 3 6 5 3 4 8 1 8 10 9 6 7 2 4 8 1 9 7 4 2 3 4 4 5 8 1 10 9 5 1 2 5 9 7 4 9 2 3 6 9 7 10 1 10 1 2 10 2 5 2 10 7 3 8 5 1 6 7 7 9 1 3 7 3 4 9 1 4 10 3 10 2 4 2 9 7 8 7 6 7 9 10 4 8 2 3 5 5 1 5 1 5 9 1 7 8 2 6 5 5 1 6 2 10 1 2 7 8 2 2 8 3 7 0 4 8 6 7 5 1 10 3 2 
8 9 1 10 7 3 2 2 10 5 3 9 6 9 6 8 4 8 2 10 8 5 1 10 8 1 9 10 8 6 1 3 2 2 1 9 10 2 3 1 9 9 2 10 5 10 4 5 2 9 7 4 10 3 6 10 6 9 7 2 2 7 4 7 4 8 6 9 4 7 4 1 4 3 7 4 4 4 6 6 9 10 1 7 8 9 5 5 5 6 8 1 7 2 2 9 3 4 8 1 8 10 6 5 3 1 3 3 10 6 5 3 3 4 8 5 8 7 9 2 4 2 9 10 6 9 10 6 5 4 10 1 9 3 9 3 2 6 4 9 6 0 10 4 1 8 1 1 1 9 
4 7 3 6 8 8 8 1 4 7 3 2 9 5 1 1 10 4 2 6 7 3 8 1 1 10 7 4 3 1 4 5 1 1 2 1 6 1 2 9 8 9 2 5 3 9 10 1 10 3 1 9 9 7 4 1 10 3 5 3 2 3 10 8 1 2 5 7 3 9 6 2 8 1 5 7 9 4 2 5 4 3 2 10 5 7 4 1 2 5 1 1 8 7 7 5 10 10 10 8 2 8 8 8 9 10 4 4 2 7 8 8 10 2 5 4 6 6 8 1 8 2 8 10 3 3 6 5 8 6 7 2 7 10 7 8 2 6 8 1 1 5 0 6 8 8 1 1 4 7 
2 7 6 5 5 4 4 6 10 9 5 3 6 5 1 6 3 7 4 8 6 5 4 2 10 10 9 4 6 1 7 9 1 8 4 2 6 4 6 6 6 9 1 4 3 8 7 5 7 6 8 3 8 5 5 10 8 6 4 3 4 8 7 2 5 7 5 4 10 6 5 1 7 6 3 9 6 3 8 3 7 2 2 3 2 3 2 5 6 7 5 5 10 7 1 1 9 4 3 9 10 4 6 9 4 4 9 10 5 7 4 5 6 3 5 9 6 10 1 7 4 5 2 8 7 8 5 8 3 7 4 9 6 2 2 1 7 10 10 9 1 4 6 0 6 6 10 9 1 8 
9 9 3 7 7 4 10 10 4 7 1 1 7 9 2 5 1 8 6 6 9 10 4 4 8 2 2 9 4 3 5 1 5 1 4 1 3 3 2 9 2 7 5 6 7 8 3 5 3 6 8 7 2 1 3 7 3 4 4 3 4 4 5 8 7 1 6 1 4 7 9 5 4 1 2 7 7 3 9 3 3 2 4 9 3 1 7 5 7 9 8 7 2 9 5 4 10 6 2 8 9 10 9 2 4 7 5 6 9 4 1 10 10 7 10 5 9 2 2 8 4 1 8 8 1 10 8 9 9 4 3 9 5 9 10 6 10 5 4 1 4 2 5 10 0 7 8 5 10 10 
1 6 3 6 7 7 9 4 1 9 4 7 4 8 2 8 6 8 5 5 5 6 9 9 2 7 3 6 5 10 1 7 7 10 9 8 4 7 4 5 8 3 2 8 8 8 9 3 6 3 10 10 3 10 5 9 4 2 3 9 4 5 9 9 6 2 6 6 6 7 7 4 4 1 3 9 4 10 7 7 1 4 6 3 5 5 9 5 1 10 7 8 8 5 7 7 2 1 6 4 9 8 4 5 6 8 7 2 5 8 8 2 9 1 9 3 5 5 7 1 5 5 4 6 6 5 4 8 5 5 6 2 7 6 5 3 4 9 9 8 2 9 9 10 3 0 10 7 9 3 
1 2 8 5 8 9 5 2 8 3 3 7 2 2 5 6 10 8 6 7 6 5 6 2 10 9 7 9 10 9 8 8 6 5 4 10 6 10 7 2 2 1 3 3 3 8 9 5 1 5 1 4 5 2 6 5 8 4 8 2 9 8 6 5 10 3 1 3 5 8 4 7 3 3 8 9 7 4 10 10 5 8 4 7 10 8 8 5 10 6 7 8 7 1 2 8 2 10 10 10 5 8 2 3 3 4 1 1 4 2 6 4 8 5 8 6 9 6 8 10 6 5 3 2 6 3 4 4 3 7 1 1 10 1 7 10 9 4 1 10 6 9 5 10 3 5 0 2 10 6 
7 9 6 8 7 9 3 5 7 4 9 10 2 1 8 5 6 5 2 5 3 1 6 7 3 8 9 8 6 5 8 7 4 8 6 5 8 4 9 10 4 8 10 9 1 9 2 6 4 4 5 6 5 6 4 8 5 5 4 10 7 10 3 10 3 1 6 6 10 1 5 4 9 6 3 2 7 8 4 9 3 1 2 1 10 10 2 5 3 2 5 3 9 2 5 6 8 7 2 8 6 1 1 9 3 1 6 5 10 10 8 1 8 6 9 5 2 7 4 2 10 7 5 8 5 9 6 6 1 3 10 3 1 10 9 9 3 4 10 10 2 8 9 9 10 7 1 0 1 10 
9 8 9 10 5 10 3 10 6 5 2 9 2 10 6 2 10 3 9 10 8 1 10 3 6 4 9 9 8 8 8 8 9 5 9 5 6 10 7 7 3 10 9 7 9 10 8 9 1 1 10 1 6 2 4 9 10 2 10 8 10 3 3 1 4 7 8 2 8 9 4 1 4 9 10 1 6 9 7 4 10 6 1 4 5 7 1 10 7 1 8 5 10 10 9 4 10 8 3 10 10 1 8 4 1 4 9 10 1 8 4 6 3 5 2 2 3 6 6 1 10 8 8 8 3 5 2 5 5 9 2 1 2 3 3 1 6 4 7 6 2 9 3 10 6 4 8 1 0 7 
9 1 3 8 7 4 5 9 10 9 6 10 4 8 5 7 4 6 7 8 3 6 8 9 6 2 3 5 8 2 4 10 9 1 9 3 7 4 9 1 7 4 7 9 7 5 3 6 3 10 5 9 6 5 10 6 3 4 1 3 8 5 5 10 6 2 1 4 2 2 3 3 3 10 1 9 8 5 7 3 8 9 10 3 3 6 1 5 1 9 3 7 2 5 5 4 7 4 7 3 6 2 2 1 10 2 2 3 7 8 5 10 8 6 8 8 3 1 10 4 10 7 2 8 4 6 8 1 3 4 1 7 4 1 3 7 5 9 9 2 7 2 3 7 6 1 10 10 3 0 
