50
759 28604
729 9422
64 5176
846 3994
581 4117
336 10808
20 21876
39 3755
218 20908
826 4798
593 20121
526 10539
29 28531
612 9283
380 15903
480 15779
138 9743
157 20594
268 14916
477 21972
525 16945
688 15395
446 28511
28 27273
905 20542
271 4448
834 26270
808 15844
32 15925
25 3873
828 4561
191 11189
521 4279
135 14721
57 4006
726 10972
534 10230
614 10463
516 20018
456 26690
756 20972
674 27933
903 15477
786 26208
980 26508
431 20655
504 20376
839 27633
703 9484
926 14801
0 60 48 9 33 46 69 97 100 51 87 52 35 19 16 33 58 6 75 59 4 47 97 26 62 11 76 24 79 85 91 60 79 9 19 79 49 82 39 34 17 77 100 21 12 23 90 15 22 34 
87 0 79 89 1 89 37 23 12 47 42 69 79 23 22 44 50 3 35 5 36 3 62 6 55 98 56 71 98 61 44 27 71 9 4 48 42 64 55 47 80 56 50 90 84 36 38 65 80 76 
66 27 0 17 36 72 29 31 86 9 33 51 61 58 19 54 94 60 60 4 19 20 91 56 46 82 34 73 50 64 28 96 8 90 87 57 18 79 28 74 31 99 54 34 96 97 61 87 62 100 
67 64 85 0 31 60 100 31 38 53 97 9 92 74 69 69 27 85 51 63 53 94 17 90 37 30 27 3 23 96 21 74 8 36 3 96 40 69 88 51 70 46 19 21 66 81 48 76 66 4 
85 47 87 73 0 93 2 19 37 8 78 65 82 100 61 82 80 99 79 47 60 47 100 39 1 1 86 94 88 82 80 92 40 100 95 80 57 73 62 30 35 65 20 21 24 79 72 59 76 23 
80 32 99 60 24 0 96 55 41 81 17 10 37 7 2 80 26 10 88 19 85 39 12 12 74 12 23 56 90 68 8 54 16 38 41 71 88 4 61 32 11 50 60 24 74 23 3 37 47 57 
3 41 3 89 20 83 0 84 63 1 96 56 69 91 60 96 100 49 49 72 96 57 82 66 94 84 82 100 28 37 30 58 1 65 11 70 20 61 84 92 19 23 11 91 1 96 43 83 63 44 
71 5 46 6 15 47 41 0 75 17 11 60 21 99 87 40 34 4 20 29 5 16 10 55 43 70 39 39 13 18 6 55 68 33 28 31 37 26 10 20 98 4 52 28 8 89 50 61 54 34 
98 77 77 63 15 79 61 6 0 25 46 13 54 53 86 5 94 94 82 26 53 70 51 26 82 29 49 29 9 12 100 31 92 22 23 77 74 5 52 51 57 85 38 48 39 71 33 76 30 94 
16 100 64 5 43 25 74 80 95 0 31 96 28 38 59 29 99 21 91 62 6 94 27 67 50 13 25 64 9 12 46 45 46 20 68 61 38 5 82 81 66 76 96 9 43 47 5 79 29 28 
25 66 50 66 48 13 20 46 28 14 0 40 98 1 51 82 3 49 92 10 79 16 12 3 20 46 54 23 33 13 75 36 72 65 40 57 41 7 24 5 16 56 64 60 85 8 26 64 1 5 
43 30 45 78 55 34 45 49 43 5 85 0 97 64 57 77 62 39 65 71 6 39 83 64 1 79 91 71 51 19 5 70 100 41 73 25 96 9 71 90 71 72 26 5 78 56 60 8 68 17 
86 68 11 63 36 68 6 68 73 99 85 85 0 2 57 39 96 15 40 54 16 42 76 13 25 92 69 46 66 86 82 1 28 35 32 83 5 93 2 43 77 43 53 44 40 38 91 45 64 21 
9 16 77 68 87 85 60 90 87 64 92 43 98 0 83 82 87 25 84 81 67 61 15 75 92 32 36 40 59 95 53 88 14 59 62 69 9 83 74 100 66 99 32 18 59 91 17 47 61 34 
40 50 68 14 37 8 28 65 78 45 74 5 97 61 0 38 87 21 38 44 93 14 92 79 38 81 96 24 49 84 19 68 49 32 58 2 83 46 60 49 94 14 65 76 15 60 91 49 98 7 
73 73 88 29 27 57 92 15 87 23 41 49 80 67 89 0 77 17 82 91 19 75 28 68 15 50 81 59 22 49 19 60 3 49 90 30 18 77 97 75 100 95 97 30 33 29 67 100 48 80 
7 64 48 67 43 94 78 78 26 66 61 74 89 17 9 14 0 17 90 49 56 66 14 81 60 3 30 7 56 69 40 95 16 23 97 54 31 60 54 45 67 52 89 61 82 44 91 5 10 50 
63 15 21 18 72 61 54 57 14 61 39 38 54 67 46 61 42 0 54 89 68 83 30 13 51 95 12 46 17 3 63 7 48 18 12 4 16 84 93 36 58 50 90 35 14 35 69 89 2 3 
1 52 23 69 67 69 43 76 16 86 70 35 88 16 82 78 86 6 0 71 84 17 94 38 26 28 63 96 19 23 86 64 8 18 80 26 18 93 89 68 46 71 4 82 8 37 82 24 99 5 
37 37 42 89 92 9 54 23 18 80 99 66 80 57 32 13 6 27 98 0 15 50 30 35 34 63 20 16 63 23 76 8 99 27 24 34 49 98 12 55 42 50 84 53 1 35 69 93 11 87 
16 24 82 70 98 71 75 55 73 48 68 3 19 29 22 47 65 88 28 90 0 84 3 57 57 8 73 71 25 90 61 98 82 44 7 64 85 37 21 56 62 90 98 44 10 23 66 32 25 75 
16 77 88 28 58 56 31 75 31 13 86 25 59 37 27 5 85 4 9 90 38 0 52 82 47 4 100 10 60 68 10 68 49 76 30 33 51 88 39 55 93 54 79 8 46 86 7 65 99 2 
47 34 86 50 95 53 19 46 55 55 65 43 90 41 91 40 25 89 28 79 13 80 0 99 34 40 62 6 22 98 94 71 87 72 63 72 13 32 67 49 60 21 15 17 36 45 25 24 45 22 
75 67 23 60 35 40 41 60 23 67 80 37 69 73 69 61 31 95 41 14 45 93 88 0 83 93 11 44 22 32 100 55 79 53 41 58 52 7 61 82 58 97 12 24 3 65 19 84 67 62 
9 76 76 100 57 86 67 88 71 51 99 7 34 30 61 97 9 44 94 71 33 6 89 42 0 90 83 88 53 92 77 71 50 84 28 77 77 64 11 55 10 5 50 55 67 62 71 80 81 26 
15 77 41 19 64 92 28 19 90 6 18 48 62 15 67 64 23 99 23 93 68 44 40 29 61 0 30 54 49 87 24 27 38 36 49 87 3 15 49 92 99 49 49 72 94 17 20 79 6 6 
12 36 62 73 8 73 97 81 56 32 86 76 93 74 10 39 99 86 39 31 82 99 66 37 95 77 0 40 94 34 93 17 82 10 30 97 47 95 63 14 54 68 72 4 78 54 35 89 73 38 
68 85 68 93 78 48 50 70 31 62 95 9 57 38 57 21 94 82 48 49 63 77 71 64 3 10 88 0 22 33 45 45 46 50 46 99 89 23 10 33 71 84 69 6 43 83 2 26 1 32 
84 47 97 32 84 67 12 21 66 39 88 8 15 59 19 10 21 45 71 39 2 13 25 47 48 12 71 28 0 57 32 89 53 63 92 68 62 36 92 53 98 29 75 98 35 52 57 81 52 85 
40 49 99 100 42 58 25 48 13 66 25 39 23 91 25 50 64 63 29 66 13 13 44 96 47 1 85 48 4 0 72 58 35 88 54 6 35 6 15 30 33 58 23 86 78 39 86 76 49 96 
31 76 89 28 41 40 14 49 5 96 14 48 2 19 66 30 100 25 59 57 8 76 19 55 64 73 78 22 54 45 0 39 34 99 32 76 2 76 8 34 37 94 80 79 46 40 24 57 36 35 
11 56 70 15 4 25 36 37 11 7 57 22 21 1 36 1 84 62 91 53 82 94 66 87 28 56 17 22 6 54 76 0 15 59 1 15 71 47 59 33 88 85 34 16 59 88 56 100 94 35 
21 92 18 54 47 68 20 97 85 8 53 89 59 99 52 5 100 65 51 34 28 68 72 92 76 85 25 47 95 13 52 83 0 84 4 14 65 18 53 89 37 76 59 40 44 77 97 37 93 40 
62 76 59 48 33 73 48 17 76 100 74 6 37 33 51 46 8 10 67 33 63 92 72 46 87 90 39 43 20 37 64 71 59 0 64 54 28 23 37 84 37 21 50 26 58 37 10 80 22 9 
21 23 1 2 59 44 82 77 48 81 66 7 90 94 99 98 45 74 1 63 43 81 81 64 27 56 79 52 74 66 32 73 11 4 0 53 50 75 8 71 74 33 5 76 55 85 81 1 98 38 
34 50 17 73 35 36 95 76 87 25 44 9 36 43 32 31 66 17 55 83 23 28 48 26 58 1 78 46 37 26 49 66 81 35 40 0 59 38 21 92 17 13 62 57 77 52 65 63 14 30 
39 52 48 7 52 20 77 40 24 13 88 6 33 84 61 60 39 72 98 98 7 25 85 88 91 18 100 26 11 14 40 3 24 16 59 40 0 47 67 62 95 36 79 55 52 37 59 94 92 22 
11 10 52 97 95 1 74 42 21 26 44 88 84 10 80 27 58 97 51 30 51 41 100 81 95 20 22 3 62 79 78 2 8 98 60 56 36 0 56 90 95 9 68 49 84 45 76 99 69 62 
26 92 61 22 13 31 51 4 92 20 5 61 72 33 46 66 80 37 6 47 36 7 57 20 17 11 86 39 27 36 24 22 37 28 27 92 26 8 0 89 99 84 74 68 25 37 3 65 2 94 
18 58 19 77 41 84 99 74 64 19 39 42 83 43 23 24 10 65 38 33 22 34 35 82 46 65 14 11 36 44 34 74 54 37 66 99 59 12 4 0 81 24 12 11 74 82 69 14 29 43 
20 64 80 6 18 13 70 10 43 6 39 44 70 75 67 79 27 86 11 38 40 63 74 57 51 35 44 36 19 67 45 26 84 38 75 97 83 72 76 32 0 28 91 6 91 97 13 82 47 18 
46 22 72 26 4 14 69 4 95 15 24 82 59 97 43 15 31 50 49 49 8 100 19 80 9 44 33 94 87 6 75 12 71 3 23 20 88 24 73 39 62 0 35 28 32 30 85 19 20 50 
91 57 60 30 23 29 83 73 30 98 17 29 32 76 90 58 82 97 74 35 10 83 70 15 100 37 86 82 87 92 97 73 100 8 41 61 78 20 92 65 15 52 0 26 27 38 76 44 14 14 
68 21 57 76 85 14 68 22 87 25 69 86 7 81 38 91 51 36 50 42 52 53 91 64 3 31 76 100 71 80 80 74 43 6 81 71 76 46 51 98 34 26 29 0 84 85 42 94 62 83 
42 75 92 44 71 12 53 58 9 89 52 94 60 94 58 36 61 90 60 3 78 87 61 16 35 97 56 79 27 34 38 36 100 82 12 60 94 68 96 98 13 42 20 64 0 42 50 98 45 85 
68 57 60 15 91 70 57 96 57 64 13 9 76 71 47 45 81 6 42 72 19 43 63 96 27 96 49 32 4 77 75 34 81 53 8 51 62 72 44 9 74 26 6 39 15 0 83 90 48 58 
27 57 96 96 10 61 34 28 89 27 33 33 88 100 78 14 61 48 98 43 94 98 53 53 60 3 16 70 8 31 90 47 25 48 51 97 44 1 48 44 36 76 56 75 27 43 0 65 52 79 
66 27 15 17 57 32 69 19 99 84 44 27 62 34 24 76 81 8 86 97 69 10 62 98 23 68 88 68 74 67 90 27 13 22 56 87 46 78 62 12 41 52 83 37 87 92 85 0 56 32 
48 30 63 67 2 23 13 41 11 71 7 56 94 50 45 81 22 18 74 57 89 100 24 32 15 14 26 14 1 65 82 86 57 32 95 84 7 9 19 86 49 49 3 33 18 43 68 39 0 91 
12 93 100 37 55 64 41 15 16 98 71 52 71 62 10 53 64 36 77 5 58 96 69 54 60 82 47 20 49 55 2 1 92 61 18 83 59 47 83 16 34 83 47 2 18 75 97 21 32 0 
