50
163 38338
1541 52748
326 67109
3988 108065
825 51245
4923 48618
4611 87468
3952 60356
4883 69124
1846 88383
6182 80880
2890 17986
3535 71569
1844 102058
4577 117818
3776 74679
7498 85283
1470 135063
3190 84802
1375 104003
5117 122616
3095 122346
3905 39503
818 84311
1252 121444
3363 62973
4095 52927
4972 34113
2691 65060
6173 113745
3520 137015
3375 138916
2248 88901
4524 52474
1460 61238
2045 97582
1928 131880
5533 34946
1104 132431
1592 126182
5936 74131
2868 73896
1008 89364
178 115347
1456 83464
5381 151063
5200 63078
1434 36148
4710 141094
1983 21525
0 288 432 783 929 129 274 877 157 705 698 180 833 584 57 211 426 566 477 257 247 755 256 4 541 709 276 729 727 68 36 328 289 559 104 104 443 379 170 564 70 452 880 295 548 15 619 261 790 316
815 0 386 423 46 27 392 829 160 708 525 221 912 378 227 618 508 479 637 589 59 147 469 269 830 351 397 669 132 645 24 664 876 426 453 465 148 325 698 471 242 41 149 227 13 385 895 340 382 893
127 200 0 929 591 391 41 674 424 239 35 702 866 780 124 186 554 462 733 317 11 385 165 354 152 425 522 922 201 439 114 669 710 167 720 673 758 802 47 115 595 838 336 438 280 392 272 502 937 32
266 19 288 0 128 892 661 539 672 384 544 256 393 476 331 861 170 933 332 703 886 422 613 619 891 268 212 731 298 842 748 835 98 466 384 663 825 793 860 187 175 624 566 14 671 878 105 428 902 435
860 879 575 837 0 197 219 704 708 548 734 223 471 126 360 791 921 319 701 423 460 548 25 6 99 580 339 92 563 178 713 20 182 634 675 258 20 252 44 260 874 424 218 356 896 155 339 238 826 927
866 331 897 672 325 0 223 52 628 592 399 173 923 99 724 328 373 667 846 132 616 794 841 901 487 622 644 130 368 358 921 795 490 605 749 844 869 641 523 225 418 864 369 159 670 88 257 251 837 730
190 726 421 883 845 609 0 44 207 439 781 849 804 426 643 743 420 447 876 836 265 490 664 281 19 673 423 321 852 937 271 535 744 576 451 229 692 931 858 192 609 144 749 874 790 280 304 33 468 907
409 627 819 570 89 417 612 0 280 895 894 416 368 465 595 584 335 702 603 787 869 665 342 248 71 447 318 547 503 311 4 840 163 852 44 726 128 537 291 292 656 642 410 928 474 268 174 632 525 383
39 282 14 209 717 351 566 278 0 707 883 682 819 745 724 19 556 160 923 444 139 696 634 557 98 280 612 401 716 16 439 250 640 114 607 202 552 320 615 208 711 863 333 225 635 874 586 160 391 758
863 43 715 635 278 692 343 2 477 0 332 346 525 263 370 440 880 580 428 424 768 935 326 397 642 9 396 449 158 472 11 739 602 32 195 576 105 193 232 549 892 870 338 216 552 335 552 519 931 621
429 653 455 512 731 196 412 195 644 178 0 332 146 200 358 625 741 845 430 602 623 697 181 636 66 776 52 745 459 340 442 648 53 272 280 385 897 346 898 46 226 112 227 393 463 151 57 696 527 780
905 205 428 837 891 722 64 745 866 370 568 0 413 651 245 253 508 869 369 771 55 421 870 364 139 782 585 250 310 284 503 84 176 905 602 900 231 205 28 847 920 620 744 84 541 903 632 426 130 826
31 169 155 439 671 471 598 507 49 162 193 451 0 273 821 516 323 306 148 866 815 466 809 388 303 927 628 380 802 865 839 345 91 301 858 291 477 593 752 197 48 786 750 810 764 133 189 449 98 481
931 634 729 864 539 740 147 338 83 348 375 52 267 0 625 647 562 802 931 147 907 307 749 605 12 328 887 96 666 142 38 524 543 886 803 309 348 695 698 680 176 585 820 922 304 45 337 643 744 530
375 754 766 341 454 458 92 26 372 893 904 152 517 339 0 553 753 175 292 909 6 170 705 838 591 250 303 364 603 583 421 228 748 483 615 752 444 65 139 202 160 778 291 470 94 458 589 276 859 704
398 797 204 545 62 444 35 220 140 445 508 568 817 145 757 0 488 691 32 62 195 51 623 410 816 807 449 526 241 418 609 123 482 732 769 645 595 640 575 328 731 360 929 285 129 311 165 654 514 698
837 743 819 26 340 82 661 469 91 828 440 601 240 773 312 802 0 142 742 363 55 711 360 579 559 143 398 821 685 322 636 556 318 738 515 580 326 317 119 570 738 552 123 264 642 400 195 225 438 335
600 48 400 922 847 328 265 275 490 480 484 600 759 702 372 632 694 0 531 137 713 704 571 910 906 819 701 818 845 398 365 165 365 890 643 412 34 306 707 4 39 269 511 100 441 313 935 656 397 618
926 852 680 552 260 687 363 603 56 341 331 12 160 383 914 838 147 220 0 713 836 536 730 327 711 541 808 273 379 432 241 825 293 753 497 541 441 715 843 193 928 850 803 196 851 518 30 629 262 134
266 6 900 319 855 275 534 485 19 793 375 134 487 586 205 120 370 432 812 0 157 138 900 571 610 644 295 293 314 631 332 222 873 411 70 44 146 479 99 452 82 397 542 852 17 856 798 914 475 301
271 234 881 264 503 191 84 338 704 820 409 3 266 248 352 763 205 425 187 779 0 31 30 0 32 360 567 399 901 567 797 790 833 817 613 501 899 778 435 690 477 125 705 553 855 382 183 494 179 65
96 503 343 214 31 232 539 529 402 864 232 505 412 889 684 696 526 315 272 486 840 0 83 296 369 905 52 690 174 872 494 473 262 725 677 116 881 778 647 667 174 556 672 619 663 886 686 336 327 775
424 631 383 688 252 75 154 777 109 867 440 882 106 916 624 164 5 332 232 485 821 135 0 907 445 298 872 142 282 727 618 72 447 803 844 98 396 35 115 657 355 34 31 250 210 383 444 301 577 580
885 92 28 849 617 840 13 805 571 572 853 326 187 927 611 22 528 913 447 545 554 928 706 0 931 645 246 602 2 497 450 389 250 698 706 702 308 588 609 552 846 177 603 348 19 604 899 799 22 359
715 135 740 574 450 824 247 937 627 637 633 196 69 344 164 928 1 302 351 542 71 540 217 304 0 437 651 242 599 90 185 812 241 831 682 804 128 614 313 114 800 748 922 334 552 509 89 76 452 893
180 583 440 420 612 91 713 804 242 860 93 526 127 797 249 143 622 183 816 808 169 549 421 389 524 0 48 791 26 518 774 634 343 596 277 99 451 536 545 831 867 731 535 720 825 345 89 887 718 833
291 10 634 278 725 186 531 664 6 214 215 410 105 490 199 500 913 75 65 708 774 540 297 645 176 713 0 708 731 783 566 32 735 736 605 600 512 808 215 756 267 436 747 182 259 629 757 792 618 842
484 686 691 544 389 321 160 385 246 789 636 245 846 401 369 783 811 813 544 561 490 513 848 2 766 255 308 0 251 658 461 479 338 654 677 548 825 72 655 494 260 337 368 751 775 324 410 762 626 894
250 777 619 563 608 648 817 724 184 840 716 574 453 5 314 378 920 397 520 153 42 500 700 575 410 54 693 456 0 606 537 554 232 425 753 572 134 725 803 194 498 335 330 330 462 498 2 815 824 858
79 249 675 139 258 403 492 18 350 366 789 234 201 456 56 383 163 331 763 58 16 636 123 495 603 535 346 288 813 0 377 384 357 63 697 45 665 91 891 363 101 500 932 456 771 225 281 453 304 222
696 554 690 480 817 636 470 268 391 451 867 646 440 265 427 841 223 706 174 601 453 268 115 611 552 323 5 9 840 837 0 518 681 501 284 254 52 835 245 892 17 849 675 649 831 175 151 734 571 761
120 603 900 733 817 78 711 76 311 415 101 176 874 325 790 544 228 620 660 833 285 511 491 55 119 60 401 232 320 45 704 0 557 687 456 55 459 202 403 727 751 82 566 286 888 183 7 779 31 839
373 855 235 369 591 299 648 491 138 387 885 562 264 651 347 605 386 574 77 919 687 58 170 766 141 239 764 152 423 13 854 786 0 690 290 226 311 485 508 129 668 169 226 919 732 450 170 768 547 196
922 387 599 488 933 128 873 101 871 73 632 22 119 391 116 551 638 449 10 196 856 154 245 295 414 826 751 306 377 51 89 785 110 0 639 605 854 11 842 886 199 372 692 151 505 781 303 8 811 269
672 719 74 379 638 584 575 764 787 542 524 837 701 614 135 579 816 48 576 420 753 193 564 211 32 580 719 627 903 777 655 190 292 129 0 914 754 670 2 582 608 853 227 561 625 550 294 276 739 439
256 202 334 194 83 628 14 25 228 803 551 763 369 589 275 356 325 923 667 234 436 662 83 934 588 760 825 498 653 834 337 695 118 806 664 0 532 524 875 437 428 273 724 739 650 848 790 83 104 280
93 129 75 448 407 887 128 738 435 213 276 620 790 91 249 150 346 547 725 513 596 462 749 660 786 827 810 280 332 463 444 321 297 107 632 790 0 672 697 4 690 733 289 829 584 309 714 777 535 248
40 555 452 921 256 607 72 595 320 150 66 339 591 711 485 419 884 594 344 676 279 33 401 51 753 290 392 393 63 460 306 720 279 540 734 623 142 0 381 13 820 929 493 780 5 879 27 334 781 64
888 281 784 443 221 279 324 742 890 709 166 68 712 266 402 392 370 90 710 370 172 497 671 109 460 609 4 411 50 406 727 451 534 568 279 307 222 468 0 305 559 558 130 514 872 562 362 914 903 185
378 487 923 318 133 451 248 56 819 677 448 112 668 228 488 913 249 201 365 189 865 47 742 309 872 496 130 143 277 543 593 921 459 585 230 365 771 194 288 0 582 41 587 20 39 31 765 683 688 323
335 151 562 473 549 590 735 368 255 813 874 748 710 377 13 714 548 451 176 13 118 825 50 201 590 29 631 894 617 83 413 703 513 864 141 927 763 458 272 436 0 202 892 637 881 328 278 682 486 600
771 77 627 658 150 353 708 757 898 136 473 14 60 715 202 787 344 323 335 494 445 327 914 99 835 721 149 790 868 100 37 871 861 657 421 768 100 857 540 293 129 0 346 53 14 57 648 201 103 350
264 324 832 151 101 268 5 880 713 266 597 909 714 423 915 662 194 727 602 325 110 449 59 833 320 614 521 447 759 771 921 187 4 607 370 206 27 909 159 656 14 181 0 551 140 826 560 319 483 138
385 617 898 161 371 472 771 52 511 802 544 186 613 539 926 87 743 274 231 740 644 407 716 372 624 324 847 17 838 489 282 295 850 368 675 14 197 561 868 518 534 299 166 0 918 132 612 125 71 609
323 374 145 284 134 292 301 555 626 111 797 560 151 251 799 434 440 291 333 873 366 58 237 556 549 452 864 455 781 156 916 36 400 54 635 933 362 341 848 499 262 908 81 779 0 26 471 502 278 631
855 634 10 823 169 370 755 549 67 806 892 623 222 516 682 917 546 621 853 638 405 929 717 147 97 311 529 934 424 811 677 815 832 520 482 869 79 440 838 308 535 396 739 655 408 0 111 254 400 264
740 300 703 655 76 585 734 597 165 1 773 646 491 658 205 819 586 56 199 214 452 406 632 250 423 672 710 766 541 615 5 360 849 690 428 540 467 578 918 576 908 115 16 742 912 722 0 690 646 769
141 574 828 518 39 338 558 276 373 713 103 838 81 255 735 688 84 670 302 613 394 420 179 937 344 803 352 922 922 458 624 745 394 514 197 189 895 193 917 500 897 392 332 428 929 419 99 0 420 45
145 467 105 459 520 929 200 154 455 249 273 238 357 85 206 594 207 217 906 752 247 424 104 906 288 153 586 746 32 170 233 697 702 88 179 313 869 582 764 266 45 765 456 852 536 75 831 920 0 244
29 620 706 287 430 349 478 211 527 679 420 764 156 483 603 630 152 907 361 238 865 188 813 806 674 420 625 523 529 860 550 341 559 263 446 537 34 472 124 633 395 323 35 382 937 477 454 489 434 0
