50
13 56
24 74
9 54
41 23
16 82
6 64
32 71
29 85
23 63
47 100
4 10
47 99
23 77
27 24
24 59
32 86
16 60
32 47
12 32
36 18
13 53
10 100
10 98
48 13
41 23
35 32
36 45
26 83
19 12
49 48
33 76
11 44
9 81
38 56
12 55
20 92
13 24
12 10
17 78
5 3
9 13
40 10
4 22
38 6
43 84
45 37
18 75
44 59
30 30
33 14
0 12 12 4 11 4 6 1 2 10 11 9 13 19 7 18 10 6 10 3 17 16 15 20 5 1 5 17 6 15 11 12 5 17 15 12 13 19 13 19 17 14 3 1 19 7 1 15 19 10
10 0 6 20 13 19 4 8 20 13 12 12 13 11 8 2 3 20 18 10 6 9 1 4 1 19 1 15 6 20 4 1 3 10 19 12 18 4 1 6 5 19 11 10 5 10 17 6 1 10
19 5 0 18 10 16 12 1 13 16 17 6 6 12 11 13 16 10 1 12 1 1 12 20 11 5 12 6 10 20 13 14 11 13 18 10 18 1 18 6 13 9 18 13 14 7 19 2 12 6
2 2 3 0 14 2 6 8 3 6 3 12 15 3 14 11 19 11 9 14 13 6 15 12 1 4 18 7 7 15 19 13 11 16 20 15 13 18 12 14 15 13 14 4 15 12 13 1 13 7
19 2 16 3 0 3 8 11 12 19 17 6 20 11 5 5 12 1 19 19 19 18 12 7 14 12 2 4 17 12 8 4 3 16 5 17 6 20 20 18 10 4 1 20 8 16 6 11 9 2
17 18 20 7 9 0 5 3 20 17 7 9 3 17 3 20 16 20 8 3 2 1 20 2 10 5 3 13 3 7 3 16 20 16 5 17 15 14 8 2 9 19 3 13 14 14 10 7 6 15
14 18 12 5 6 9 0 18 17 19 17 4 7 8 16 17 18 9 10 13 15 1 10 2 3 10 9 5 12 6 20 4 7 12 14 11 6 8 13 14 20 10 4 13 1 17 9 9 7 17
8 1 20 17 2 17 14 0 16 6 18 20 4 14 13 19 17 20 6 1 3 16 6 8 2 19 11 14 5 2 11 17 13 8 9 14 14 5 13 1 12 3 4 11 18 18 16 4 1 14
5 11 3 11 5 18 2 16 0 20 16 2 10 18 19 7 13 1 20 14 20 12 16 18 3 8 1 1 20 15 10 8 19 8 11 8 3 16 1 13 16 9 15 15 17 7 14 19 7 5
7 4 11 10 10 4 10 5 15 0 15 5 13 8 9 4 6 16 1 10 17 9 16 19 19 16 14 12 8 5 2 18 6 16 7 11 17 13 7 19 15 6 18 2 19 3 11 20 5 20
8 18 13 10 8 13 16 11 6 1 0 10 2 11 7 18 15 7 16 4 5 5 12 5 13 3 5 9 5 8 4 4 10 12 1 13 16 5 1 18 12 19 7 16 2 15 15 18 2 20
17 20 6 17 1 2 20 11 16 12 10 0 5 18 7 6 1 20 10 12 15 10 20 20 20 16 13 20 5 17 7 20 11 8 6 13 15 13 12 11 19 19 2 12 1 10 12 20 19 17
19 20 8 12 12 8 5 4 6 7 14 15 0 16 4 2 18 8 16 13 6 10 6 19 13 11 11 6 6 8 11 5 16 7 19 7 7 10 5 9 11 3 1 4 13 12 13 8 8 2
13 13 10 14 9 9 2 5 11 12 2 8 6 0 2 13 3 2 19 3 16 10 17 8 8 16 15 11 9 14 18 10 19 19 7 14 3 2 12 18 4 3 2 4 7 16 7 11 15 20
20 1 12 11 2 14 18 12 7 15 1 3 1 13 0 1 11 17 11 15 15 1 15 3 13 16 19 12 7 18 3 10 7 2 16 15 17 17 1 18 10 18 20 4 12 6 14 7 8 10
20 2 17 5 20 15 2 17 13 11 18 17 3 14 18 0 10 19 3 10 12 8 18 20 16 18 2 12 15 11 17 4 9 14 13 19 18 6 17 10 7 4 17 9 15 18 10 4 20 1
5 12 16 7 1 1 20 1 17 9 5 19 3 14 16 14 0 18 12 15 2 16 15 10 12 19 7 18 13 2 16 11 14 5 18 13 18 6 19 3 2 10 17 15 3 7 14 8 10 6
10 4 14 14 1 10 9 16 7 12 14 17 14 7 14 13 10 0 15 8 2 2 3 9 11 12 9 9 6 11 10 15 19 3 9 11 13 17 1 14 16 11 10 1 5 7 14 5 15 14
16 10 12 14 7 9 20 18 6 20 14 16 9 19 17 19 6 16 0 1 2 8 6 7 14 8 15 17 2 15 10 1 8 4 8 12 10 14 14 2 20 2 19 9 11 18 6 14 15 19
13 3 15 18 18 14 13 11 14 11 2 13 9 5 12 13 11 12 20 0 15 7 2 11 7 6 20 7 12 5 5 12 2 9 6 2 19 5 10 12 4 17 19 19 4 4 13 15 10 11
12 14 16 3 17 17 7 11 4 2 4 11 3 13 11 4 15 6 9 8 0 5 20 12 1 14 8 12 15 11 15 11 4 8 3 19 11 5 17 5 8 2 17 13 9 8 15 6 18 2
16 15 3 14 15 11 19 13 1 20 12 17 5 3 15 6 6 16 1 9 12 0 1 4 8 14 19 15 2 8 10 7 11 14 17 12 12 3 12 10 13 1 6 4 5 13 2 19 2 18
4 18 20 1 18 8 1 16 19 17 12 2 6 15 3 3 9 6 19 15 15 16 0 20 3 12 4 1 17 17 18 14 1 12 1 18 16 18 7 20 18 1 9 6 7 19 14 17 12 10
14 3 14 12 14 15 10 15 10 2 8 14 15 5 9 4 7 1 4 3 16 19 6 0 3 11 15 7 8 6 15 7 14 17 7 13 14 15 13 6 14 11 7 3 12 3 19 3 20 13
9 1 5 8 4 14 16 7 14 5 12 13 10 20 2 13 11 3 19 13 4 6 5 12 0 5 16 6 1 13 8 17 18 9 1 15 13 9 12 5 17 8 11 5 14 20 17 9 6 6
11 10 9 8 6 19 4 18 18 1 4 18 20 4 1 10 10 19 2 19 14 8 16 3 9 0 5 17 11 13 4 2 15 10 13 6 16 7 5 5 5 15 9 10 4 9 10 16 15 4
17 12 8 1 14 2 14 10 10 20 4 10 17 18 15 18 10 7 2 19 1 7 14 20 8 7 0 14 3 4 1 5 18 17 11 18 20 15 8 3 5 19 5 2 9 6 6 11 7 3
11 18 9 7 6 17 5 18 3 9 8 10 10 15 6 2 2 11 17 6 6 11 3 14 7 20 20 0 11 4 2 17 17 15 4 16 13 17 13 5 15 18 7 18 10 17 11 10 3 13
5 18 11 11 1 6 19 9 19 17 2 20 2 17 1 20 20 15 2 20 8 11 20 8 2 6 13 2 0 15 5 15 8 11 18 16 15 5 9 17 5 4 20 7 1 11 13 16 18 1
13 3 11 2 12 11 11 8 4 4 18 12 18 1 3 13 16 20 15 20 18 11 5 20 13 16 2 9 9 0 5 1 14 3 16 5 19 3 15 18 3 12 9 1 6 6 7 20 8 9
14 1 15 2 11 10 5 13 9 5 20 17 12 5 2 19 19 20 2 16 2 11 7 5 1 6 3 19 5 19 0 20 20 12 13 20 15 19 15 14 9 17 18 6 5 20 5 19 2 17
12 20 11 8 5 17 2 16 14 14 15 10 11 17 5 6 7 3 19 20 10 8 16 20 20 11 7 15 2 15 4 0 8 15 1 4 5 12 11 18 15 20 14 13 9 7 14 18 12 4
19 19 7 1 15 11 1 2 13 11 8 14 14 17 7 16 12 1 20 16 17 6 18 17 6 5 11 9 20 3 6 15 0 8 11 17 16 7 10 15 13 7 15 18 3 20 4 13 19 19
3 4 12 10 12 4 6 1 6 18 1 4 7 15 18 13 3 1 7 5 6 18 17 18 4 6 9 17 7 12 13 17 12 0 1 20 20 1 20 13 20 17 4 6 12 12 2 14 13 9
8 7 17 13 14 11 10 14 14 20 17 9 15 10 14 18 15 1 7 12 4 19 16 15 13 11 14 15 16 2 11 11 10 11 0 1 3 18 20 10 14 11 6 8 6 2 5 3 12 16
11 18 16 13 2 1 5 19 5 16 3 1 19 6 8 11 10 12 3 5 9 8 13 8 1 10 20 8 2 13 15 2 13 10 3 0 4 7 3 15 15 11 10 19 17 18 1 11 2 16
17 3 19 19 17 2 19 13 10 14 3 15 20 12 8 15 15 5 14 10 17 12 11 8 3 15 15 9 5 3 8 19 2 14 1 4 0 2 17 14 17 18 19 13 4 8 16 18 12 16
3 14 8 17 8 6 5 7 6 15 3 6 4 12 5 17 8 14 7 13 11 12 7 16 4 1 5 6 18 15 6 13 9 8 12 13 15 0 16 9 15 2 19 20 1 13 16 12 10 11
11 3 1 9 5 5 6 2 2 19 12 20 11 2 4 6 17 13 8 9 1 1 5 19 18 2 15 13 20 3 20 7 16 4 15 3 6 16 0 18 13 17 6 3 17 4 19 13 6 11
18 13 2 16 19 7 8 3 20 3 15 18 19 3 9 19 18 20 3 11 6 11 14 18 3 6 19 7 9 16 2 16 10 13 5 12 1 6 14 0 3 6 9 2 6 16 10 1 1 9
10 9 1 11 14 15 18 17 12 7 6 5 19 14 18 11 4 12 3 4 14 3 20 20 14 8 5 3 19 1 19 13 9 2 5 18 6 3 4 1 0 18 8 9 3 7 2 15 7 8
20 7 11 3 12 1 14 17 16 11 9 4 16 17 17 17 10 18 20 18 4 9 7 2 2 19 16 9 15 18 12 8 15 12 5 16 2 5 13 14 1 0 15 2 19 20 10 6 12 11
3 2 5 18 2 11 15 1 7 14 4 5 12 1 5 1 1 13 8 7 11 4 3 20 5 13 7 6 16 9 9 5 15 7 20 8 19 9 10 19 14 3 0 20 18 1 16 11 10 18
12 14 19 13 2 4 20 14 17 17 7 13 10 10 3 4 18 10 5 20 7 6 13 4 18 20 16 18 3 10 9 19 6 2 11 14 3 2 14 1 5 16 14 0 13 1 3 17 18 1
18 8 1 17 18 7 5 10 4 12 4 14 5 2 9 18 15 9 6 18 15 12 12 9 5 10 6 10 3 2 12 1 8 1 5 4 16 3 13 8 10 15 20 14 0 9 6 7 10 17
9 9 20 4 13 20 18 18 1 9 17 9 20 14 13 4 18 19 15 13 18 7 18 2 3 3 15 10 4 5 17 11 12 10 17 7 7 6 13 4 10 2 18 14 15 0 8 10 19 3
15 16 7 12 9 16 18 19 4 6 1 5 5 1 16 11 19 7 1 12 11 19 7 8 19 16 15 17 7 5 19 4 17 11 4 4 6 15 11 1 5 12 13 13 9 5 0 11 14 11
16 7 4 5 9 5 3 15 17 4 17 11 15 12 18 13 20 10 15 19 15 2 5 10 8 4 7 11 11 8 3 17 7 1 4 18 3 10 18 18 18 17 17 8 20 4 17 0 18 20
7 4 10 17 18 15 13 5 5 4 12 19 8 13 9 15 2 14 17 9 3 5 15 8 7 12 14 7 19 18 20 15 8 4 9 17 13 7 5 15 4 2 13 2 8 5 6 10 0 19
16 13 8 16 12 8 20 6 4 20 18 20 11 13 6 11 12 20 6 2 8 14 11 17 20 10 1 19 6 1 16 10 4 13 3 1 5 17 10 2 16 17 20 15 6 8 1 14 17 0
