100
7 0
9 5
9 19
4 35
6 23
10 47
6 40
5 57
7 41
9 45
4 101
8 53
6 80
2 83
3 94
8 65
9 85
5 165
10 151
8 191
2 139
2 127
10 239
3 113
4 111
3 131
4 304
2 282
3 302
5 140
10 160
6 309
2 243
6 352
8 220
6 329
3 398
10 195
7 369
8 177
8 206
10 248
3 414
3 408
10 377
3 297
9 193
6 392
4 310
6 457
3 390
4 441
5 295
10 429
6 249
7 385
2 611
6 648
5 350
10 665
10 546
4 612
5 300
10 514
6 314
9 386
3 390
8 393
8 551
8 455
3 580
5 378
5 334
5 428
4 717
3 675
6 366
10 674
7 501
8 831
3 705
7 400
9 772
6 613
6 714
4 844
2 477
4 476
6 640
4 933
4 696
5 470
4 1053
7 616
2 453
9 776
4 974
3 440
4 1031
10 417
0 2 1 1 3 3 1 1 2 4 3 2 2 0 3 4 4 0 0 1 3 4 0 2 0 4 4 3 2 4 4 3 3 1 4 3 1 3 0 4 4 0 3 3 0 1 3 1 3 3 2 3 4 3 0 4 4 0 3 3 1 2 1 1 0 3 4 2 3 4 1 2 1 4 1 1 2 4 4 2 4 2 0 3 2 1 4 3 3 4 1 1 4 4 2 4 4 3 1 2 
0 0 4 0 1 0 1 0 4 2 4 1 1 3 2 1 0 0 2 3 0 2 1 1 1 1 0 2 0 3 4 0 3 0 0 0 3 3 0 2 2 1 4 0 0 3 1 0 0 0 1 0 2 2 3 0 0 3 3 3 3 4 3 2 4 0 4 2 0 1 2 2 2 3 2 4 1 0 0 1 0 3 3 3 2 1 0 3 1 3 3 4 4 1 3 4 1 4 3 1 
2 2 0 0 0 0 2 4 1 2 1 4 4 1 2 4 4 3 0 4 1 0 2 3 0 3 3 1 1 3 1 4 0 4 4 2 4 3 4 3 2 2 2 1 4 0 1 3 0 3 2 2 3 4 2 3 4 0 4 2 0 1 1 1 2 2 0 1 0 4 4 2 4 2 0 3 4 1 1 4 4 0 3 0 1 0 3 0 3 0 4 3 3 0 1 0 4 2 3 1 
3 3 0 0 2 2 0 2 3 4 3 4 0 0 3 0 1 0 1 3 0 1 2 4 1 4 2 1 0 4 4 1 0 4 1 4 3 4 2 1 3 2 1 0 0 1 1 3 3 4 2 4 0 1 0 3 3 2 4 0 4 0 2 1 0 0 0 0 4 4 2 4 2 3 0 4 1 3 2 4 4 1 0 1 0 0 4 3 0 3 0 4 0 2 0 0 0 2 3 4 
2 0 1 1 0 0 3 0 1 3 4 2 2 1 3 3 1 0 2 1 0 2 1 1 2 1 3 0 1 1 3 2 0 3 3 1 0 3 3 3 1 2 0 3 3 0 3 1 3 2 2 0 4 1 2 4 2 0 4 3 3 4 0 3 2 1 1 4 4 4 2 1 4 4 1 4 2 2 1 2 4 0 2 4 1 1 3 0 4 4 3 2 3 1 1 2 2 4 1 1 
4 0 4 0 1 0 1 4 0 3 0 2 2 3 2 3 4 3 3 0 2 4 0 2 2 1 0 4 0 4 2 2 0 4 1 0 1 4 0 1 4 2 1 4 2 3 4 4 1 3 1 1 2 1 3 2 0 3 3 0 4 1 4 0 2 1 0 0 2 2 4 2 2 0 3 4 3 2 3 1 0 4 2 0 3 2 2 3 0 0 0 0 3 0 2 3 3 2 3 0 
2 2 4 4 2 2 0 3 2 0 4 4 2 3 1 4 1 4 1 4 1 4 0 3 4 2 0 2 0 0 3 0 2 0 2 3 0 1 3 2 1 2 3 1 1 0 0 4 1 4 1 4 0 3 0 1 0 2 1 0 2 4 2 1 1 4 1 3 1 0 3 4 2 1 2 0 3 0 0 4 4 1 1 1 4 1 2 4 3 3 4 3 4 3 1 3 3 3 1 1 
0 4 2 2 3 2 0 0 1 2 0 1 1 1 4 4 0 0 3 1 0 2 0 3 3 3 2 3 3 2 0 1 2 1 1 1 4 3 1 3 0 3 4 3 4 0 2 1 0 0 2 0 4 4 1 0 0 3 3 3 2 0 2 1 4 3 4 0 3 3 3 3 1 4 3 1 4 0 4 4 2 2 2 4 1 3 4 1 3 4 2 2 0 1 3 1 1 2 1 4 
0 0 4 2 4 2 0 4 0 4 1 0 3 3 4 4 2 4 0 0 4 0 4 1 2 0 4 3 3 4 4 4 1 1 0 0 3 2 2 4 3 4 4 4 4 1 3 1 0 4 4 0 1 3 1 3 1 3 3 1 4 4 1 0 1 1 1 4 1 3 3 1 4 4 2 4 0 1 2 3 2 1 3 3 2 4 1 3 4 1 1 3 0 2 4 3 1 2 2 2 
2 2 0 2 4 3 1 1 4 0 3 4 3 2 2 1 4 4 4 4 3 0 0 4 2 3 3 1 1 0 3 3 4 3 0 1 4 3 4 2 4 0 2 2 2 1 0 1 2 4 2 1 1 2 2 4 2 0 0 3 2 0 3 1 0 4 0 4 4 4 2 1 4 1 3 3 4 1 1 2 2 3 0 4 1 2 0 0 2 0 4 1 2 4 4 3 3 4 4 0 
1 3 1 2 1 1 3 1 2 4 0 3 0 3 0 4 1 2 1 3 1 1 2 2 0 2 3 0 2 0 2 2 1 0 3 0 4 0 3 0 4 3 0 4 3 0 0 1 4 1 4 0 4 4 4 0 3 2 0 2 4 4 2 2 0 0 3 1 2 3 3 2 3 3 3 3 0 4 4 4 0 1 4 2 2 0 2 2 2 4 4 2 4 1 1 1 4 4 2 3 
3 0 0 1 0 1 0 0 0 1 1 0 2 4 2 4 1 2 3 0 1 3 0 0 4 3 2 2 2 1 1 1 1 3 3 0 3 4 2 0 1 0 1 4 0 0 3 3 2 2 4 3 2 1 1 3 4 3 0 4 1 1 2 0 4 0 0 4 2 4 4 3 4 2 4 1 2 0 0 1 4 1 4 1 4 2 4 0 0 1 4 4 2 3 4 3 4 1 2 3 
0 1 3 4 0 3 3 2 3 3 3 2 0 1 4 0 2 2 1 2 4 2 4 3 4 2 2 2 3 3 1 1 0 2 0 2 2 3 0 1 3 0 4 0 1 0 0 0 4 1 2 4 0 1 4 4 4 4 3 2 2 4 1 0 3 1 2 2 1 2 3 1 2 4 1 0 1 3 0 1 1 4 2 1 1 1 2 0 0 2 4 0 3 0 0 1 3 4 0 1 
1 3 4 0 4 2 2 0 0 2 1 3 1 0 0 1 4 2 3 1 4 2 1 4 2 3 1 3 4 0 0 2 1 3 2 3 4 4 0 0 2 4 3 0 3 4 2 2 1 2 4 0 2 2 2 4 0 3 0 1 1 0 4 4 1 1 3 0 2 3 2 4 0 1 0 3 0 4 0 3 3 4 0 2 1 2 2 4 3 4 0 4 4 1 3 2 4 1 3 2 
2 0 1 2 3 3 0 0 4 0 3 3 2 1 0 2 0 3 4 4 3 3 2 2 0 3 1 2 0 4 2 2 3 0 3 0 3 4 2 4 3 0 4 3 2 0 1 4 1 2 1 4 3 3 2 3 3 0 2 3 1 2 2 0 2 1 0 2 2 0 3 0 0 0 1 4 0 2 3 3 1 1 3 4 4 2 4 0 2 2 0 3 1 3 3 3 1 1 2 3 
1 1 0 3 3 1 2 3 0 2 4 2 4 2 1 0 0 4 1 2 3 0 0 3 3 3 4 1 1 2 0 1 0 3 3 3 1 0 2 2 0 1 1 4 2 0 3 0 1 4 2 4 1 2 4 4 2 3 2 0 2 4 1 2 3 0 2 1 2 4 3 4 3 1 4 0 1 2 2 2 3 0 3 1 4 3 2 4 3 1 4 3 0 3 0 0 0 3 2 2 
4 2 3 4 1 4 2 2 3 4 2 3 4 0 4 1 0 0 3 0 1 4 1 4 2 4 1 4 4 1 3 3 1 1 4 2 4 3 4 1 4 4 0 2 0 3 4 1 0 2 3 1 4 0 2 3 1 4 2 3 0 1 3 3 4 2 3 3 3 2 4 4 3 2 1 4 0 0 2 0 0 3 4 4 3 1 2 1 2 1 4 0 2 3 0 1 2 3 4 2 
1 1 1 1 3 3 0 3 0 0 0 0 3 4 1 3 1 0 0 4 0 2 1 0 4 4 1 3 3 4 2 1 2 3 4 4 3 2 1 1 0 1 2 2 1 3 1 1 1 1 3 2 0 4 2 2 0 3 0 0 3 4 1 2 0 1 1 3 0 3 0 2 1 4 0 0 2 1 3 1 4 1 3 0 0 0 4 2 4 4 3 4 0 1 3 0 4 0 4 0 
0 1 2 3 0 4 3 4 0 2 0 2 0 3 2 3 1 3 0 0 2 2 0 3 4 2 1 0 1 1 4 3 3 0 3 2 2 2 2 3 0 1 1 4 2 1 1 0 2 4 2 4 3 3 4 2 0 1 4 3 2 3 2 3 0 2 0 4 1 2 3 1 1 4 0 3 0 3 3 0 4 0 1 4 0 1 4 0 2 0 1 1 4 0 4 1 2 1 1 3 
1 4 2 2 0 4 0 2 0 0 4 1 2 1 3 3 4 2 3 0 1 2 1 4 3 1 1 0 3 2 3 4 3 4 1 2 4 2 2 3 2 4 3 4 2 1 2 0 0 1 0 3 0 2 2 1 3 3 3 4 3 1 3 1 0 4 1 1 1 0 1 1 0 4 0 2 2 4 4 2 2 4 0 2 1 0 3 2 3 1 1 1 4 4 0 4 0 3 2 3 
3 4 4 3 0 1 2 3 2 1 0 4 3 3 4 4 3 2 3 3 0 1 4 2 0 0 4 2 0 2 1 1 0 0 0 1 1 4 0 1 1 2 1 1 0 1 2 1 4 4 2 0 2 1 2 0 4 1 4 1 0 0 2 2 3 0 3 1 4 4 2 2 3 0 0 0 2 2 1 3 4 0 3 1 2 0 3 3 3 2 4 3 3 2 1 3 4 1 4 0 
2 1 2 0 1 3 2 3 2 4 2 1 1 2 3 3 3 3 1 3 1 0 3 4 1 2 2 4 1 3 3 1 1 4 3 3 2 3 1 3 1 2 2 2 3 4 2 4 4 1 2 3 4 0 2 0 2 4 4 0 4 2 1 2 3 2 1 0 0 4 3 3 3 2 3 3 2 0 2 1 3 2 4 2 4 3 2 4 2 3 4 4 0 3 1 0 0 4 3 2 
0 3 1 3 1 4 4 3 1 1 4 2 0 1 4 0 1 4 1 1 2 0 0 0 0 3 1 0 0 3 3 0 3 2 3 4 0 4 3 3 0 4 4 4 2 2 4 4 4 0 0 0 4 0 2 4 1 3 2 3 1 2 3 2 1 3 1 1 2 4 4 0 0 1 4 2 3 0 1 4 0 1 1 0 4 3 1 2 2 3 0 0 3 1 4 4 4 0 1 4 
4 2 4 2 3 3 4 4 4 3 3 4 1 0 1 2 0 3 4 2 3 2 0 0 1 0 4 3 1 2 4 0 3 3 4 0 4 3 2 3 4 0 3 0 3 0 2 1 1 2 0 0 2 4 2 4 4 4 4 3 1 0 3 1 3 0 2 2 3 4 2 4 1 3 4 4 0 1 0 1 0 3 4 3 4 3 4 1 2 3 4 0 3 2 2 3 4 4 1 4 
0 0 3 1 0 3 0 1 1 3 4 2 1 3 0 0 2 1 3 1 4 2 2 4 0 2 4 2 1 0 0 1 0 3 4 3 3 4 3 4 1 3 4 3 1 4 0 4 3 3 2 2 2 0 4 3 2 0 2 0 2 0 1 2 3 3 2 1 2 2 3 0 1 4 3 2 0 0 1 1 3 4 3 2 1 4 2 0 4 0 0 3 0 4 2 0 4 4 3 3 
1 1 4 2 2 4 2 0 2 3 1 2 4 4 0 2 0 4 2 1 1 0 4 1 1 0 1 3 2 0 2 0 1 0 1 1 0 1 3 0 0 3 1 2 3 2 4 0 2 4 0 3 0 2 4 4 3 0 2 0 2 1 2 3 2 4 1 2 2 4 2 2 3 0 1 3 2 1 3 1 0 0 1 2 2 0 1 0 0 1 2 4 2 2 4 1 3 1 0 0 
0 4 4 0 4 0 3 3 3 4 4 3 4 2 1 4 2 4 1 4 0 4 3 0 3 3 0 1 1 4 2 3 1 1 2 2 3 4 2 1 3 1 3 3 3 0 1 2 0 1 3 4 3 4 0 3 2 3 2 0 4 4 3 0 2 2 4 2 2 2 4 2 0 4 0 3 1 2 2 1 0 1 3 3 2 3 4 0 3 1 0 2 2 1 4 1 3 4 4 0 
3 0 2 0 1 0 4 2 2 1 1 4 4 4 2 2 4 3 4 2 1 1 4 0 2 3 4 0 1 4 3 3 4 0 3 0 1 3 4 0 2 2 1 1 4 2 0 3 1 4 2 3 2 0 4 3 3 0 2 1 4 2 4 4 2 2 1 0 2 2 2 4 4 1 2 0 3 3 3 2 4 2 0 1 3 2 1 3 2 3 4 1 2 0 2 1 3 3 3 2 
0 1 2 2 2 1 4 2 4 0 4 3 2 2 2 2 4 3 0 1 4 1 4 1 2 4 0 2 0 4 3 4 2 4 3 1 3 0 0 1 4 0 2 0 0 4 2 2 0 2 0 1 1 1 3 0 3 2 0 0 1 0 2 0 2 0 1 0 0 2 3 2 4 3 4 4 2 1 4 0 0 1 3 4 2 1 1 3 0 3 0 2 3 2 2 0 3 1 3 0 
3 3 4 4 1 3 4 1 1 0 1 2 1 4 3 0 3 4 0 3 2 1 2 2 3 2 3 3 3 0 3 4 3 3 0 2 2 4 1 3 0 3 1 2 1 2 2 2 0 1 2 4 3 0 3 1 4 0 1 4 3 1 0 3 4 1 1 1 0 4 1 0 3 2 0 4 2 2 3 2 1 3 3 4 3 4 2 4 4 0 4 0 3 4 3 3 2 4 1 2 
4 3 0 4 2 2 0 1 1 4 1 2 2 4 4 0 0 3 2 0 4 1 2 2 2 2 2 0 4 1 0 4 3 4 1 4 3 3 4 0 2 3 1 1 2 2 0 0 0 1 2 0 2 0 4 1 2 1 4 4 0 0 1 0 1 2 1 1 3 1 3 0 1 1 1 1 1 4 1 1 0 0 3 2 0 2 3 4 0 4 1 3 1 2 3 4 4 0 1 4 
3 1 4 4 3 3 0 4 4 3 0 1 3 0 3 0 2 3 2 4 0 3 2 1 0 3 1 1 0 4 1 0 3 0 2 4 3 2 2 4 1 0 1 2 1 1 2 1 0 3 3 2 3 3 4 1 3 2 4 0 4 3 3 2 1 0 4 1 0 1 1 1 1 4 1 4 1 0 1 3 3 1 0 3 0 2 0 0 1 4 2 1 0 0 0 1 3 4 2 3 
0 0 1 4 0 4 3 3 0 1 1 0 3 4 4 0 1 4 2 2 0 0 0 0 2 1 1 2 0 1 2 3 0 1 1 2 1 0 0 1 0 2 3 1 2 4 2 4 0 1 1 4 3 3 0 4 1 3 2 0 3 3 3 1 2 1 0 0 1 1 2 4 0 2 2 2 1 4 1 3 2 4 4 0 3 1 1 1 4 4 1 0 4 1 3 1 2 4 2 1 
0 1 2 0 3 4 4 1 0 0 1 4 4 0 4 4 2 1 0 3 2 2 3 1 0 2 0 3 1 4 1 3 0 0 3 0 0 2 4 1 4 4 2 3 0 4 4 0 3 2 2 2 4 4 2 3 2 4 0 2 2 4 3 0 1 1 0 3 0 1 4 1 0 3 4 3 4 3 0 3 1 2 0 2 4 4 0 1 4 2 3 3 1 3 1 4 4 1 2 1 
3 3 2 0 3 1 0 3 1 2 1 2 2 3 2 1 2 2 4 3 2 2 2 3 2 3 0 1 1 2 4 1 3 1 0 4 1 4 1 4 0 4 2 0 1 2 2 4 2 1 3 2 3 2 1 4 4 4 4 2 3 3 1 1 1 2 0 3 1 4 4 3 3 2 3 1 1 0 0 3 2 0 1 0 2 2 1 3 4 0 0 4 4 3 0 0 0 3 0 3 
2 0 1 2 4 2 0 0 2 2 1 1 2 2 4 1 1 0 4 2 3 1 1 2 4 4 4 1 4 0 4 3 2 2 2 0 1 4 2 1 4 4 2 0 1 1 1 4 0 2 0 4 0 1 3 4 2 2 3 3 3 0 4 1 2 1 3 0 3 0 2 2 1 1 4 2 0 1 3 2 0 3 1 2 4 4 1 3 1 1 1 1 4 0 2 1 3 0 2 1 
2 1 3 3 4 0 2 4 1 0 1 1 3 0 3 4 4 1 2 3 2 0 4 1 0 2 0 1 4 4 2 4 2 3 2 1 0 3 0 3 1 2 1 2 3 1 2 4 3 3 2 1 2 2 0 1 0 4 1 1 1 2 0 0 4 3 2 0 3 4 0 4 4 2 3 2 0 0 1 3 0 0 4 0 0 2 1 0 3 4 3 4 3 3 4 2 4 4 4 2 
0 0 4 4 4 2 3 4 0 2 3 2 2 4 2 4 1 0 4 2 1 4 1 4 3 3 1 4 4 3 3 4 3 2 1 2 2 0 1 1 2 3 1 1 3 1 1 2 4 3 4 3 0 3 2 1 3 0 0 2 1 3 3 2 3 0 3 0 2 0 3 1 0 2 3 0 0 4 3 1 4 4 0 4 2 2 3 3 4 3 2 0 1 0 2 4 3 3 1 0 
0 1 4 2 3 2 3 3 3 1 0 2 2 0 4 1 4 2 4 3 2 4 0 0 4 4 1 2 2 2 0 2 3 4 2 4 3 0 0 2 3 1 4 2 0 4 1 1 0 0 1 3 4 0 3 4 1 3 0 1 2 4 1 2 0 2 4 4 0 4 3 3 2 3 2 2 2 1 3 3 1 1 3 3 3 4 2 2 4 0 3 1 4 1 0 1 3 4 0 0 
0 4 0 2 2 2 1 1 3 2 1 2 3 0 0 4 1 4 1 0 4 1 3 1 2 4 2 2 0 0 2 1 1 2 0 3 1 2 1 0 0 4 3 4 4 0 4 3 1 0 1 3 2 2 1 0 4 0 2 1 1 4 0 4 0 2 4 0 4 1 2 1 2 0 0 2 0 1 2 3 1 4 1 0 3 2 0 3 0 0 1 3 4 2 2 0 1 1 0 2 
0 4 0 2 4 0 1 1 3 4 1 2 0 2 2 3 2 3 3 4 3 2 2 4 1 4 1 4 2 4 2 2 3 4 0 0 0 3 3 0 0 2 0 2 4 4 2 0 1 0 3 2 0 2 4 1 3 0 3 3 3 2 2 2 2 1 4 2 3 3 1 4 2 3 3 2 2 0 4 1 2 4 3 4 2 3 1 0 0 4 0 0 3 2 3 2 1 2 2 1 
2 0 2 0 3 1 4 0 3 3 1 1 2 0 0 1 0 3 2 2 4 4 3 4 4 3 2 0 2 4 1 0 1 4 2 4 2 1 4 0 1 0 3 3 0 0 1 2 2 4 1 4 4 2 4 0 1 2 2 1 0 3 0 2 4 1 4 0 3 2 2 0 0 0 4 2 2 2 1 4 1 2 0 2 0 0 0 1 2 2 0 4 3 2 1 4 3 2 0 3 
4 4 3 1 4 4 4 3 1 0 4 0 0 4 4 2 1 4 0 4 4 0 0 4 2 4 3 2 1 0 0 3 4 1 4 0 0 3 3 4 1 4 0 4 1 4 0 3 0 0 3 1 1 1 2 0 0 3 0 3 4 1 3 2 2 4 4 0 2 2 0 1 0 0 2 1 4 2 4 1 4 0 0 2 1 4 2 1 2 0 1 1 1 0 1 0 1 0 0 0 
4 1 1 0 1 0 3 2 3 3 3 4 0 3 2 1 2 1 4 1 1 1 3 4 3 1 2 4 1 2 2 2 0 3 2 1 4 1 0 4 1 1 0 0 1 1 2 4 1 1 3 2 4 1 0 4 4 1 3 1 4 0 3 2 1 3 1 4 2 2 2 3 0 3 4 3 4 3 2 0 4 3 3 4 1 0 0 1 4 3 4 3 0 2 2 3 0 4 0 0 
3 2 3 4 0 4 4 4 3 4 2 2 4 0 3 0 2 0 1 1 0 2 2 1 4 4 4 2 3 4 4 4 3 4 0 3 4 4 0 2 3 2 1 2 0 4 2 3 1 2 1 3 0 4 0 1 0 4 2 4 0 4 3 1 2 3 1 1 2 0 3 1 4 0 2 3 4 1 3 0 4 2 0 1 1 0 2 3 2 1 3 4 2 1 0 0 1 1 3 3 
3 1 1 4 3 4 3 2 0 3 2 1 0 0 2 1 0 1 2 4 0 0 3 2 3 0 4 0 1 2 0 2 0 4 1 3 3 4 2 0 3 2 4 0 2 0 3 2 2 2 1 2 2 3 2 1 1 3 1 3 1 0 1 3 1 0 2 1 0 1 4 2 1 1 1 2 3 2 1 2 1 2 1 3 0 4 1 3 4 2 4 2 3 0 3 1 2 0 2 4 
1 3 1 0 4 0 4 2 2 2 0 3 1 1 3 3 2 4 3 3 4 2 1 4 4 4 0 3 4 4 2 2 3 4 4 4 4 0 2 3 2 4 3 3 2 1 0 3 2 2 2 0 3 4 1 2 1 2 4 4 1 4 2 1 4 1 0 3 2 1 2 0 0 3 3 1 3 1 4 0 0 3 0 4 3 4 1 1 1 3 0 0 2 4 1 3 0 3 3 4 
1 1 4 2 4 4 3 2 2 4 4 3 3 2 2 3 1 0 4 4 3 4 4 2 4 2 2 1 1 1 3 4 4 4 1 0 4 4 0 3 1 4 1 4 1 0 2 0 4 3 1 4 3 2 0 3 3 3 0 2 1 3 0 0 2 4 4 3 0 0 0 4 1 4 2 0 3 3 2 2 3 0 3 1 0 4 1 3 4 2 2 0 2 2 2 0 4 1 0 4 
2 2 3 0 3 1 1 1 1 0 1 1 3 4 2 3 3 1 3 2 3 1 4 2 3 2 4 2 0 1 4 4 3 2 0 2 0 3 0 3 0 1 4 3 1 4 1 4 0 0 0 4 0 3 3 2 3 2 2 3 0 3 2 4 4 1 1 1 2 4 1 2 0 0 2 0 1 1 2 2 1 4 1 3 2 2 0 2 4 4 0 1 0 2 1 4 4 4 2 3 
1 0 0 3 0 4 3 1 0 2 4 3 3 2 1 2 1 4 0 1 3 0 4 3 3 0 4 4 0 1 4 3 2 4 1 2 1 4 1 1 2 2 2 0 4 0 3 1 4 0 3 4 0 0 3 3 0 1 0 4 3 1 3 1 0 0 2 0 1 3 1 4 0 3 3 3 4 4 1 2 3 1 3 3 1 4 4 2 0 4 3 0 2 4 3 3 1 2 0 2 
0 1 3 1 1 2 4 0 1 2 0 1 3 3 2 1 2 3 3 4 2 4 1 1 3 4 1 4 1 1 3 2 2 1 0 3 0 1 1 3 0 1 2 0 1 4 1 4 4 2 0 0 1 1 2 4 4 3 1 3 0 4 3 4 2 1 1 2 2 4 0 2 4 3 1 4 0 0 0 1 4 4 1 2 0 0 4 1 4 2 1 1 1 4 0 3 1 3 3 0 
2 0 4 1 4 1 2 1 3 4 2 0 4 0 4 1 1 3 3 0 0 4 3 2 4 0 2 2 3 2 4 2 3 3 0 4 4 2 0 3 1 4 3 2 1 2 4 2 1 2 4 0 3 1 2 2 2 2 0 1 2 4 0 4 2 4 4 3 0 1 0 3 0 4 3 2 1 1 1 0 4 3 2 4 2 1 2 1 1 2 0 3 3 0 0 1 1 4 1 2 
3 2 2 3 3 1 2 4 4 4 2 3 4 1 4 3 2 1 2 3 0 2 4 4 4 4 2 1 0 3 0 3 0 2 3 4 3 1 0 2 0 4 2 1 0 2 0 0 0 4 0 1 0 1 4 0 2 0 2 3 1 2 3 4 3 3 0 4 1 1 4 1 1 4 0 4 1 4 1 1 0 0 2 1 3 3 3 1 1 2 4 2 4 0 3 2 3 3 3 1 
4 3 4 2 4 0 2 2 4 3 1 4 1 3 2 4 3 0 0 4 4 2 3 4 2 4 3 2 2 2 0 4 2 2 3 3 2 2 0 3 1 1 0 4 1 2 3 2 0 4 1 1 3 0 2 0 2 1 4 4 0 3 1 4 0 3 3 3 2 0 0 1 3 2 3 4 0 2 3 2 4 4 1 1 2 3 1 4 4 2 0 1 0 3 1 2 2 1 2 1 
3 3 4 4 2 2 3 2 0 3 0 4 2 1 0 1 1 4 0 2 1 2 3 4 1 1 3 0 2 1 1 3 1 1 2 3 0 2 2 0 1 4 2 3 2 2 0 3 3 2 0 0 0 4 0 1 3 0 4 3 0 2 1 3 0 4 2 0 0 4 3 0 2 2 2 3 0 2 0 0 0 2 1 2 4 2 0 4 4 2 2 1 4 1 1 0 0 3 2 0 
0 0 3 4 0 0 2 2 4 2 2 0 2 0 4 1 4 0 1 1 2 0 2 3 1 1 0 4 1 3 4 3 3 2 3 0 0 0 2 4 3 2 1 0 4 1 3 1 3 1 2 0 4 1 3 0 0 2 4 4 4 4 1 2 4 0 2 0 0 3 4 2 3 3 0 0 3 3 3 4 1 2 3 3 1 4 4 3 4 0 0 0 4 1 4 3 3 2 0 1 
2 2 3 0 0 0 0 0 1 0 4 2 2 4 3 0 1 2 4 0 4 4 2 3 2 1 3 0 0 1 3 2 3 3 2 0 4 4 1 0 0 2 4 4 2 2 0 3 1 1 0 2 2 2 0 4 0 0 1 1 1 4 0 0 2 3 0 4 4 4 0 4 1 3 1 3 0 3 0 0 2 1 0 4 3 2 2 4 4 0 0 0 4 2 1 3 3 3 4 2 
2 0 4 1 3 0 4 0 0 4 0 2 2 2 4 0 1 3 1 0 3 3 1 4 1 4 4 1 4 3 3 1 0 2 4 3 2 3 0 3 4 2 2 1 4 3 3 0 1 4 1 1 3 4 2 1 0 0 3 2 4 2 0 2 4 0 2 0 2 2 0 2 2 3 0 3 4 0 2 0 2 1 3 3 1 4 3 2 4 1 1 0 0 2 4 0 4 1 0 1 
4 0 1 1 0 3 4 0 3 3 2 0 0 0 1 1 4 4 1 0 0 2 2 1 1 1 1 0 0 3 4 1 3 0 2 1 3 3 1 3 2 0 1 4 0 2 2 1 3 3 3 0 3 2 1 4 3 4 0 0 0 2 1 1 3 1 3 4 1 4 2 4 3 2 0 4 4 4 1 2 2 2 2 3 2 4 1 1 2 3 3 3 2 4 4 0 2 0 1 3 
1 0 0 1 2 2 0 3 2 3 0 1 0 2 1 4 1 3 1 1 3 1 1 0 3 2 3 0 4 4 1 0 0 3 1 4 0 1 3 4 2 3 1 4 3 2 4 4 2 2 2 2 3 3 3 1 3 1 4 0 2 2 0 0 4 3 1 4 0 0 4 0 2 4 1 1 2 0 2 4 0 4 1 2 3 2 2 1 0 3 0 4 3 2 4 2 2 3 3 3 
3 4 3 2 4 1 0 1 3 3 2 3 4 1 3 2 0 0 1 2 1 3 1 4 3 1 3 0 4 4 3 4 3 1 1 4 4 3 3 3 1 0 1 3 1 1 0 1 2 3 3 0 4 2 1 2 3 1 2 4 0 0 1 0 1 4 1 0 4 1 3 2 0 1 0 3 4 2 0 3 1 4 3 1 3 0 2 2 0 3 4 1 1 2 1 2 2 4 4 3 
1 0 0 1 3 2 1 2 1 1 0 2 2 4 3 2 1 2 4 2 1 4 0 4 1 2 3 0 1 2 3 4 4 0 0 2 0 1 0 1 0 2 4 2 3 4 0 0 4 1 4 2 2 4 1 4 3 4 1 0 1 0 2 4 3 2 2 0 4 0 2 1 0 2 2 0 0 3 2 2 2 3 3 4 1 0 0 2 3 1 3 3 0 0 0 3 0 2 0 4 
2 3 2 0 0 1 0 2 0 2 0 4 0 0 4 3 0 1 0 4 0 4 4 0 1 4 3 3 1 3 0 1 3 2 3 0 1 3 3 1 0 0 0 2 0 1 1 1 0 3 0 0 4 1 0 1 1 0 1 4 0 1 0 0 4 1 0 4 2 3 4 0 0 4 2 0 0 4 3 3 1 1 0 3 1 1 0 4 2 0 0 4 2 4 1 1 2 2 3 1 
0 2 1 3 4 0 3 1 4 1 4 2 2 1 0 0 2 0 4 2 2 2 1 0 1 2 3 0 4 3 1 2 3 4 2 2 4 0 3 1 3 4 3 2 0 1 3 4 1 4 3 4 1 4 1 2 4 4 2 0 3 0 4 0 1 4 1 0 4 1 3 0 1 4 3 4 1 4 4 0 3 3 4 4 0 0 0 4 4 1 4 2 1 4 1 4 4 0 4 0 
1 4 0 0 3 0 4 4 2 0 2 0 3 1 4 0 1 1 0 3 4 1 2 1 0 0 0 1 0 0 1 4 4 3 4 0 4 0 4 1 0 1 3 0 4 4 1 3 2 1 3 1 2 0 2 4 0 0 3 3 0 4 2 1 0 0 1 1 1 3 3 2 3 1 2 0 1 1 1 1 3 4 4 4 1 4 4 3 1 4 1 4 1 2 3 4 2 4 3 3 
4 3 2 4 4 4 0 2 2 1 3 2 1 4 4 4 3 3 4 2 4 0 3 2 0 2 3 4 3 1 0 3 1 2 2 3 4 2 0 3 1 1 1 4 0 0 0 1 3 0 0 4 2 3 3 2 2 1 2 1 0 2 4 1 1 0 3 4 0 3 2 1 1 3 2 0 0 2 0 1 2 0 1 3 3 2 1 2 4 2 4 0 2 1 1 1 0 2 0 2 
0 4 3 1 2 0 3 3 4 0 1 1 1 3 4 1 2 2 0 1 2 0 4 4 3 0 2 3 4 0 1 1 4 4 4 4 2 2 2 1 3 0 0 1 0 1 4 2 4 4 4 1 1 3 2 0 0 0 0 0 2 3 3 1 0 3 0 0 2 0 4 0 0 0 0 1 0 2 2 3 3 2 4 1 3 4 3 0 4 0 3 1 2 1 0 1 3 3 1 2 
0 1 3 3 3 0 4 3 4 4 3 4 1 4 0 1 3 1 4 0 3 2 1 3 0 3 4 1 3 0 3 1 3 3 4 1 4 0 2 0 4 0 0 2 0 0 4 0 1 3 0 2 2 4 0 4 2 4 0 3 1 4 4 0 2 0 3 0 3 0 0 4 0 3 4 2 3 4 3 0 3 3 1 0 0 0 0 0 4 1 0 2 2 1 3 4 4 0 3 2 
1 3 1 3 1 2 2 1 2 3 2 2 1 3 4 4 0 1 4 4 2 1 4 4 0 2 4 4 3 4 3 1 2 2 1 1 4 3 2 3 1 1 0 0 1 4 4 1 0 0 3 4 3 2 4 3 1 0 4 1 4 3 2 3 2 0 4 1 0 1 4 2 4 2 2 4 4 4 3 2 1 0 0 1 4 4 2 4 1 4 4 2 0 4 2 3 1 4 0 4 
0 1 1 0 3 1 4 2 2 0 2 0 0 4 3 1 4 2 1 0 1 2 4 3 1 3 4 4 3 4 0 3 0 4 3 3 2 0 3 1 2 2 1 2 1 0 1 0 2 4 2 1 1 4 4 4 2 0 0 2 4 2 3 1 1 3 2 3 3 0 0 4 0 4 3 0 0 0 3 3 2 2 0 0 0 1 2 1 1 2 3 3 4 0 1 0 2 0 2 2 
0 4 4 3 3 2 3 1 2 1 4 1 0 4 2 2 3 1 3 4 3 1 4 4 3 1 0 0 3 4 0 0 4 4 3 4 1 1 0 0 4 4 1 1 1 0 3 4 3 3 3 4 4 4 3 0 0 3 0 0 3 0 3 4 1 1 3 4 0 1 0 4 4 0 3 1 3 0 1 2 4 0 2 3 1 2 3 1 4 2 2 2 2 4 0 3 1 3 1 2 
3 4 2 0 0 2 1 3 2 4 3 3 4 2 3 1 1 2 2 1 1 4 0 3 1 2 1 4 0 4 1 4 4 0 4 1 4 2 1 2 1 4 2 1 4 1 2 0 0 1 1 1 1 3 1 4 0 4 0 1 3 3 2 4 4 1 0 3 0 4 2 0 1 3 0 4 2 3 3 3 0 0 1 1 3 2 4 2 2 3 4 0 3 2 2 3 1 0 0 2 
0 4 4 4 0 1 3 4 1 4 4 1 4 3 4 2 0 3 1 4 3 2 2 2 4 4 2 3 2 2 0 2 4 1 3 1 0 2 2 3 3 2 0 2 2 1 1 4 2 4 0 0 1 2 2 2 2 4 0 4 4 2 3 3 4 2 1 1 1 3 4 4 0 2 1 3 1 0 1 0 2 0 3 2 3 0 0 2 4 1 3 0 0 0 4 0 1 3 3 4 
4 2 4 0 1 2 0 3 2 1 0 4 3 3 2 3 1 4 0 0 2 3 1 0 1 0 0 4 3 1 4 4 3 0 1 1 2 1 1 0 2 4 4 2 2 3 0 3 4 0 4 4 1 2 4 4 4 1 3 2 2 2 3 2 2 4 4 0 2 0 2 4 4 0 3 3 4 4 3 4 0 0 0 4 1 2 3 0 1 0 4 0 2 3 0 2 3 1 1 3 
3 3 2 4 0 0 2 1 4 0 0 0 1 3 1 4 2 0 2 4 2 3 1 1 1 2 3 4 0 4 4 4 0 3 3 2 4 3 3 0 3 0 2 1 3 1 3 1 1 0 2 3 3 0 1 1 2 0 3 0 1 4 4 1 3 4 0 4 2 3 1 3 1 1 0 1 4 2 4 2 0 1 1 0 1 2 1 3 1 1 3 1 3 2 2 1 2 2 4 3 
4 2 0 4 0 3 1 2 2 2 4 2 4 3 2 2 0 3 2 3 2 0 2 2 0 4 3 2 1 2 3 3 2 0 4 2 3 0 4 0 0 1 4 1 4 1 3 1 1 1 1 3 1 3 0 3 3 1 3 1 0 1 1 4 1 1 2 1 1 3 1 3 1 2 4 0 2 3 3 0 4 4 2 0 2 2 2 1 0 3 4 4 1 2 0 0 3 1 4 4 
0 3 2 3 1 4 3 4 4 3 4 0 4 3 0 1 1 3 4 3 3 0 2 4 2 0 2 0 1 1 1 1 1 0 2 3 4 2 2 0 0 3 1 1 4 3 4 0 3 4 0 2 1 3 3 4 3 0 1 1 2 3 0 3 0 2 3 0 1 2 2 3 3 3 4 2 0 2 3 4 2 4 4 1 1 4 0 2 4 2 3 1 1 3 1 2 4 0 0 1 
3 3 3 1 1 4 0 3 3 0 4 0 2 3 2 3 3 4 0 2 1 0 0 3 4 1 0 0 3 0 1 1 0 1 4 3 0 1 3 3 2 2 1 4 1 3 4 1 4 1 0 0 1 1 0 2 4 0 2 3 3 3 1 0 0 1 4 2 4 2 3 1 0 4 2 3 2 0 3 1 1 4 1 3 1 2 4 3 2 1 3 2 1 1 0 2 3 3 1 3 
3 0 1 1 0 0 4 0 4 4 1 2 4 3 0 2 2 1 2 4 3 0 3 1 4 4 3 4 4 1 2 2 2 3 4 4 3 0 0 2 1 1 1 0 1 4 2 4 0 2 0 0 2 1 2 1 2 2 1 1 4 3 1 1 4 0 0 2 2 2 2 3 1 3 1 2 4 0 0 3 0 2 1 2 0 2 4 3 4 4 4 0 3 0 1 1 4 3 3 3 
2 1 0 3 4 1 4 3 0 1 2 2 4 3 0 4 0 1 4 1 0 4 1 3 1 0 1 0 0 0 3 0 3 1 3 2 4 4 0 1 0 2 4 1 2 1 0 4 2 2 0 3 1 4 3 4 1 0 4 1 0 4 1 0 2 1 2 3 2 2 0 3 2 1 4 1 2 2 1 0 4 4 3 4 2 2 3 1 0 0 2 2 2 3 0 2 3 4 4 1 
1 1 3 4 0 4 1 2 1 0 0 3 4 3 2 3 3 2 4 3 2 3 2 4 3 3 1 1 2 0 3 3 4 3 0 1 3 3 3 1 3 3 4 4 4 2 2 2 4 3 0 2 1 3 3 4 3 0 3 2 2 3 2 1 1 2 3 4 0 3 1 0 4 0 4 3 4 1 2 1 0 1 2 0 2 2 3 4 2 3 4 4 1 2 2 4 3 1 2 3 
4 3 1 4 2 3 4 2 3 0 4 4 4 3 4 1 3 4 2 0 3 1 2 1 0 4 0 4 2 0 4 1 0 0 1 2 3 0 4 3 2 0 2 1 3 3 0 1 3 4 4 3 3 1 1 3 2 3 4 4 0 3 1 0 3 4 4 4 1 0 2 3 0 2 2 4 2 4 2 2 3 0 1 2 3 2 3 4 1 2 3 1 4 2 4 0 2 3 4 3 
4 0 1 4 2 0 3 1 2 2 1 0 3 2 2 3 2 3 2 3 2 1 1 1 0 0 3 4 0 0 3 1 0 1 3 4 1 3 1 3 3 4 0 1 1 0 1 0 0 4 4 2 2 2 0 4 0 4 0 2 4 3 4 1 4 4 0 2 2 3 3 0 2 3 3 1 0 0 1 0 1 2 0 4 0 0 0 1 2 4 1 4 0 2 3 3 1 4 0 1 
2 1 4 4 3 2 3 1 0 0 0 0 1 2 0 3 4 0 1 1 1 2 3 3 4 3 3 3 3 3 4 2 4 3 1 0 2 4 1 4 1 1 0 4 1 2 2 2 2 3 1 0 3 4 0 4 2 3 2 0 1 3 4 3 3 1 3 3 2 1 2 4 0 2 3 3 4 1 2 3 1 3 0 0 1 2 2 1 2 0 3 4 4 4 4 4 2 0 4 2 
4 0 0 3 2 4 2 2 1 0 0 1 3 3 4 0 3 1 1 2 4 1 1 3 0 2 4 0 4 3 4 4 0 4 2 3 1 1 2 2 1 2 3 0 3 2 2 3 1 3 0 0 1 3 0 4 1 4 1 2 2 0 1 2 0 1 2 1 2 0 0 1 4 0 1 2 3 0 0 1 3 2 1 1 0 1 3 0 4 2 1 1 1 2 0 0 4 1 3 2 
3 0 4 4 1 4 2 1 4 2 3 0 2 1 3 4 2 1 1 1 3 3 4 1 2 4 2 3 0 2 2 1 4 1 2 0 0 2 1 0 1 0 0 1 3 4 0 0 2 3 3 3 3 4 4 2 4 1 0 1 0 4 2 4 0 2 0 3 4 3 3 2 0 0 3 3 1 0 0 4 4 0 2 2 0 0 3 0 4 2 2 0 2 2 0 4 4 4 1 2 
0 4 0 2 2 3 1 0 4 3 1 0 2 1 4 2 1 3 2 2 0 1 0 4 3 2 3 3 1 4 0 3 1 3 0 3 1 3 3 2 2 1 3 1 0 2 3 1 2 2 1 2 4 3 4 4 0 2 2 3 2 0 1 0 3 1 3 1 2 1 3 4 0 3 0 0 3 1 3 0 3 4 0 2 2 4 0 2 4 1 1 2 0 1 3 2 1 2 0 4 
4 4 0 0 4 3 2 4 1 3 2 2 2 4 4 1 3 3 0 3 1 2 0 4 0 4 1 2 3 2 1 2 1 3 2 0 2 4 1 0 0 0 4 2 4 3 0 0 1 1 3 0 3 0 4 3 1 0 2 4 4 1 1 0 4 0 2 3 2 0 4 2 1 3 4 2 2 4 2 0 2 2 0 0 3 1 1 0 4 2 0 4 1 1 2 4 3 3 3 1 
0 4 2 4 2 3 3 4 0 4 4 2 2 1 0 4 1 1 2 1 3 3 2 2 1 4 3 1 4 1 0 1 0 2 0 4 0 0 4 2 2 0 2 1 3 2 0 0 3 3 3 4 3 2 3 4 1 1 3 3 2 3 4 0 0 0 4 3 0 0 0 2 0 2 3 1 4 1 3 0 1 1 4 1 3 2 0 1 0 3 3 4 2 3 4 2 4 1 2 2 
3 2 4 3 0 4 3 1 0 4 4 0 2 0 1 3 0 0 1 3 0 1 3 3 0 4 2 4 0 4 3 0 4 4 3 4 3 2 0 1 1 1 1 1 3 0 4 3 0 0 1 3 2 1 3 4 2 0 0 2 2 3 3 1 4 1 2 0 0 2 1 4 3 2 0 3 4 4 1 2 2 4 0 1 3 3 0 0 0 0 0 0 2 0 0 0 4 3 2 1 
4 1 2 3 1 2 3 4 1 4 0 3 3 2 3 1 2 3 1 2 4 3 2 1 0 2 2 2 3 1 3 2 3 1 0 4 3 0 4 4 1 1 0 0 3 0 1 0 4 0 0 0 0 2 3 1 2 2 0 0 4 3 4 2 1 1 1 4 1 0 1 2 2 3 4 2 3 3 0 4 3 0 4 0 4 3 1 3 0 3 0 0 1 2 4 3 3 0 2 0 
3 4 3 3 1 3 2 1 1 2 1 1 0 3 0 3 2 0 1 1 3 0 1 4 2 3 3 2 3 0 4 4 4 4 2 3 2 1 1 4 4 4 2 1 2 4 4 1 0 1 2 3 1 1 2 0 4 2 2 4 4 4 3 1 3 2 4 1 4 2 2 3 1 1 4 3 0 1 1 2 2 1 0 0 2 0 0 3 2 2 4 0 4 3 0 0 2 2 4 0 
1 3 4 1 4 0 1 4 2 2 0 0 1 1 2 1 0 2 1 0 2 0 2 1 4 2 3 3 4 4 0 3 2 4 4 1 4 2 2 3 1 2 3 4 1 1 0 3 0 3 4 4 1 1 2 0 0 0 0 1 4 0 4 1 4 1 4 0 0 1 3 2 1 4 1 4 0 4 2 2 2 3 2 3 1 4 0 1 2 2 3 1 0 2 4 3 3 0 4 0 
1 1 4 0 4 0 3 3 0 2 2 4 2 1 1 2 2 3 0 1 0 2 4 3 0 3 3 0 1 3 1 2 1 0 4 0 2 2 0 2 0 2 3 4 0 2 1 0 0 1 1 2 1 2 0 1 0 4 3 1 4 4 0 0 1 4 0 3 4 2 2 1 1 1 0 2 3 3 4 0 2 2 2 3 4 4 1 1 0 4 0 4 4 0 2 4 0 2 1 1 
3 3 3 4 2 4 4 1 4 4 0 4 1 4 3 4 3 0 2 4 0 2 1 2 3 4 1 0 3 0 1 1 0 0 0 2 1 1 3 1 0 0 2 4 4 1 3 4 3 3 4 0 2 2 2 0 1 1 0 4 1 4 0 1 4 2 1 2 3 1 3 1 4 1 0 3 4 0 3 4 3 4 4 0 1 2 2 0 3 0 4 1 4 2 0 4 0 4 0 2 
3 4 3 4 3 1 4 1 2 1 1 1 0 2 0 2 1 2 0 1 2 0 0 3 4 2 3 1 4 0 3 2 4 3 3 2 4 4 1 1 0 4 2 2 2 0 0 0 2 0 1 2 0 3 0 1 3 0 4 2 1 4 1 0 3 4 0 2 0 1 1 0 2 0 0 1 0 0 1 0 0 2 2 2 3 4 0 1 0 4 3 3 0 4 0 0 3 0 0 3 
0 3 4 2 3 4 2 4 2 2 1 2 4 0 4 3 3 0 0 1 0 4 4 0 2 0 1 0 2 3 3 2 4 4 2 2 1 1 1 3 4 2 2 0 3 3 1 3 3 1 0 1 3 1 1 0 2 4 0 1 3 1 1 2 2 3 1 0 4 2 3 0 2 2 3 0 0 4 0 4 0 0 2 0 2 3 0 1 3 3 2 3 4 3 2 3 0 3 3 4 
0 2 4 2 4 2 0 1 2 1 2 3 2 2 0 4 1 1 0 2 1 3 2 1 4 2 3 4 1 3 3 3 2 0 0 2 2 1 0 1 4 2 2 1 2 4 3 3 0 3 3 3 3 0 4 2 2 4 3 0 4 2 3 2 2 4 1 1 2 3 2 1 1 1 0 0 1 3 0 3 3 3 2 1 3 3 0 3 3 3 3 4 0 2 1 4 3 0 4 2 
0 3 0 3 1 3 3 1 4 3 1 3 1 2 2 2 0 0 2 3 0 3 4 0 0 1 3 0 4 3 2 1 3 4 4 4 3 0 2 4 0 0 4 2 2 1 4 0 4 4 0 4 2 4 1 4 0 0 4 1 0 4 4 3 0 1 4 0 1 3 0 1 3 4 0 3 3 2 3 2 1 3 3 0 3 0 4 0 0 1 2 2 2 3 2 2 4 1 0 0 
0 1 2 4 4 3 4 2 1 1 0 0 4 1 4 1 1 4 3 1 1 1 0 0 3 4 2 2 3 0 4 1 1 1 0 2 0 1 0 1 0 2 4 1 0 3 3 1 4 3 3 2 4 3 2 4 4 1 3 3 1 3 4 4 4 1 1 1 4 3 0 4 3 4 3 3 4 3 0 3 1 0 2 2 0 1 3 0 2 1 3 0 1 4 1 3 2 2 4 0 
