200
25 3734
37 9287
6 1987
7 5195
25 13582
109 15734
93 16964
24 9126
32 17826
91 16894
27 8260
9 8476
150 3442
60 9098
5 16143
36 10543
79 13802
48 7963
24 15809
11 14129
29 1890
106 15489
45 6015
12 13053
10 16292
21 16138
36 17492
12 1706
20 12134
13 5434
14 14517
12 7715
17 10606
158 16056
139 3794
14 15443
14 9210
4 6651
82 9415
179 9163
36 5678
20 15973
23 5465
7 3270
21 11558
34 4255
21 11609
7 8357
11 2296
91 1773
52 13369
57 11125
14 4739
117 11763
1 10742
77 11597
106 5616
82 16527
143 9426
71 16557
18 9226
18 15994
4 18066
59 4045
60 7233
47 5440
51 11750
73 3335
149 5449
22 2704
95 9021
70 11092
43 3886
53 10565
92 11590
16 4288
88 6421
17 12527
39 18163
11 2070
30 11784
67 17509
45 15266
116 9923
153 8145
3 10883
86 11257
54 10971
45 7980
39 16765
36 11726
27 3550
22 16440
21 18956
1 3110
77 8554
36 9468
82 8165
9 15788
147 6294
8 11655
29 12171
90 8068
7 7986
13 13866
147 13655
37 2923
54 5100
17 6578
8 15969
19 16794
3 11937
23 9987
1 16395
81 18047
72 13700
47 10733
152 3831
4 7950
156 5481
2 4745
8 12755
27 16757
148 18204
110 15401
34 13596
80 16014
50 14667
2 6926
111 9143
31 1958
80 7942
90 13156
58 18545
86 10043
150 18326
64 11952
67 17498
22 6978
26 11040
8 13780
14 8015
16 6589
91 4343
6 3471
23 10852
34 9580
24 8164
2 4492
39 3033
27 3781
88 6172
95 16725
7 5616
61 17151
56 14122
5 7135
21 3978
68 4973
19 11888
7 11736
95 6184
96 18572
23 9073
76 12288
7 11828
30 15264
37 4416
4 9216
1 7279
99 10199
28 15663
10 15740
10 6531
15 1792
18 14805
46 6891
11 9285
85 15541
9 5189
54 6628
8 5123
49 15375
11 9017
146 3930
44 8014
3 10524
7 18738
133 6317
123 18227
109 15554
15 8302
33 7003
11 18874
9 12827
3 7177
107 8970
25 5051
67 4619
18 2018
0 1 4 2 8 3 2 4 6 8 5 3 5 1 8 6 9 4 7 10 7 6 10 3 8 8 4 1 2 3 7 7 7 7 3 8 4 1 3 10 8 8 4 8 5 10 8 4 8 8 6 10 6 2 7 3 1 9 5 9 2 8 3 1 9 8 6 4 4 2 2 2 7 1 3 5 7 3 7 8 10 2 1 3 1 8 8 1 1 2 6 6 1 3 2 10 4 3 7 6 7 1 4 9 2 3 9 2 4 7 3 8 2 4 7 6 4 8 8 6 10 9 5 2 9 4 3 6 8 3 8 8 10 8 5 3 8 3 8 1 4 10 10 3 9 8 10 1 6 4 6 8 3 9 3 9 5 7 7 7 2 6 2 6 6 9 10 8 6 6 1 5 5 5 6 10 3 8 3 7 8 1 1 10 5 1 3 10 3 10 2 4 1 6 6 3 10 2 3 4
5 0 7 9 2 7 1 3 10 6 6 5 10 5 1 1 5 8 2 6 5 9 6 8 10 8 8 6 1 10 7 8 10 6 10 7 7 9 9 7 3 1 3 10 8 5 2 4 1 6 3 1 3 5 8 6 9 1 5 7 1 2 4 3 7 6 5 4 4 9 1 5 5 9 2 5 7 2 3 3 10 8 3 10 7 6 4 10 6 6 6 8 2 5 4 9 5 9 7 8 2 6 5 6 9 8 3 2 2 2 9 4 2 8 1 9 9 2 9 9 2 2 5 8 6 3 1 1 5 6 1 9 3 4 9 9 7 2 1 3 4 4 6 2 10 4 1 5 9 8 9 5 7 10 7 10 10 4 2 7 8 6 7 5 9 10 3 9 2 6 4 3 2 10 8 10 10 4 1 3 7 2 8 4 1 8 9 1 3 2 4 10 8 8 3 4 9 8 2 3
2 1 0 3 2 8 2 8 8 4 7 1 3 2 1 3 10 9 9 3 8 4 5 10 9 10 1 1 7 8 2 7 6 1 7 5 8 5 2 7 9 3 8 9 9 4 8 4 10 4 5 4 2 4 5 1 2 4 9 1 7 3 10 3 5 3 2 7 5 3 8 9 1 9 10 4 5 4 1 2 7 7 3 2 1 6 10 2 9 7 3 8 4 3 5 7 7 3 8 3 1 2 6 5 10 4 10 6 2 7 4 9 8 8 10 1 3 9 6 1 7 10 4 2 4 3 3 2 10 8 5 5 9 2 4 7 5 4 3 8 7 3 4 6 3 3 5 1 1 8 10 3 3 2 9 9 1 1 7 10 1 8 5 10 5 6 7 6 5 3 10 6 3 4 2 3 1 9 8 7 3 3 10 10 8 9 2 5 5 6 6 6 7 7 3 5 8 3 5 2
7 3 6 0 5 2 6 2 7 8 7 1 5 1 8 9 1 10 6 4 7 8 1 5 7 9 2 2 1 5 5 4 1 5 10 6 7 4 1 4 6 1 1 8 10 2 3 9 1 7 9 3 2 4 8 3 7 4 1 3 8 3 9 4 1 9 5 3 1 3 4 7 1 2 8 3 4 8 10 9 8 1 8 9 5 3 5 4 9 2 1 4 5 8 5 4 10 2 10 9 7 8 8 9 10 10 10 7 4 8 5 6 5 8 5 9 10 2 3 1 2 8 10 3 1 7 7 8 8 5 1 9 2 8 1 9 4 10 1 4 2 4 2 7 7 1 8 8 4 10 10 2 7 6 10 1 9 10 3 7 8 6 6 1 5 4 8 2 1 5 5 7 8 6 9 3 9 7 10 8 6 8 8 1 5 4 6 5 8 1 3 9 8 9 4 6 8 4 9 6
7 3 9 3 0 6 9 2 10 1 4 4 8 9 8 10 3 4 9 8 3 5 5 5 1 3 1 3 5 7 3 5 10 5 1 6 4 2 6 3 7 9 5 2 10 5 10 1 8 7 5 9 6 6 8 5 4 10 5 10 7 8 1 9 2 8 8 2 9 5 2 5 7 6 5 5 4 5 2 6 1 4 2 7 2 3 8 1 1 6 6 2 1 8 5 2 7 7 7 5 1 4 5 3 8 6 10 2 6 10 1 9 10 9 5 5 7 7 9 4 5 10 8 7 8 10 10 3 9 7 6 4 3 7 3 6 4 4 6 10 9 4 4 3 1 10 3 5 9 5 10 3 8 1 5 3 10 4 9 10 6 6 10 5 10 8 6 2 8 4 4 4 3 3 9 10 7 10 10 10 5 2 4 6 8 2 4 3 5 5 1 8 8 6 7 1 1 3 7 2
1 1 7 10 10 0 7 4 2 10 3 5 8 9 2 8 7 8 8 2 4 9 7 8 1 4 8 7 8 2 9 10 8 8 3 8 3 1 1 2 4 10 4 1 1 10 9 3 9 7 2 1 2 3 6 3 9 7 10 10 10 1 7 2 2 3 9 1 10 3 4 10 5 6 4 9 10 5 3 6 9 5 2 4 3 2 7 2 3 9 5 7 1 8 1 3 4 7 1 2 5 2 8 3 9 2 9 9 8 6 9 8 9 10 1 3 6 6 10 8 2 3 6 3 4 1 5 4 8 1 4 4 7 6 5 2 3 5 5 3 5 5 7 5 10 5 6 1 9 3 7 3 7 1 5 3 3 4 5 7 2 6 2 6 9 5 4 7 10 1 3 4 6 10 9 4 3 7 1 4 3 7 4 3 5 10 5 7 1 8 2 5 7 10 2 6 3 10 1 6
1 9 4 7 4 1 0 4 10 3 7 9 5 8 9 2 3 1 7 5 4 3 4 1 4 3 8 10 1 8 3 4 8 4 6 5 9 2 7 10 10 4 9 6 1 6 5 5 3 10 3 6 6 6 6 7 8 1 7 3 5 1 9 2 1 4 10 8 2 7 3 8 7 7 9 4 6 7 5 7 9 1 5 2 7 3 6 6 8 5 7 8 7 6 8 6 1 9 7 9 2 10 10 2 5 5 1 9 7 1 5 3 4 4 5 9 3 3 8 6 10 5 3 1 8 9 7 5 10 10 3 1 7 1 3 8 3 3 6 5 7 6 1 1 7 1 2 10 7 4 1 9 10 10 8 8 2 10 5 3 2 6 1 7 9 6 1 4 7 6 6 8 7 2 8 3 7 10 5 5 9 6 8 3 8 7 4 5 9 9 4 3 5 4 1 10 4 10 1 6
6 8 3 9 8 3 7 0 1 7 3 3 8 9 4 1 5 10 8 10 1 5 4 10 9 1 4 9 2 4 9 2 8 8 1 5 6 1 1 3 10 8 6 5 4 4 7 8 5 6 3 2 4 6 8 7 3 8 10 2 6 5 8 6 10 10 5 10 1 6 7 5 5 8 10 8 3 9 6 3 1 3 6 10 5 4 1 8 7 1 4 7 9 9 7 2 4 4 9 5 2 3 2 9 4 3 5 2 4 9 9 7 10 9 2 9 6 7 2 3 6 6 6 7 3 4 1 2 5 2 4 4 9 7 2 3 9 2 4 5 6 9 8 2 1 3 6 1 5 1 2 2 8 10 6 3 5 7 1 2 9 3 9 3 3 5 5 7 1 5 9 4 9 4 6 6 9 7 10 10 7 4 5 7 8 8 7 7 1 1 2 2 6 9 2 1 1 2 3 4
6 2 9 2 5 1 2 5 0 9 10 3 7 9 7 2 8 5 1 9 8 10 7 5 8 10 3 4 5 10 2 6 7 9 1 5 8 9 6 1 2 3 8 6 4 5 1 5 9 9 7 9 4 3 4 1 10 10 8 9 8 9 3 9 6 5 6 3 10 4 2 6 1 5 2 4 7 5 7 3 1 9 4 9 3 5 1 9 4 2 2 2 4 9 9 10 10 2 6 4 4 10 6 7 1 1 7 4 2 4 1 8 6 10 1 8 7 6 2 6 2 5 5 8 2 2 7 4 6 6 8 10 8 8 1 6 8 5 3 9 2 10 10 5 10 7 2 6 1 7 8 2 8 2 8 9 1 2 5 9 8 5 8 6 6 6 2 1 7 3 7 10 10 4 8 1 8 1 3 3 10 4 9 1 5 2 8 3 9 3 10 6 9 5 6 8 6 3 10 7
8 8 6 7 1 4 7 4 10 0 3 3 8 10 6 8 7 5 4 9 10 9 7 10 1 10 6 4 6 8 5 10 5 8 3 9 2 2 7 6 2 8 1 8 2 10 5 2 3 9 8 7 10 4 7 4 8 5 4 9 1 9 6 6 6 7 7 1 2 6 1 4 3 9 8 5 8 9 9 5 9 8 3 4 2 3 8 1 5 2 1 4 10 2 6 10 2 7 6 3 10 9 6 2 4 7 3 3 2 9 8 5 4 5 4 2 5 8 2 9 8 7 3 7 3 6 8 1 9 3 9 4 7 8 10 9 7 2 9 6 8 10 7 5 3 7 4 6 5 5 6 7 6 9 8 1 2 1 10 6 10 9 9 4 1 2 5 8 9 6 6 8 6 3 9 6 4 6 10 9 1 5 4 9 5 8 5 8 4 7 8 2 1 8 1 2 10 4 2 1
8 2 5 2 7 4 7 8 6 1 0 8 5 4 8 6 5 10 10 10 7 9 9 7 4 10 2 9 2 8 10 5 1 2 10 5 3 6 1 5 5 7 10 1 2 7 7 9 9 5 9 6 7 7 1 9 5 10 3 8 9 1 9 5 10 3 5 9 8 9 4 5 9 6 2 10 7 3 4 9 6 6 4 5 9 2 1 6 10 6 10 1 8 5 7 7 8 7 2 10 6 3 2 6 8 7 3 3 1 1 2 2 2 1 5 7 1 2 2 3 8 2 7 6 9 7 10 9 3 3 5 2 4 7 9 5 2 2 9 1 9 2 6 3 1 4 8 3 3 10 3 9 9 1 3 7 4 7 8 7 3 2 4 1 10 3 6 8 6 3 4 10 9 6 7 9 6 5 9 1 9 9 6 4 9 1 6 4 9 5 1 4 10 6 1 2 7 2 8 9
8 10 6 1 6 4 8 10 8 5 5 0 5 1 9 8 10 5 2 7 3 9 8 4 1 6 1 8 5 9 4 4 4 1 6 1 6 1 1 7 2 6 1 2 9 1 2 7 8 7 4 2 7 10 9 5 10 10 4 9 4 2 9 1 8 5 4 9 2 8 2 10 1 3 5 7 2 6 7 7 3 9 10 7 4 1 7 5 9 9 9 8 1 5 1 9 3 10 2 7 5 2 1 2 5 8 5 1 5 7 6 5 8 4 10 8 5 1 5 1 3 10 1 10 6 4 1 5 4 3 3 1 5 4 10 5 10 10 6 8 6 10 7 3 10 6 2 3 5 1 8 2 6 2 6 5 2 4 4 3 6 3 4 10 10 4 9 7 1 1 9 1 6 5 3 2 6 2 8 9 5 3 8 6 4 3 3 6 1 3 9 8 6 7 5 7 10 10 8 4
7 2 5 4 8 1 3 4 3 10 5 9 0 6 3 8 1 9 7 2 2 1 4 4 10 4 8 4 1 8 5 8 9 9 2 7 4 2 2 6 1 8 5 6 7 2 10 1 6 4 2 10 10 1 8 1 3 9 7 10 10 5 2 4 7 9 7 6 10 3 1 7 3 10 4 3 2 10 2 6 9 7 4 6 4 4 3 6 1 10 5 6 8 9 8 9 5 5 2 3 1 2 4 7 6 9 4 6 4 5 1 2 5 8 1 10 6 8 7 3 5 7 8 5 5 7 4 8 2 5 10 2 6 9 1 4 2 10 1 7 4 8 5 3 6 4 10 7 5 9 9 6 3 4 5 5 3 8 5 8 4 1 10 4 1 6 9 9 8 9 1 4 9 9 7 6 6 3 4 5 5 6 8 2 9 10 7 10 9 6 10 10 5 3 8 5 4 2 8 1
9 8 4 7 1 3 6 1 5 3 9 1 1 0 3 6 4 5 7 10 2 1 1 10 7 2 8 8 10 9 2 4 1 6 2 6 6 6 3 3 6 8 5 2 2 8 2 2 10 10 1 5 10 3 6 5 10 1 9 9 1 10 3 8 5 9 8 5 10 2 1 10 1 4 7 10 5 4 2 9 1 5 7 3 10 9 3 10 6 9 10 6 7 4 7 6 10 10 6 5 1 8 9 2 1 1 10 8 7 2 5 3 8 4 7 5 7 9 8 8 6 6 2 6 2 2 6 6 9 10 10 7 6 4 10 10 4 3 3 1 6 8 3 6 9 8 4 9 4 4 8 9 3 4 2 7 8 3 5 8 3 1 1 7 7 1 5 9 4 3 1 9 9 6 7 7 6 10 7 10 3 1 7 5 10 8 1 5 8 10 6 1 6 7 3 6 6 7 1 8
4 8 10 1 2 8 5 10 4 4 7 2 8 3 0 4 4 5 1 4 9 8 10 3 3 3 2 5 1 4 1 3 8 4 4 3 8 4 7 9 6 10 8 9 7 1 5 7 2 10 8 8 9 2 10 10 6 2 9 6 3 6 3 6 7 7 2 4 8 10 8 4 2 3 4 2 2 4 6 6 2 9 8 3 3 3 5 8 9 3 8 1 9 1 6 9 10 8 7 5 10 4 8 7 5 7 10 10 5 1 1 3 9 7 1 1 1 10 7 1 4 10 1 9 4 6 3 2 5 5 1 10 10 10 10 10 6 8 3 7 2 10 3 2 9 8 1 8 7 7 8 10 3 5 9 10 9 1 1 1 7 5 1 6 8 5 6 6 8 7 8 4 7 3 2 8 4 7 2 9 6 1 3 9 1 4 3 5 6 10 10 7 8 7 7 2 3 4 8 10
4 7 8 2 4 10 7 8 7 1 1 3 7 5 7 0 10 10 3 10 9 5 4 8 8 6 10 7 1 3 5 4 6 8 2 3 2 6 2 1 9 8 7 9 8 3 9 7 10 5 6 4 4 7 5 9 9 9 1 4 7 5 7 7 1 2 10 4 6 3 4 8 10 7 10 4 10 6 5 8 4 7 6 1 7 9 5 7 3 1 3 4 4 4 4 4 2 5 8 3 5 7 8 7 7 9 3 2 5 5 10 2 9 3 7 8 6 2 7 6 7 4 10 8 6 8 5 8 8 3 9 6 3 2 4 6 2 6 4 9 10 5 3 6 5 3 2 8 2 6 10 2 4 3 2 7 1 10 7 3 6 9 4 3 3 9 7 2 8 5 2 7 4 8 2 3 1 3 4 1 9 8 2 7 3 10 9 2 10 3 6 1 2 7 5 10 9 4 9 9
8 4 8 10 8 4 3 2 9 3 9 6 3 7 6 1 0 4 10 3 9 9 4 4 6 2 9 8 2 8 4 8 10 2 8 7 4 7 10 6 8 10 1 1 9 6 10 2 6 4 5 2 4 9 5 7 8 5 8 7 3 1 6 2 6 1 5 7 6 4 8 8 5 4 3 10 8 2 7 8 6 6 6 10 5 8 2 10 1 7 4 2 8 3 2 4 8 5 3 5 10 7 5 4 2 7 2 2 7 3 6 6 4 10 6 6 3 9 6 10 8 2 8 3 2 8 9 7 2 8 4 4 4 8 2 2 10 9 5 5 3 2 6 1 9 2 5 6 2 2 6 5 3 1 7 10 5 5 10 9 9 3 1 4 8 8 9 7 9 5 9 5 7 6 4 7 2 9 5 2 9 5 6 9 7 9 3 5 9 10 5 10 1 1 2 10 7 6 4 10
4 4 7 5 7 3 5 2 8 10 1 5 4 2 7 7 4 0 9 5 4 1 9 1 3 7 2 4 9 6 8 2 4 5 9 6 3 2 3 10 2 6 8 7 4 9 8 10 4 8 5 5 4 10 10 8 2 4 9 5 1 8 10 9 1 10 3 6 3 4 5 1 4 6 10 5 8 4 1 5 2 2 9 7 4 7 3 8 3 5 8 10 6 5 7 8 7 8 6 8 7 6 1 4 3 3 2 6 3 3 6 5 10 3 5 10 1 3 2 7 9 6 8 9 1 5 10 7 10 10 3 4 1 7 8 2 7 4 6 3 8 2 10 5 10 8 5 9 2 8 1 3 2 8 8 7 10 6 5 5 10 2 7 5 4 3 7 1 5 3 3 6 2 4 4 2 7 8 4 1 4 9 9 7 1 6 5 2 5 4 7 3 2 1 4 8 5 4 7 2
6 7 9 6 9 7 4 10 3 4 4 6 8 5 2 8 1 1 0 7 9 1 4 2 3 10 5 5 9 4 8 10 5 3 6 3 7 9 3 8 2 6 4 1 3 10 7 10 10 5 3 6 5 7 3 1 6 10 10 1 3 6 2 8 10 4 7 10 4 3 5 2 9 7 3 8 4 2 4 1 1 5 1 10 5 4 1 7 1 6 2 7 2 7 10 8 3 4 4 4 4 9 10 7 6 4 10 4 5 2 7 5 1 8 1 10 2 9 2 5 3 6 1 4 10 6 7 9 8 5 5 4 8 7 1 7 4 4 7 5 6 9 2 2 10 5 10 2 8 7 7 10 8 8 2 4 10 3 10 10 3 4 1 10 6 4 5 9 4 7 2 8 10 2 10 3 3 6 7 9 9 6 10 8 7 6 8 2 10 6 6 6 1 3 4 7 1 10 6 10
6 4 7 9 8 10 10 3 2 7 10 3 7 9 7 5 4 5 4 0 6 3 5 1 1 6 8 7 3 3 5 7 3 4 5 4 9 4 4 4 1 2 9 2 10 8 10 3 1 3 10 8 8 6 8 7 2 10 8 7 3 2 9 2 5 8 4 9 7 1 6 1 7 1 3 10 5 3 5 10 9 9 2 1 9 4 4 6 10 6 6 4 10 4 10 9 1 8 7 10 3 2 1 1 7 10 8 6 7 7 3 2 5 8 3 1 4 6 9 4 1 8 1 3 7 1 7 7 9 3 3 10 6 8 3 4 4 9 4 1 6 3 8 3 5 5 1 6 6 10 7 3 3 8 1 3 1 1 8 10 8 9 6 10 5 3 10 4 8 7 6 6 5 9 8 7 9 3 7 2 5 3 2 2 9 8 2 10 5 3 9 3 7 7 5 8 10 6 7 8
4 8 9 9 5 4 4 1 3 1 6 7 4 8 5 7 3 3 6 10 0 1 1 9 5 1 8 3 1 1 1 6 3 4 10 8 5 1 2 2 9 6 10 8 1 3 1 1 10 6 6 7 7 6 2 3 6 4 6 9 6 4 10 8 9 9 6 4 6 3 2 10 3 3 6 6 5 2 9 10 4 6 6 9 10 10 4 4 7 2 8 2 10 5 2 9 4 2 1 1 4 9 2 3 2 9 8 4 8 8 10 9 6 8 9 4 9 5 8 3 5 8 4 5 3 3 5 7 9 10 5 9 2 8 10 1 10 7 7 9 2 9 2 7 6 8 7 2 8 7 4 6 2 10 8 10 4 2 1 4 4 6 6 10 1 3 9 2 2 7 2 8 10 2 4 8 9 8 4 6 9 4 1 2 8 10 9 4 3 3 9 8 5 9 1 10 1 5 4 3
9 5 5 8 6 3 7 3 5 2 7 9 2 2 9 6 1 3 6 6 4 0 5 7 8 3 5 1 2 5 10 9 5 9 7 1 1 7 8 3 9 10 2 10 9 3 6 2 6 9 5 2 1 3 7 9 10 4 5 3 5 6 10 10 4 6 6 4 7 3 2 5 8 9 5 8 8 1 2 9 2 10 2 1 7 6 9 7 10 3 5 6 2 7 3 5 7 8 3 4 5 6 2 6 10 3 7 8 5 4 7 5 7 4 3 3 1 5 7 10 4 3 1 2 8 3 6 7 3 9 7 2 8 8 9 6 4 10 3 5 9 5 1 8 7 6 3 2 7 4 4 4 8 4 3 6 1 6 8 2 7 4 3 4 9 3 8 7 8 3 2 8 3 8 8 8 8 5 1 1 6 6 8 6 10 8 7 3 6 5 7 10 4 9 5 3 2 4 9 9
2 2 3 8 2 4 8 6 10 1 2 5 10 8 4 10 8 1 3 8 1 4 0 9 8 4 3 1 3 10 1 8 8 6 2 4 10 1 5 3 5 4 1 1 1 2 1 5 5 6 3 2 10 4 7 9 6 9 9 6 7 1 5 2 8 3 2 7 3 5 2 6 3 1 1 3 6 7 6 6 9 3 9 9 8 4 9 1 9 4 2 4 6 7 5 9 1 3 6 1 8 10 1 5 4 9 1 3 3 6 10 5 10 10 8 8 3 4 7 7 3 9 5 10 8 1 5 8 2 6 7 2 5 9 5 9 7 10 2 3 2 7 4 8 9 1 4 4 3 10 10 7 5 4 7 3 2 10 7 9 2 1 9 10 6 3 5 1 3 3 5 4 4 8 9 6 5 9 1 5 10 2 4 10 6 8 3 10 6 2 4 3 3 3 6 4 5 4 10 9
1 1 8 9 2 5 9 1 5 10 2 9 1 5 1 6 2 10 7 8 3 7 2 0 9 10 7 8 10 8 6 6 8 6 4 3 7 1 9 9 3 5 6 9 1 9 2 3 4 6 5 10 3 4 9 6 2 8 1 2 10 4 6 9 10 6 3 6 3 8 4 5 4 7 6 3 3 7 5 10 3 4 3 3 9 1 8 10 6 1 3 4 10 3 4 10 9 8 6 9 2 1 8 1 7 9 5 10 4 2 8 1 4 6 10 7 10 5 10 5 6 10 7 7 2 4 8 2 9 3 1 8 10 9 5 6 9 9 6 6 9 3 1 5 3 8 7 5 2 4 7 6 5 6 2 2 6 4 10 5 9 2 3 4 4 1 8 4 3 6 8 5 6 7 7 4 8 7 9 5 9 6 4 3 1 2 10 3 2 8 4 9 8 1 7 7 3 1 9 10
2 7 7 5 1 1 3 10 8 7 10 9 3 8 8 6 2 10 4 10 9 1 5 6 0 6 10 9 10 3 8 10 10 3 3 3 2 4 2 1 2 10 10 5 5 1 5 3 8 9 2 5 6 7 1 4 7 10 3 3 1 7 3 9 8 9 8 10 7 6 6 5 7 9 3 8 1 7 3 7 7 5 4 10 2 9 4 9 5 2 8 9 3 8 9 4 5 3 2 4 3 3 2 6 2 9 7 4 3 10 9 6 8 9 2 8 1 6 7 3 7 3 1 8 3 3 1 9 3 3 5 4 1 7 10 8 7 5 3 10 6 4 1 4 7 3 9 8 6 7 9 8 2 5 9 1 2 3 8 6 1 6 9 8 4 5 5 9 2 8 9 3 6 6 4 9 8 2 4 1 5 7 4 8 8 2 8 4 4 1 4 1 10 7 1 1 8 1 5 6
6 9 1 5 8 2 7 2 10 4 3 2 6 7 5 7 7 6 5 7 7 3 9 6 1 0 4 8 4 9 4 3 9 3 5 3 1 1 7 6 8 6 3 3 8 1 2 7 5 2 10 1 3 1 6 3 2 7 8 1 6 4 2 1 4 10 4 7 6 4 8 3 3 10 2 4 7 6 5 5 3 5 3 8 5 1 10 10 2 2 4 5 7 4 8 5 2 5 5 2 9 4 7 5 5 7 5 5 4 4 9 4 3 4 1 10 7 5 3 4 10 6 6 3 5 1 5 6 7 1 5 4 5 1 1 2 3 3 8 3 1 10 8 2 5 8 3 2 8 1 10 8 4 2 2 4 3 9 4 9 6 1 7 8 7 7 9 4 3 2 4 7 8 10 1 8 5 7 10 1 10 2 4 6 9 7 2 6 4 8 1 9 4 1 6 7 3 9 10 5
6 2 5 8 2 10 10 5 1 7 9 10 1 3 3 2 9 2 8 4 1 6 3 1 5 4 0 3 8 4 7 1 1 1 7 7 6 5 5 4 8 4 4 3 7 6 3 8 1 5 6 9 6 6 10 8 4 9 1 9 8 1 8 5 2 6 7 10 3 8 3 6 5 9 7 6 5 9 6 9 4 3 10 2 9 3 4 8 8 4 9 6 4 2 7 3 2 1 3 10 8 9 1 1 6 10 8 5 9 4 9 3 2 5 7 5 6 8 10 9 7 10 4 2 4 6 4 3 10 1 1 9 2 5 2 9 10 2 9 2 10 7 10 10 10 7 8 10 7 8 8 6 6 8 5 2 5 5 5 4 3 5 4 3 8 7 1 1 3 10 9 5 9 10 6 8 1 6 1 4 8 5 6 5 6 4 2 4 8 1 2 1 3 6 8 3 3 4 10 9
2 10 6 4 7 5 5 1 10 8 5 6 10 1 4 8 5 1 1 9 4 4 2 9 2 10 2 0 6 9 7 3 6 5 2 3 9 1 2 2 7 7 1 9 2 8 3 8 4 6 3 4 8 4 5 1 3 10 10 3 8 2 9 1 1 3 5 9 1 5 5 8 7 5 8 1 6 2 8 1 8 4 3 8 6 8 8 4 7 5 3 5 9 5 9 10 9 3 7 10 2 5 4 3 6 7 3 7 8 5 1 5 4 9 1 8 5 9 2 1 10 6 4 2 3 10 7 9 10 10 2 5 10 7 5 4 5 9 8 7 2 5 7 7 2 1 1 10 5 7 4 6 10 3 3 5 3 4 5 2 9 2 2 4 4 10 10 5 2 8 6 5 7 3 2 6 10 4 4 10 2 9 9 8 8 6 7 1 3 3 5 2 9 4 6 8 3 6 7 10
3 6 5 2 6 7 9 3 7 1 7 5 1 9 5 7 4 6 6 9 5 2 5 2 6 3 4 4 0 5 6 8 2 5 8 2 2 9 4 10 5 3 1 7 4 8 2 2 8 8 7 2 9 5 3 6 3 8 2 6 7 6 5 6 9 2 2 4 4 8 7 6 10 6 9 3 10 4 3 7 6 10 6 10 6 4 6 5 2 3 4 2 2 3 7 7 3 10 8 2 4 4 1 3 7 6 5 6 8 3 10 3 9 9 10 5 5 6 1 5 2 2 8 5 4 10 4 8 2 6 3 2 7 7 1 3 1 10 4 10 8 4 1 5 4 8 6 3 8 6 1 8 9 6 4 1 8 1 5 8 8 2 6 8 7 4 4 7 9 6 7 8 3 6 6 6 5 5 7 10 6 9 4 3 10 10 7 4 7 9 2 10 2 3 8 6 6 2 2 2
9 10 4 5 9 8 3 8 1 6 7 3 10 4 1 3 5 1 9 2 8 5 7 8 6 1 3 6 3 0 7 9 5 2 5 6 5 1 2 8 3 10 8 10 9 1 8 1 5 5 10 1 2 6 2 10 7 8 1 3 10 10 10 9 9 9 8 9 3 9 3 10 8 4 6 4 5 1 5 6 10 4 4 10 7 10 5 3 8 2 6 6 5 5 1 7 6 7 8 10 6 7 3 3 2 6 8 4 1 8 6 7 3 8 4 4 3 4 4 7 2 1 10 7 9 6 6 8 9 5 8 2 8 2 10 10 9 5 4 1 9 10 3 5 2 1 6 8 7 10 6 5 10 2 8 1 1 5 9 6 6 2 9 3 1 1 6 7 10 4 7 1 3 6 2 6 4 8 5 9 8 7 10 6 3 5 3 9 1 9 6 6 3 3 8 1 1 10 2 7
2 7 2 5 3 6 7 5 9 6 7 9 6 9 4 4 3 2 8 5 6 5 4 6 4 10 2 9 3 2 0 5 1 6 5 7 4 6 2 8 8 10 2 6 6 3 9 1 4 1 9 7 10 9 10 1 1 1 5 3 5 7 4 4 1 3 6 6 1 8 8 9 8 6 1 9 1 4 1 6 8 3 4 2 3 2 3 4 2 4 1 5 3 3 2 8 2 4 6 10 1 9 2 7 2 2 6 5 4 9 9 5 6 9 5 1 1 6 5 10 7 4 7 5 8 3 10 2 2 6 5 9 6 4 3 4 10 5 2 1 2 7 10 9 9 6 7 6 8 6 2 6 9 4 5 7 1 8 10 6 2 8 3 2 6 5 9 4 10 3 3 5 8 7 3 8 5 8 8 9 5 1 5 8 10 5 3 8 7 6 5 7 4 9 8 3 8 5 8 3
8 5 5 10 10 8 3 9 8 1 3 9 8 10 3 9 2 6 10 4 3 7 7 9 6 10 7 5 7 10 1 0 1 8 8 4 3 1 9 6 2 2 7 9 9 9 2 10 7 9 2 1 1 2 4 6 7 4 9 5 2 10 6 3 1 9 1 6 6 10 1 4 8 3 2 8 3 9 1 10 2 2 8 2 10 9 5 9 5 2 4 3 3 4 3 3 10 5 9 8 3 8 5 2 8 6 10 1 9 4 8 10 10 10 9 10 6 1 10 3 1 10 1 1 10 5 7 8 4 10 8 1 7 4 3 7 10 6 3 9 5 4 2 10 6 2 5 5 7 8 10 3 2 4 4 5 7 2 3 5 5 2 8 7 5 1 5 6 2 2 2 5 5 6 5 6 9 4 5 10 7 2 8 5 10 3 7 5 5 4 5 2 4 1 7 5 2 4 9 4
2 8 3 5 4 2 1 3 5 8 1 8 6 3 9 8 3 6 6 1 4 7 7 9 5 3 3 3 10 2 9 5 0 3 5 3 6 9 2 2 4 3 10 10 1 4 8 7 1 4 6 8 6 10 3 1 4 7 1 7 7 8 1 3 5 9 1 9 7 10 4 3 8 6 9 7 3 6 10 1 10 5 8 6 4 7 9 4 3 8 6 5 1 8 2 10 3 7 2 1 2 4 10 4 6 1 6 4 2 5 9 3 9 8 4 6 3 7 6 4 9 9 6 7 9 9 4 9 4 8 8 2 6 1 10 9 4 5 3 10 9 6 7 2 2 3 4 5 5 1 6 5 9 10 2 5 9 5 7 1 9 3 6 6 7 7 5 6 7 7 1 10 7 5 4 9 6 1 1 8 9 5 3 5 8 9 5 5 4 7 2 4 8 9 5 2 6 2 1 5
2 4 2 6 5 6 8 8 5 3 8 2 9 1 6 7 5 7 6 6 4 2 4 6 6 1 7 10 8 9 5 10 1 0 6 1 1 7 1 10 2 3 3 6 6 6 1 3 6 10 9 2 7 3 7 8 4 8 6 7 3 4 7 1 5 2 10 9 8 3 1 4 1 2 9 5 3 9 10 1 1 6 6 7 8 8 1 4 9 9 6 9 2 7 5 5 4 2 8 9 5 5 4 6 3 4 5 4 9 6 1 2 6 2 1 5 10 3 7 4 7 1 10 4 3 8 8 5 5 9 4 8 8 3 1 7 7 1 9 8 4 5 4 9 5 8 3 4 10 4 6 1 10 9 6 9 9 2 10 6 3 6 3 2 2 3 10 7 2 3 9 6 1 8 10 5 3 10 9 10 8 6 3 7 5 4 10 4 1 7 10 6 3 5 3 9 3 2 1 1
10 6 1 6 9 7 9 4 2 7 8 1 1 9 9 5 6 7 5 9 7 1 10 7 7 2 6 6 3 2 1 8 3 1 0 3 2 8 3 5 2 1 1 4 3 4 9 3 3 9 9 1 8 2 8 7 7 2 10 3 4 4 1 2 1 5 7 6 1 2 9 9 2 10 8 8 6 4 10 10 10 9 3 7 6 5 4 5 8 9 10 6 9 3 5 9 6 3 4 5 6 8 2 8 7 4 6 1 10 3 5 1 5 2 2 6 7 1 9 4 10 7 8 10 10 7 2 2 3 8 1 9 3 2 7 3 8 4 6 3 4 6 3 2 2 6 10 1 10 1 6 8 9 7 8 4 7 8 9 3 5 2 2 3 6 3 2 1 10 6 4 5 10 3 5 3 7 8 9 4 2 7 1 9 4 9 9 1 2 8 3 1 1 1 6 5 1 10 10 3
5 10 9 8 9 2 1 1 9 9 10 8 8 3 4 4 5 6 8 7 7 8 7 2 7 5 1 1 10 9 7 10 5 8 9 0 3 1 5 5 4 6 2 8 6 6 4 8 1 7 4 8 10 7 3 7 8 2 1 1 8 1 10 4 1 4 6 4 7 8 4 8 1 8 8 4 6 6 10 8 8 10 6 4 4 2 5 5 2 6 3 3 1 5 4 9 3 5 8 9 7 3 8 10 2 5 10 8 6 10 4 10 3 3 4 4 3 9 8 9 1 6 7 6 10 10 5 3 6 5 10 10 9 9 7 4 10 3 5 2 9 8 10 1 1 6 2 10 6 6 10 3 1 3 4 9 6 4 4 7 1 8 7 8 8 2 5 1 6 6 8 2 1 5 8 1 10 2 8 7 2 6 4 7 2 10 10 5 6 3 6 6 3 5 9 3 3 4 6 8
5 3 5 2 6 4 4 4 9 7 7 10 9 5 7 7 6 1 1 1 7 4 10 5 6 8 1 9 9 9 4 10 9 10 5 5 0 5 7 7 10 1 7 3 7 8 5 8 2 1 4 1 6 8 4 7 7 2 6 9 9 8 7 7 2 3 3 7 10 9 9 8 3 4 7 9 5 4 9 2 2 6 4 2 6 10 10 5 10 1 1 10 8 2 5 7 7 6 6 1 5 2 6 1 8 8 10 2 8 5 2 6 7 5 9 9 6 3 7 7 2 10 9 10 7 4 1 6 10 1 1 8 9 5 6 6 6 4 7 4 9 8 7 9 10 3 1 4 6 7 5 9 3 5 5 1 3 5 3 5 9 8 1 10 2 5 4 8 1 7 10 4 2 4 7 10 8 7 5 7 2 7 4 8 4 5 6 6 3 1 3 2 2 4 9 3 9 9 2 3
10 6 10 2 6 7 1 5 8 4 9 6 3 8 1 7 9 9 3 5 5 4 7 6 6 6 8 3 3 2 6 8 7 9 8 7 3 0 4 9 6 6 5 4 5 1 6 2 2 10 2 2 9 1 3 5 10 10 6 6 5 2 8 4 3 7 10 10 4 4 8 6 2 10 1 9 2 5 5 1 5 8 10 8 5 4 9 8 3 3 9 10 5 4 9 1 8 4 9 9 9 1 8 10 4 10 7 8 9 1 2 8 5 3 6 6 10 9 9 10 1 6 1 10 2 6 2 4 9 7 8 7 4 2 4 8 8 10 1 3 3 2 3 6 8 3 1 9 2 6 3 7 4 10 7 6 4 8 5 8 1 6 1 4 7 8 6 7 6 9 6 7 6 1 10 1 6 2 4 7 1 1 4 2 8 10 4 6 1 10 9 9 4 10 8 9 9 1 9 4
1 8 6 7 5 10 6 4 3 4 7 3 1 6 9 10 8 2 7 8 8 5 2 4 2 10 5 6 9 10 3 8 2 6 1 2 7 4 0 3 8 1 2 3 9 1 2 4 9 6 10 10 9 4 2 2 5 2 1 5 2 10 1 3 1 10 7 7 10 6 4 8 10 1 5 6 2 1 2 3 10 6 8 3 1 9 10 8 6 9 10 1 5 2 7 3 6 4 8 1 3 8 7 6 9 9 7 3 4 6 3 10 10 7 1 10 10 9 5 6 5 2 5 8 3 10 3 9 8 2 8 2 7 1 5 9 3 4 8 10 3 5 3 8 2 10 6 5 3 10 1 10 4 1 6 7 3 5 2 3 8 5 9 1 6 9 7 2 9 3 3 4 6 10 9 7 1 2 7 3 1 6 1 8 10 5 5 3 10 5 6 6 7 8 2 7 7 8 3 7
3 7 10 10 3 6 6 7 10 9 1 8 6 8 6 1 3 8 5 5 1 3 6 10 3 5 8 3 8 4 1 6 8 4 9 1 4 2 8 0 6 1 5 7 10 1 4 4 2 2 3 8 1 1 6 1 8 9 1 5 9 10 8 3 10 5 9 10 7 4 5 8 10 4 2 7 3 3 2 2 1 1 3 1 5 3 10 7 8 6 10 10 9 4 3 4 10 3 5 1 2 9 8 7 10 8 7 1 3 7 5 5 7 3 6 9 10 3 2 5 9 5 7 10 7 3 4 3 7 10 9 5 1 10 4 8 9 9 9 5 10 7 8 8 9 7 8 4 6 7 8 9 1 4 7 1 4 1 5 10 6 6 2 1 4 5 5 8 9 5 1 10 9 4 10 6 10 6 10 3 9 10 8 6 1 6 3 4 3 4 9 7 2 2 1 9 9 1 7 7
2 4 2 7 6 3 1 3 5 4 7 3 5 9 9 7 4 4 1 9 4 6 6 3 7 6 3 8 6 7 4 8 3 3 6 7 10 10 9 3 0 8 5 1 4 3 4 5 3 4 9 5 9 3 1 5 5 10 5 7 2 1 8 7 8 2 10 7 4 9 6 4 5 1 5 1 3 2 6 5 8 7 6 5 3 6 1 2 10 6 7 4 6 2 8 4 5 9 1 4 1 4 8 2 6 7 4 1 5 5 6 5 1 2 4 10 3 1 7 5 1 9 10 7 2 1 5 1 8 10 8 9 5 4 3 4 10 3 2 2 8 10 1 8 9 7 2 4 5 6 8 2 6 2 5 1 1 3 8 5 5 2 8 4 3 1 4 5 9 1 4 6 7 10 1 2 1 6 6 2 2 3 6 9 7 8 7 4 8 10 5 4 5 7 7 3 8 5 10 3
6 7 4 4 4 1 3 5 5 5 1 10 2 7 10 9 10 5 2 3 6 3 3 2 1 10 4 8 1 8 3 5 4 10 3 7 9 2 2 1 1 0 4 7 7 10 9 3 6 6 10 9 3 10 1 9 6 4 3 3 10 4 5 6 1 1 4 1 5 1 6 9 2 6 6 1 7 3 8 4 8 8 1 5 1 7 7 7 9 4 3 9 3 1 10 3 8 4 5 7 10 4 6 7 1 10 7 10 7 2 10 4 9 5 5 2 7 3 9 8 9 7 3 10 9 8 1 2 8 3 3 8 3 9 1 5 9 6 2 2 3 7 7 7 2 5 7 9 9 9 6 7 1 5 8 1 1 7 3 6 10 6 5 2 6 3 8 1 8 3 5 2 10 1 4 4 8 8 5 1 1 5 6 7 9 6 8 9 2 4 2 6 2 10 7 4 8 6 5 9
2 6 7 2 3 4 4 1 2 4 1 4 6 5 4 7 1 4 4 7 3 8 2 10 9 1 7 10 4 7 8 7 2 1 4 2 8 3 4 10 4 6 0 4 7 4 7 10 2 2 9 2 9 7 2 10 2 3 7 8 10 4 10 2 8 8 4 6 8 10 6 4 5 10 10 7 10 4 3 1 4 2 8 6 9 8 9 1 2 10 1 1 1 3 3 3 10 5 2 1 2 5 9 2 1 9 5 8 7 5 4 3 5 2 2 8 8 5 2 1 9 3 4 4 5 6 1 2 9 9 5 9 1 6 2 1 10 3 8 8 7 10 9 8 5 10 4 8 6 2 3 10 6 7 7 8 9 9 3 3 10 2 8 3 7 10 9 6 10 5 4 2 7 10 5 7 9 10 1 6 9 8 8 8 6 3 8 7 7 2 3 2 7 2 8 9 1 8 8 2
7 3 1 10 9 8 5 4 8 1 9 9 8 6 4 6 9 2 5 6 2 8 2 4 4 4 6 6 6 4 5 4 3 9 3 4 3 7 4 7 10 1 5 0 3 8 9 2 9 7 8 6 9 3 8 3 9 8 2 9 8 5 4 10 6 9 1 2 3 2 7 7 7 6 1 7 4 7 10 10 5 10 4 10 1 1 2 5 6 10 8 5 1 3 4 4 3 6 1 9 10 7 9 6 4 9 9 3 3 4 2 2 6 3 8 5 6 10 5 2 2 9 9 7 1 9 8 5 6 1 8 4 9 5 8 2 10 7 8 4 2 9 5 10 9 2 7 2 8 5 5 5 3 4 2 8 3 9 1 3 1 8 8 3 1 2 7 7 7 9 6 7 8 8 10 8 1 9 3 4 3 2 5 4 1 4 10 1 4 5 4 2 9 8 10 1 8 8 2 3
8 3 6 8 8 10 2 9 1 1 8 8 3 6 4 4 4 7 2 4 3 5 2 3 3 2 3 10 3 7 4 4 1 1 1 7 2 9 4 1 10 9 2 8 0 9 7 10 1 5 3 6 7 8 6 10 10 3 5 5 9 10 9 1 8 1 7 8 6 8 10 6 5 7 1 9 1 3 7 4 8 3 4 10 6 9 6 7 2 4 4 3 5 8 1 9 1 7 10 1 9 3 8 7 9 7 2 2 3 6 6 1 2 8 7 2 3 5 1 7 4 9 3 5 4 1 6 6 3 7 1 8 1 1 3 9 10 8 4 4 7 8 10 8 1 9 9 3 8 2 9 7 10 9 7 4 2 10 2 5 5 9 2 6 10 9 1 10 5 6 4 2 9 8 8 3 5 9 9 4 8 7 6 3 3 9 1 8 7 6 1 9 3 7 10 7 2 9 8 7
3 7 2 3 7 7 9 3 3 5 7 3 9 10 3 5 2 7 10 4 1 8 10 5 10 2 5 3 3 5 7 4 1 7 2 2 2 6 6 1 10 10 7 9 3 0 3 1 2 7 2 9 10 5 1 5 1 7 2 4 7 7 10 10 9 4 10 3 4 4 10 1 5 3 4 2 8 7 10 1 9 8 10 1 1 1 4 3 1 3 5 9 6 10 4 5 10 2 10 7 7 8 8 9 6 4 1 8 4 1 4 10 10 4 1 1 6 4 8 6 4 1 9 7 3 9 6 2 2 6 2 9 9 2 2 6 1 1 6 7 7 2 2 5 4 4 10 1 2 5 2 10 1 4 7 6 4 7 6 7 5 10 2 8 8 7 5 4 1 2 3 7 1 10 10 2 3 3 4 1 5 4 2 4 6 5 9 7 4 3 1 4 4 7 6 3 2 1 5 9
8 2 10 9 7 10 8 6 4 2 6 4 3 5 9 6 10 4 5 9 4 2 7 4 5 7 8 10 8 3 7 3 10 10 4 9 6 1 7 2 1 4 9 6 10 1 0 2 2 9 1 10 1 9 5 2 8 4 1 8 5 10 6 9 6 1 10 9 4 1 6 4 5 2 5 8 5 10 1 1 9 1 8 6 10 7 7 4 7 7 2 3 6 6 2 10 2 4 2 5 5 7 5 4 10 10 2 3 7 10 6 5 7 6 6 7 7 6 5 3 4 10 2 8 10 7 6 9 3 9 1 5 2 8 3 3 10 7 2 1 9 4 7 3 9 10 10 4 2 8 1 1 3 8 6 1 3 5 4 7 7 6 8 8 2 10 8 8 10 4 7 10 7 1 2 1 5 6 2 9 9 2 1 9 3 4 4 6 10 2 2 8 3 10 10 7 7 7 8 5
10 4 10 4 6 8 8 3 1 9 2 8 6 4 4 4 1 5 3 7 4 9 1 7 1 10 1 1 2 4 9 2 2 7 10 7 6 1 2 4 4 9 10 2 6 10 8 0 3 4 8 7 4 2 1 6 9 9 6 2 10 6 6 9 4 3 5 5 6 3 6 9 2 1 1 4 7 3 1 8 3 7 1 2 6 5 7 5 7 3 4 5 3 9 6 3 6 4 1 8 8 10 6 2 10 6 6 9 5 5 10 8 9 1 8 3 9 6 10 1 2 3 2 9 9 2 6 9 10 9 6 4 9 10 9 1 9 5 10 3 5 1 4 3 5 3 7 6 1 5 10 2 9 9 9 6 4 3 5 2 10 8 3 5 6 9 7 1 7 1 8 6 2 6 7 10 10 2 3 8 5 5 10 8 9 4 3 9 7 10 1 6 8 8 5 5 3 4 7 8
9 5 1 1 2 9 10 6 8 3 3 8 3 1 10 1 6 6 5 6 3 3 7 7 6 6 6 7 1 3 5 2 7 6 8 3 10 1 2 2 2 5 8 6 10 9 10 1 0 4 3 6 1 10 3 3 4 4 9 4 10 8 4 9 3 9 4 8 3 1 4 9 5 5 7 8 5 6 8 7 6 1 10 3 3 10 6 5 4 4 1 8 9 9 10 7 4 6 5 10 3 4 9 7 6 7 3 9 9 10 4 7 7 9 10 1 1 6 2 6 8 8 10 8 9 7 8 4 4 8 2 7 4 9 4 8 6 8 4 5 8 8 7 10 5 3 4 2 6 6 6 5 6 5 6 10 2 4 8 3 6 6 1 9 6 7 2 2 4 8 5 1 4 10 10 7 6 4 4 6 6 8 8 8 5 9 5 10 7 5 5 3 8 9 4 1 7 4 10 9
7 4 9 1 10 3 2 8 5 5 3 3 10 2 3 6 2 10 8 4 5 5 9 6 1 9 7 4 7 5 6 3 4 10 8 9 2 3 8 8 1 7 5 7 8 10 10 4 7 0 10 5 8 5 10 6 4 9 3 1 3 6 5 10 1 6 4 10 6 8 7 2 6 8 4 4 4 5 2 10 9 9 9 5 6 5 2 6 3 7 9 7 6 9 6 8 4 2 6 6 8 6 3 1 10 3 7 2 6 1 10 9 5 7 6 8 9 4 10 2 8 9 7 1 2 5 5 4 5 7 2 4 3 8 6 6 1 7 5 5 10 6 9 5 3 4 6 1 2 3 2 2 3 3 4 9 4 3 9 5 3 8 10 5 10 10 7 7 7 1 9 7 5 3 5 6 10 6 8 4 2 4 9 6 8 8 4 7 6 8 8 4 7 1 6 9 3 10 9 3
10 5 3 10 7 6 1 3 7 8 1 3 1 7 9 8 4 8 5 5 6 1 3 2 10 8 4 7 9 3 6 2 9 1 3 8 8 8 6 5 6 9 7 3 10 10 7 8 6 7 0 7 5 8 1 10 1 9 8 1 7 3 3 6 5 5 8 4 5 6 4 8 1 10 5 4 8 7 5 3 9 9 5 7 8 10 8 5 5 5 3 4 5 7 5 9 1 6 2 5 2 10 7 9 6 8 4 8 5 1 1 4 8 3 9 8 6 6 7 7 2 6 5 2 9 7 9 4 7 10 1 5 5 4 9 4 4 9 7 1 1 5 3 7 9 1 4 8 5 7 7 1 7 4 1 3 5 4 1 10 8 2 1 4 5 6 1 4 7 7 1 10 3 6 2 1 1 3 3 4 3 5 4 2 6 7 5 2 2 9 1 8 10 3 8 6 7 10 4 3
9 4 2 6 3 9 6 10 6 4 1 8 5 6 7 8 8 10 7 4 8 6 1 1 10 9 3 6 3 7 10 6 9 6 6 4 5 5 4 1 9 2 5 5 5 6 9 1 7 10 7 0 1 8 7 2 7 9 7 9 7 8 5 1 5 9 6 4 5 1 3 5 8 9 4 6 2 1 9 7 5 5 1 1 9 4 4 10 7 3 2 5 10 9 5 1 5 8 5 4 2 10 7 4 1 2 9 10 6 3 7 1 8 8 8 3 1 7 10 1 4 6 4 10 7 7 4 5 10 4 10 3 1 3 1 8 6 9 6 7 7 1 2 1 1 10 3 7 3 4 9 10 8 5 5 8 5 6 5 1 10 3 4 9 7 1 2 10 6 6 8 4 5 9 6 6 5 7 2 2 1 1 2 6 10 5 1 8 3 7 10 5 8 2 1 4 8 3 9 10
4 7 8 7 3 2 6 9 9 1 1 6 10 2 2 5 6 6 3 7 3 4 1 6 1 10 7 5 1 5 5 3 4 10 4 2 2 9 1 10 1 4 3 8 1 7 1 8 9 6 10 6 0 1 3 6 10 6 3 1 7 2 2 10 9 6 8 8 4 4 8 8 2 1 4 1 3 8 8 6 10 7 5 9 9 8 10 3 2 5 7 6 10 5 1 2 8 4 2 4 5 3 9 10 10 2 6 4 9 2 3 7 1 10 5 6 2 10 6 1 2 9 4 6 3 7 9 7 3 1 6 2 1 6 10 2 7 5 4 8 1 6 2 7 10 3 9 1 9 5 2 2 9 2 8 7 7 2 6 4 6 8 2 8 7 4 8 10 8 7 1 1 8 3 3 8 2 7 10 7 5 3 8 7 2 7 2 6 2 2 10 6 6 9 6 2 2 4 5 4
10 10 3 3 8 6 9 5 8 3 9 9 6 9 3 9 1 2 9 10 1 1 9 8 10 9 6 9 10 2 6 8 6 6 1 4 6 7 9 3 7 10 2 10 7 4 3 10 2 8 10 10 3 0 1 6 8 4 1 10 3 9 4 6 1 6 9 3 5 8 10 4 9 4 1 1 7 4 7 4 3 10 4 5 7 10 6 7 9 4 4 10 4 8 8 9 1 3 3 6 2 8 10 4 9 3 3 5 4 8 1 3 10 9 7 5 3 7 7 3 5 7 10 2 3 1 4 10 7 6 4 9 1 9 6 7 7 3 3 8 10 8 8 3 3 5 1 7 5 10 5 7 10 2 6 3 7 1 7 10 4 6 7 7 3 8 4 5 1 9 4 6 10 9 8 5 6 4 1 8 2 4 4 6 9 10 10 2 10 7 4 5 3 7 7 9 3 9 8 1
3 6 10 7 5 3 8 1 9 5 10 5 3 8 10 4 10 8 5 2 4 4 7 5 2 7 9 5 9 10 7 8 8 5 2 5 7 9 2 4 6 2 3 9 7 9 1 4 5 4 5 3 8 3 0 1 9 6 5 9 2 6 3 2 4 2 2 4 9 5 2 7 8 10 9 2 8 8 6 8 1 8 9 7 8 8 8 4 8 6 5 6 1 8 5 8 5 9 6 10 9 2 9 3 1 10 10 3 8 7 4 5 4 5 9 7 2 8 8 2 3 7 6 2 5 7 9 7 1 5 3 5 5 7 2 3 7 5 4 7 4 7 7 6 10 2 10 1 7 10 1 7 7 5 9 6 3 10 7 3 1 2 5 9 7 4 9 8 5 7 5 10 7 9 4 3 8 2 3 9 3 8 5 1 6 3 2 8 4 10 1 5 2 2 5 7 6 7 6 4
4 1 6 2 3 3 3 3 3 3 8 5 2 9 2 3 3 1 8 7 8 6 5 1 9 1 5 6 9 4 9 8 9 7 3 4 7 5 10 9 6 1 9 2 8 5 2 5 7 8 2 1 1 8 4 0 8 4 2 3 1 6 5 1 3 10 4 5 6 3 7 6 4 7 6 5 7 4 7 9 8 10 5 2 5 8 1 7 6 2 7 7 9 8 3 4 5 1 1 4 7 3 6 7 9 4 8 7 4 4 1 4 4 2 5 8 3 9 8 2 2 8 2 9 8 4 3 8 5 3 1 3 6 6 7 7 2 4 9 10 3 8 6 8 2 8 10 1 1 4 9 3 8 4 9 6 2 6 7 8 8 5 6 1 7 1 9 8 8 1 9 2 2 9 4 4 8 10 4 6 4 1 1 9 8 9 9 1 1 9 10 1 9 9 7 4 6 6 6 9
1 9 4 7 7 7 8 4 7 5 1 5 7 6 7 9 6 5 5 1 5 4 10 4 5 9 1 7 8 7 7 9 7 6 4 3 5 10 2 8 3 3 4 8 8 10 9 6 5 8 3 6 9 8 3 9 0 4 3 7 3 1 8 10 1 4 9 5 7 4 8 10 7 7 7 1 6 7 3 1 9 10 9 8 8 6 8 9 8 5 10 8 9 9 9 10 8 4 5 6 1 4 9 5 6 4 1 1 8 6 1 2 5 7 2 5 7 3 6 4 7 10 2 10 7 6 6 6 2 6 9 2 9 5 6 1 3 1 1 6 3 4 8 7 6 6 3 9 5 6 10 3 1 8 5 4 4 7 10 3 2 8 2 8 1 8 4 4 2 5 5 2 4 7 1 3 5 10 5 5 2 10 1 6 1 8 4 3 4 5 8 10 6 1 10 4 9 7 10 10
10 8 6 8 10 3 6 5 9 6 10 10 8 1 4 1 4 1 3 9 8 6 2 1 7 5 6 6 5 10 8 1 6 9 10 5 1 5 1 9 8 2 1 8 9 6 3 4 3 7 10 10 4 1 2 2 3 0 5 2 6 6 10 9 1 2 2 5 10 8 5 1 2 8 3 9 10 4 4 10 8 6 9 1 9 1 4 9 6 1 8 10 3 3 7 6 4 7 8 10 9 9 2 5 6 10 9 10 1 9 3 4 4 3 3 2 1 8 2 1 7 1 9 3 10 4 3 1 2 7 9 5 9 4 1 8 2 9 10 6 1 8 8 6 4 3 6 1 6 4 4 1 4 8 7 6 8 4 2 3 2 5 8 7 6 2 4 8 6 4 2 5 3 8 8 10 6 5 1 2 5 7 1 1 1 6 5 10 1 10 6 7 10 3 5 1 8 7 1 5
1 5 3 3 3 2 9 8 10 9 7 7 6 6 7 5 5 3 7 10 2 10 5 3 8 1 2 3 8 8 7 3 1 7 2 8 1 5 10 3 9 1 7 5 4 10 2 10 1 4 8 6 6 7 5 4 1 7 0 2 1 2 5 9 8 1 9 1 1 6 6 3 2 7 5 9 3 7 10 7 10 2 9 9 6 3 10 7 1 9 2 5 5 8 5 3 9 1 5 5 2 5 1 10 8 5 8 5 6 9 1 8 8 7 5 7 6 5 7 4 2 1 3 6 3 2 2 7 1 9 3 4 10 4 2 7 10 3 4 7 3 8 9 8 3 2 7 3 9 9 9 9 9 8 2 10 6 4 1 7 6 2 6 3 5 9 5 3 4 10 5 5 3 6 1 4 9 6 7 5 7 6 4 2 7 7 5 2 9 4 10 7 10 6 9 3 10 6 5 2
6 8 7 9 6 3 8 4 6 4 3 2 5 3 8 3 2 2 6 2 3 9 7 6 4 4 6 3 7 4 5 1 10 9 5 10 3 1 10 6 4 3 2 1 3 1 1 4 1 1 3 8 5 4 2 6 1 7 6 0 6 9 3 10 1 3 3 7 5 10 9 4 4 6 6 2 3 8 3 10 1 10 2 8 1 9 10 1 9 8 3 2 4 3 2 1 1 6 7 7 6 8 4 2 7 4 7 6 7 2 1 3 7 8 8 7 5 5 6 8 4 9 5 8 6 6 5 9 4 1 8 1 4 2 2 3 9 10 4 3 5 5 8 1 1 8 1 9 5 9 1 5 1 10 3 3 10 1 4 6 9 2 10 1 4 3 9 1 4 10 3 10 10 4 3 7 9 5 9 8 6 5 6 9 8 8 10 3 10 2 2 7 9 4 10 1 9 6 2 6
7 8 8 2 5 10 2 10 8 7 1 9 8 4 8 7 3 3 6 7 4 3 8 9 6 9 6 8 7 1 9 5 4 6 10 5 1 8 2 1 9 8 3 7 8 2 10 7 8 2 2 9 8 1 9 4 4 5 8 2 0 3 2 5 3 1 9 2 7 7 2 4 5 7 5 3 1 7 9 7 5 1 8 1 5 5 6 1 5 4 10 1 9 7 10 6 4 3 4 5 3 2 8 7 4 1 6 4 9 8 1 7 1 2 3 3 3 9 10 10 7 9 7 8 3 7 5 8 6 1 7 8 1 6 3 4 2 3 1 10 7 10 9 8 9 9 5 4 2 3 8 5 7 9 5 4 3 10 10 1 8 6 1 5 9 4 4 7 4 6 5 9 4 9 7 7 2 7 8 1 1 4 2 3 5 10 6 5 7 4 6 4 2 7 1 9 10 3 3 3
9 2 5 2 6 6 3 10 5 6 7 4 2 6 7 3 4 10 5 9 9 3 6 1 5 6 3 5 10 7 7 8 1 5 4 8 3 4 3 3 1 6 6 4 10 8 10 7 3 7 3 3 7 7 9 9 3 4 4 9 2 0 4 6 2 1 5 5 2 10 7 6 1 7 1 9 5 2 2 2 3 10 4 9 5 3 9 7 7 2 3 9 10 10 3 5 10 1 10 6 8 6 4 9 2 6 6 1 10 6 10 10 8 2 3 10 2 5 3 6 5 10 8 2 5 1 8 1 10 4 2 6 9 3 7 10 8 1 10 2 4 9 6 3 8 7 9 3 2 7 3 1 5 1 1 9 2 8 1 5 6 8 6 2 2 10 8 4 4 3 3 8 9 10 6 8 7 8 8 5 10 10 4 1 4 4 10 3 4 6 5 7 2 2 4 4 9 3 6 8
5 8 4 9 3 9 1 3 6 6 6 3 9 5 10 9 8 2 7 4 8 8 1 3 6 8 10 4 10 1 2 8 7 10 2 8 1 3 6 9 6 7 5 2 2 7 7 6 9 3 4 8 6 4 8 4 9 10 7 5 10 8 0 6 10 1 6 1 10 7 6 9 7 6 2 9 6 8 6 5 6 1 1 8 10 4 7 4 10 5 5 1 4 4 10 5 2 8 6 8 9 8 2 7 8 9 6 2 7 4 1 6 7 5 4 3 3 2 5 5 2 8 10 3 7 7 9 9 5 8 1 5 1 3 2 5 10 3 4 6 5 3 3 6 8 5 9 5 5 1 5 6 3 5 7 4 9 6 6 5 1 9 1 6 9 3 3 7 10 3 1 2 5 5 5 7 5 2 3 10 6 5 2 10 9 3 2 1 5 7 7 5 4 1 5 4 6 3 2 2
5 7 6 7 6 2 2 7 5 9 6 3 8 6 1 3 10 5 4 10 4 4 10 8 7 10 1 9 5 10 6 2 1 8 2 9 10 10 2 3 4 9 3 4 3 10 10 1 6 2 4 1 10 1 3 6 3 2 8 4 3 2 1 0 5 1 8 6 9 2 7 10 9 3 5 9 1 1 10 1 10 6 7 6 7 4 2 6 6 3 1 2 7 8 10 1 8 6 6 6 9 2 1 6 2 7 10 8 9 8 10 7 1 1 6 1 6 3 4 8 8 4 8 1 2 1 4 4 6 3 9 3 4 1 1 1 10 2 3 5 5 2 1 7 8 4 5 6 4 5 9 1 4 2 3 5 8 6 1 8 1 9 10 5 7 3 9 4 1 6 10 2 9 9 5 7 4 9 1 4 10 8 10 4 7 9 3 9 8 2 5 3 5 9 8 7 8 7 1 1
5 5 4 6 1 8 7 7 2 9 10 10 3 9 6 8 2 7 9 9 5 6 9 10 1 8 9 1 1 2 6 7 7 9 2 5 1 5 10 6 4 5 6 2 6 1 5 5 10 6 7 6 8 9 1 5 9 7 2 2 10 10 1 8 0 9 7 8 4 1 10 1 4 2 7 7 3 5 4 3 6 6 3 7 5 4 4 5 4 5 1 4 10 7 6 6 3 4 6 4 2 8 9 9 5 3 6 4 5 10 7 5 6 10 10 5 10 3 10 7 6 4 8 9 2 1 1 10 8 9 2 8 8 9 6 4 7 6 8 6 10 4 2 1 2 4 8 8 4 2 7 2 7 6 2 10 10 10 6 4 1 10 8 2 10 1 8 7 10 10 8 10 10 8 3 3 5 4 4 3 9 7 5 10 5 10 10 4 6 8 7 8 8 9 9 6 2 3 10 4
2 2 2 8 6 2 3 8 9 6 4 2 8 4 9 7 3 10 10 5 5 2 2 4 2 7 6 1 1 5 8 9 3 7 5 5 5 3 1 5 2 1 6 1 3 7 10 2 6 2 8 1 10 4 6 5 3 9 1 9 5 8 8 2 6 0 4 10 3 8 9 7 9 5 2 4 10 7 1 3 7 9 2 5 5 3 10 7 10 5 5 3 4 5 4 7 4 10 7 4 8 1 7 3 5 5 9 1 5 4 1 1 6 1 3 1 1 9 4 1 2 10 4 3 5 1 2 5 4 2 9 1 8 10 6 7 4 8 1 10 1 3 6 1 1 6 1 7 2 4 4 4 9 8 1 8 9 8 1 7 9 6 9 10 4 10 6 6 1 6 7 9 8 8 5 1 2 7 2 10 3 8 9 2 7 9 3 10 9 5 9 9 9 3 1 9 1 4 9 8
1 2 5 10 3 5 3 5 8 10 1 5 9 7 1 7 1 3 1 2 5 1 3 2 3 9 3 2 7 8 7 8 6 7 10 8 9 3 1 9 8 3 1 2 2 6 9 3 2 8 3 9 8 7 9 2 2 8 6 10 6 2 7 8 3 10 0 7 1 6 10 4 2 8 7 6 7 8 4 1 2 8 6 2 5 3 3 9 5 6 10 3 6 8 8 7 1 8 6 1 8 9 10 9 4 2 5 10 6 7 2 6 2 6 3 2 9 1 5 10 10 5 10 6 7 1 5 2 9 1 10 6 2 1 2 7 7 2 3 7 10 3 6 7 1 6 5 1 9 6 7 2 4 9 10 4 5 1 9 6 2 10 1 7 7 9 9 9 4 1 7 4 6 2 4 5 1 4 6 7 8 1 6 2 1 9 3 1 10 3 2 5 5 9 1 7 1 8 9 3
5 5 2 8 8 10 1 2 4 7 4 8 4 1 8 4 8 5 2 8 5 10 10 7 5 8 3 9 4 3 7 10 9 10 2 1 7 8 4 4 9 8 8 8 3 4 8 10 3 5 7 6 6 4 2 3 9 9 8 8 6 2 8 1 9 3 8 0 10 10 6 1 3 4 5 6 4 4 7 8 1 9 3 6 6 9 3 3 10 8 4 5 4 4 1 4 3 2 10 4 8 2 5 1 9 3 9 6 4 8 3 6 5 7 4 5 10 2 5 1 2 4 9 3 10 7 7 9 9 3 2 3 8 10 9 4 7 6 5 9 3 5 7 5 4 6 5 7 7 3 8 6 8 2 7 2 9 5 1 4 4 9 3 3 7 5 8 9 4 6 3 5 1 7 2 5 3 10 8 7 2 8 4 9 3 5 6 9 10 3 5 3 1 10 1 5 9 9 8 6
9 4 7 5 10 6 4 6 5 2 6 9 1 6 2 7 6 3 4 6 8 1 8 4 6 2 9 6 8 7 7 5 4 4 8 1 8 7 9 10 3 3 4 5 10 7 4 4 3 9 2 1 6 7 1 1 6 8 8 10 3 3 1 9 4 8 3 1 0 8 1 1 6 6 4 7 6 7 5 9 5 9 4 4 10 8 6 8 1 8 6 6 8 10 7 8 5 4 9 4 6 2 9 10 2 10 2 4 1 8 4 9 10 2 3 10 9 8 1 10 1 7 2 5 9 10 1 4 10 1 6 1 9 8 4 4 6 2 9 8 2 4 6 7 9 10 8 3 4 3 4 10 3 2 6 5 2 2 6 7 5 7 6 9 3 6 4 8 3 5 8 6 7 6 4 2 3 9 9 5 8 9 7 6 10 10 3 2 7 10 10 2 8 5 9 8 3 10 7 8
1 7 4 4 10 10 8 3 9 5 3 6 5 3 5 5 2 10 6 4 5 2 6 10 10 7 7 4 3 9 5 2 4 9 7 1 4 10 7 9 1 7 9 7 10 3 3 8 8 8 7 4 3 7 3 9 9 8 2 4 3 3 1 8 9 4 7 2 8 0 10 8 1 1 10 6 2 3 4 3 2 5 8 3 1 8 9 1 5 5 7 9 5 3 7 4 8 2 1 5 1 4 10 8 8 1 8 1 1 9 3 9 3 7 5 5 7 9 5 10 9 8 9 6 4 4 10 4 5 5 5 10 9 9 1 10 3 9 6 2 6 2 4 8 1 5 3 2 2 3 5 4 8 9 9 4 7 7 10 5 4 3 5 4 6 4 10 10 9 2 4 1 6 5 1 9 3 1 8 4 10 6 5 9 4 6 8 8 9 2 5 4 10 1 10 3 8 6 5 10
10 8 8 4 4 8 2 5 2 1 6 2 7 3 4 4 2 3 2 7 1 1 5 4 5 9 8 5 6 7 9 2 4 5 1 2 6 4 4 2 10 3 2 2 9 10 3 2 4 2 1 8 4 1 4 3 1 6 2 2 4 3 5 5 1 6 6 9 8 4 0 10 6 5 1 9 2 4 1 5 8 5 1 6 7 2 3 1 1 4 10 4 5 8 7 2 5 4 5 6 8 6 8 7 2 4 6 3 1 3 5 3 8 2 4 5 7 8 3 4 9 9 9 8 5 10 2 10 3 4 2 3 8 1 10 3 8 9 2 1 4 8 8 10 6 5 1 4 10 9 7 9 10 10 10 6 2 4 6 6 8 3 8 3 9 1 8 10 10 6 3 1 1 4 8 8 8 2 10 7 2 2 8 2 10 6 4 6 1 2 3 7 2 2 8 7 8 2 3 6
2 2 7 6 9 3 9 8 4 9 2 6 5 5 9 9 7 10 4 7 2 4 3 3 9 4 1 2 1 7 4 10 6 3 2 3 1 4 5 8 10 10 8 3 1 1 6 9 6 3 5 10 5 1 9 10 3 9 3 9 3 10 7 10 2 9 2 6 6 10 3 0 3 3 7 3 10 9 4 2 2 8 3 4 10 6 9 8 5 2 10 10 4 5 4 8 10 8 9 4 7 9 2 7 1 2 3 10 9 9 6 9 2 3 10 8 3 2 1 3 3 7 8 5 7 2 3 5 2 9 6 8 6 7 1 4 6 4 10 10 6 8 9 1 4 9 10 3 8 5 9 1 8 2 6 6 1 4 5 5 1 1 1 6 6 9 5 10 6 3 10 8 4 1 5 10 1 3 9 3 7 7 1 2 2 3 10 6 10 10 6 1 3 3 6 7 2 7 6 1
6 2 6 6 2 10 10 2 3 6 9 5 6 1 3 3 1 8 7 10 3 7 7 2 7 2 5 5 9 1 6 10 9 9 6 8 3 8 8 2 1 2 2 3 8 2 7 7 3 3 8 1 9 5 3 1 8 9 4 2 6 8 7 1 1 1 5 10 4 9 5 10 0 4 9 5 7 2 7 3 5 4 7 9 10 9 1 10 4 6 1 5 6 2 3 2 3 7 3 10 1 6 7 3 4 10 9 1 9 8 5 5 9 8 2 5 3 3 6 3 5 4 1 5 7 7 6 2 7 5 9 10 3 2 3 7 4 9 7 3 1 1 3 4 8 8 10 10 3 8 5 5 4 3 7 8 5 3 6 9 7 6 1 8 2 5 7 4 5 2 9 8 6 8 2 5 1 6 5 3 6 6 5 10 9 8 9 3 4 4 2 1 4 8 5 2 3 3 8 9
3 9 5 8 10 5 2 5 7 6 3 5 5 1 2 8 6 2 8 2 6 3 2 3 10 5 2 6 4 8 9 6 3 4 5 1 3 5 10 9 10 4 10 5 2 9 8 5 3 10 3 4 9 3 7 5 1 6 3 2 9 2 1 2 2 3 10 3 10 3 5 4 1 0 6 9 1 4 9 10 10 7 8 1 4 8 2 3 8 8 6 3 9 6 7 7 8 1 5 1 8 10 10 8 4 3 7 5 3 9 4 4 2 5 8 7 1 1 10 8 4 1 4 6 4 9 4 8 6 1 7 4 9 2 5 8 3 1 1 6 8 5 4 8 8 8 4 7 1 5 5 7 5 5 9 2 3 6 10 8 4 5 8 4 7 10 5 7 4 9 4 3 6 9 3 9 10 6 1 9 2 1 1 1 8 4 3 10 5 7 5 5 5 5 6 2 7 5 7 1
2 3 8 4 5 7 2 7 6 3 9 4 10 10 3 6 2 1 4 1 7 5 5 8 7 2 4 2 8 9 4 10 7 5 3 5 3 3 4 10 6 6 6 6 5 4 7 3 8 3 6 3 7 4 3 6 1 3 8 4 2 10 7 7 5 8 6 6 6 3 2 6 5 1 0 10 4 10 9 7 9 2 6 2 8 6 8 4 1 9 1 6 8 8 7 9 8 4 5 9 1 6 2 3 9 1 1 5 8 7 4 2 4 8 8 2 8 3 3 2 2 7 8 2 7 9 1 8 1 6 1 8 1 7 4 5 1 4 10 2 5 9 3 1 4 10 3 3 10 6 9 4 4 8 9 5 3 5 2 4 7 6 8 8 5 2 9 4 8 4 9 2 3 2 7 10 2 7 4 8 4 10 2 5 7 2 7 2 9 5 7 5 1 6 4 9 4 9 4 8
6 1 10 9 6 6 8 2 7 7 8 1 2 9 3 5 9 4 4 3 10 2 3 7 2 2 10 6 5 3 1 10 3 1 9 8 7 4 6 9 9 9 8 2 2 5 1 3 6 5 8 10 8 10 7 1 7 5 3 5 2 1 4 4 4 9 4 3 5 5 1 5 7 10 2 0 10 5 7 5 6 9 6 7 7 2 1 4 2 7 4 10 7 3 6 2 5 1 9 1 6 9 3 9 1 10 10 9 7 8 3 1 8 2 7 8 5 2 7 1 10 9 7 6 2 3 3 5 7 5 7 9 3 2 10 4 2 8 9 6 7 3 8 9 1 7 2 10 7 10 4 8 6 4 5 2 5 9 5 9 4 1 6 6 5 7 4 7 5 5 9 5 1 4 1 7 4 3 4 10 10 10 4 7 5 6 2 9 10 2 9 10 2 2 9 5 7 4 3 5
4 7 5 6 6 4 10 9 1 9 2 9 6 3 4 3 4 9 1 5 8 8 1 7 10 9 6 5 4 5 6 3 10 5 10 1 9 2 3 6 2 7 1 3 5 9 4 9 5 10 8 7 3 4 10 8 10 6 7 9 1 2 10 8 5 2 8 2 1 2 2 5 5 10 10 2 0 4 4 3 5 2 5 2 7 2 8 7 10 3 9 4 9 2 6 8 1 10 4 1 2 1 10 2 8 6 1 4 1 1 8 2 4 7 3 1 8 7 7 7 7 5 9 10 3 4 2 7 6 4 1 10 5 10 8 4 6 8 8 10 7 6 10 4 3 7 9 5 1 7 1 7 6 3 10 9 3 7 2 6 3 9 7 1 1 7 6 8 4 5 10 8 5 6 8 7 9 7 8 8 4 8 3 8 9 1 6 4 6 5 9 6 9 1 10 10 2 9 1 7
3 3 2 2 7 8 7 1 7 7 9 6 10 8 8 7 4 8 5 8 5 3 7 4 7 2 3 4 5 2 7 3 6 8 8 7 1 2 2 4 4 3 6 6 1 9 5 6 6 1 8 6 10 6 9 10 5 10 3 7 9 3 1 5 6 10 7 10 9 7 2 10 2 4 8 6 10 0 6 7 9 10 9 4 2 1 10 3 3 3 6 2 10 7 9 7 1 2 3 3 8 8 3 4 3 2 3 8 8 8 7 10 4 7 5 8 7 2 6 2 6 8 4 2 10 10 8 1 10 1 4 6 8 9 8 6 6 1 8 8 4 8 1 4 5 8 2 10 1 7 10 5 3 9 6 7 9 6 1 9 3 5 8 4 4 4 2 4 2 4 7 7 5 5 10 1 2 10 8 7 5 5 1 8 2 3 8 6 8 5 9 4 7 2 1 5 3 10 1 1
10 7 5 6 4 5 10 3 8 5 1 8 1 5 4 4 9 6 3 5 1 1 9 2 6 2 3 3 2 3 8 7 4 4 3 4 7 7 2 7 5 2 7 5 10 9 10 2 8 5 3 1 6 4 6 4 2 7 7 1 4 3 9 1 8 8 6 3 5 3 10 4 3 4 7 3 10 6 0 4 8 10 1 8 3 6 1 4 6 8 10 9 3 7 9 9 1 6 1 4 10 5 2 4 9 8 10 9 4 3 1 9 3 9 8 2 8 3 9 2 2 4 10 6 9 9 5 8 1 9 1 4 6 4 5 9 7 5 1 8 2 7 4 4 6 2 8 4 4 7 2 4 6 6 9 3 3 4 6 3 1 2 8 6 10 6 7 2 3 5 6 5 1 10 2 9 10 10 4 3 3 9 1 2 1 1 10 1 5 3 5 3 4 6 2 6 9 8 2 3
3 6 5 4 8 2 9 6 8 7 5 1 1 4 2 3 3 10 9 1 3 6 6 7 8 8 8 9 7 4 6 10 3 10 4 5 9 4 4 7 6 9 3 10 4 2 1 7 8 7 9 1 1 10 3 8 7 10 7 4 6 3 10 4 4 1 6 6 8 9 4 5 2 7 3 3 10 9 10 0 7 4 4 9 7 5 10 9 3 9 1 5 2 8 10 4 7 9 9 10 7 5 7 8 2 7 8 3 7 10 5 5 2 1 8 5 8 1 8 6 7 8 7 9 8 3 7 7 8 1 4 10 9 9 1 4 2 2 8 2 7 5 1 6 4 1 1 9 10 5 8 6 4 7 10 6 8 1 1 2 8 3 9 9 10 9 4 4 7 2 3 8 9 7 4 9 7 9 10 3 3 9 6 1 5 9 10 3 1 4 1 2 5 3 5 9 10 2 8 4
6 1 10 1 3 7 2 2 2 3 6 7 7 9 4 9 4 8 3 8 10 5 9 5 5 2 8 10 9 9 5 7 3 6 7 3 5 3 8 10 6 9 3 7 1 8 4 4 3 9 6 9 9 9 7 4 7 10 2 2 1 9 3 3 7 6 9 9 9 4 1 4 10 6 2 4 7 1 6 10 0 8 4 4 9 10 5 8 1 4 6 3 7 7 6 7 8 5 1 5 3 10 2 4 5 10 5 6 10 1 4 4 6 8 1 5 9 5 8 3 4 9 10 10 2 6 8 5 8 9 6 4 2 10 1 6 3 4 4 4 6 6 4 6 7 3 2 2 7 4 5 9 6 10 10 1 10 1 5 1 10 1 3 7 3 9 1 10 5 9 5 7 10 2 2 3 8 1 9 2 4 4 7 9 10 3 7 9 1 2 7 6 6 1 10 8 1 7 8 2
2 5 9 3 6 10 2 1 2 5 10 1 1 1 7 1 10 1 8 3 9 5 2 10 2 8 8 10 6 6 10 4 5 1 1 10 1 10 9 5 8 6 5 10 2 10 2 9 2 1 8 10 6 4 7 10 7 10 3 1 2 8 5 7 8 5 1 1 1 3 2 4 5 6 2 2 5 5 7 6 6 0 4 8 10 5 6 8 1 7 1 4 3 8 1 1 7 3 8 6 10 7 5 10 6 3 6 10 9 3 9 3 3 1 4 5 7 5 5 1 1 9 4 3 3 5 7 6 4 4 9 3 4 1 7 4 3 1 5 3 4 10 8 10 6 9 2 3 6 3 4 4 4 5 2 5 3 7 1 2 3 10 4 3 6 6 4 3 10 1 7 3 7 1 2 4 10 2 4 6 1 7 2 9 3 9 5 8 7 10 8 5 1 7 6 10 8 10 2 2
8 5 8 10 2 7 6 4 2 8 3 3 9 4 8 4 10 10 2 9 3 6 4 1 10 2 3 7 3 1 6 7 3 2 6 8 5 10 10 1 3 7 6 4 3 10 3 5 2 3 3 2 9 2 1 9 6 9 3 4 3 4 10 7 3 10 10 7 7 5 5 6 9 6 9 8 4 3 1 5 3 5 0 5 4 2 4 5 6 2 1 4 10 2 6 1 2 8 1 1 3 9 10 8 7 3 1 3 10 4 4 7 6 7 1 7 1 6 1 6 6 2 2 10 4 5 2 3 10 3 3 4 5 5 3 5 3 9 5 1 10 4 10 1 4 4 4 10 4 5 7 8 7 5 10 1 6 10 3 5 8 6 4 5 5 3 4 7 10 5 10 5 3 7 4 9 1 6 1 2 10 1 2 8 5 2 10 7 3 2 10 5 3 2 10 10 10 7 9 1
1 7 6 10 3 10 4 4 4 3 2 6 3 6 8 9 4 5 8 3 3 3 5 4 2 10 9 2 8 1 4 2 10 1 10 8 7 2 6 3 5 1 3 9 7 8 9 10 7 9 6 8 1 9 8 1 10 8 10 10 4 6 10 5 2 8 7 9 6 2 2 2 9 8 5 2 5 5 6 3 4 10 2 0 5 3 7 2 7 4 6 2 10 1 5 8 2 7 10 1 10 1 3 10 1 5 9 5 7 8 4 5 5 8 2 3 10 2 1 3 5 7 6 5 10 3 2 9 4 1 1 8 8 9 8 9 5 9 9 2 2 9 8 9 6 1 3 8 9 9 7 10 4 4 5 5 10 9 10 5 1 3 8 4 1 9 2 8 10 10 6 10 2 6 8 8 6 10 10 1 1 5 3 8 7 7 5 7 5 10 4 4 3 1 4 6 2 8 2 8
2 6 2 10 2 1 10 4 9 5 6 9 2 7 7 10 8 10 7 9 2 10 5 2 5 4 4 8 5 9 2 7 2 2 3 9 3 2 8 9 9 6 4 6 3 2 10 10 10 8 6 7 10 5 8 6 8 9 8 10 4 5 1 9 10 1 10 4 3 6 5 10 1 8 1 9 3 2 8 7 7 10 7 9 0 5 3 10 7 6 2 9 1 7 8 5 6 2 8 2 9 1 5 3 4 2 3 2 4 3 4 10 1 10 3 2 9 5 3 9 4 9 2 5 5 5 6 9 8 10 6 4 6 4 9 5 10 1 1 7 6 6 10 2 9 4 3 2 6 1 4 7 9 5 1 8 4 8 2 3 2 3 6 8 5 2 5 8 4 7 1 2 9 9 1 6 5 1 8 6 4 3 7 8 10 5 1 8 9 8 10 6 4 5 10 9 7 8 5 3
2 10 7 7 7 9 6 6 10 8 2 5 1 6 8 7 2 8 1 5 2 9 6 10 7 10 2 6 6 4 3 7 5 4 7 3 10 5 5 5 6 7 7 8 1 9 8 2 2 3 3 3 6 1 10 7 10 10 1 3 10 7 2 7 6 7 10 2 9 6 7 4 8 7 2 8 9 8 9 10 4 1 7 8 7 0 7 3 9 7 7 6 2 8 1 8 4 7 6 5 1 4 8 10 1 2 9 3 9 9 10 3 2 4 2 9 1 2 4 9 5 7 8 1 9 6 7 5 8 2 4 2 6 10 1 8 4 8 8 2 3 3 6 10 9 6 8 9 1 3 9 1 1 10 10 6 9 2 5 4 7 6 4 8 9 9 9 6 9 2 8 5 2 10 1 1 4 2 7 10 7 10 3 5 7 10 10 2 1 8 1 4 8 2 4 10 3 2 4 10
9 7 3 7 5 10 5 3 10 8 8 6 6 4 3 5 6 7 8 6 10 1 2 3 3 7 3 4 4 1 5 9 7 9 2 5 6 6 1 5 7 8 6 7 8 9 3 6 2 7 7 4 3 6 10 2 1 5 4 9 6 1 1 6 3 6 5 8 3 7 4 4 7 1 2 2 1 1 2 7 6 4 8 2 3 7 0 1 10 10 2 2 3 10 6 9 6 1 1 7 3 1 5 8 2 4 3 1 6 1 6 6 10 6 7 10 5 10 2 8 2 4 10 9 2 10 3 8 3 9 9 8 10 1 1 10 1 5 7 2 1 6 1 7 10 3 8 7 7 1 6 8 5 4 7 8 1 7 4 2 2 10 5 8 10 6 5 9 4 4 7 1 3 8 5 5 10 4 3 5 2 4 4 2 9 6 9 2 2 2 1 4 4 2 1 6 1 7 5 8
9 4 3 9 2 9 3 3 1 4 9 9 4 8 9 10 3 1 2 1 2 1 10 10 1 7 3 5 4 1 10 2 8 5 1 9 6 2 7 4 5 10 6 5 2 8 9 1 2 5 6 2 2 4 8 10 8 5 10 10 7 8 10 10 8 2 2 2 3 9 1 6 2 1 8 7 10 10 3 2 1 9 7 6 1 5 9 0 5 4 1 1 8 1 5 10 9 6 1 3 4 10 9 5 5 6 7 6 10 1 3 3 1 4 9 5 1 10 5 9 6 5 4 7 10 9 10 2 8 7 1 7 6 3 9 3 8 1 2 10 3 9 10 3 3 10 2 10 1 1 9 2 7 7 9 1 8 8 10 3 9 8 8 3 3 8 8 7 6 4 2 7 7 4 3 4 7 1 9 6 3 3 3 7 6 9 1 1 3 8 9 10 4 5 3 3 10 10 7 6
2 10 4 4 7 7 3 4 5 9 1 1 9 3 5 10 10 7 3 5 2 10 1 10 7 6 5 6 9 8 9 3 2 2 4 5 3 5 6 9 8 3 4 4 2 9 6 4 4 9 7 8 1 1 5 6 7 8 3 4 10 1 5 3 3 7 7 9 6 2 1 7 1 6 3 10 9 9 2 4 8 8 1 7 7 10 3 10 0 2 4 8 3 7 10 6 8 7 8 9 10 10 10 1 7 1 1 1 6 6 2 2 9 6 3 6 4 5 5 5 8 2 6 8 2 9 5 9 1 10 9 9 3 7 10 1 3 1 1 9 4 3 3 1 9 4 8 8 8 8 10 6 1 3 10 7 10 5 2 9 7 7 4 10 6 6 3 10 7 2 10 6 6 6 6 2 8 1 6 8 3 1 1 4 1 6 6 10 8 10 10 2 10 4 4 4 1 4 4 6
2 2 8 2 7 9 8 10 1 5 5 5 9 4 2 4 10 8 5 4 5 9 6 10 8 5 1 5 1 7 6 6 6 6 1 1 8 9 5 7 3 7 6 8 4 10 3 2 7 7 10 6 9 8 10 10 2 4 9 9 3 8 2 7 9 4 1 5 10 3 8 5 6 5 6 5 5 9 1 1 8 1 9 5 8 4 7 1 3 0 9 7 5 6 8 8 4 8 6 1 1 1 3 9 4 3 10 3 10 8 6 9 8 10 5 3 4 7 2 8 4 3 9 10 1 6 2 4 7 10 3 10 4 1 10 5 8 2 2 1 7 7 2 2 4 2 5 5 10 1 1 5 5 2 10 6 2 7 9 10 3 6 10 3 1 7 2 4 3 3 2 3 8 5 2 3 8 5 7 6 2 6 1 8 4 9 5 7 2 1 5 1 6 5 6 3 3 10 2 2
3 9 9 8 10 8 3 6 8 2 7 10 10 4 2 7 9 10 8 2 1 7 7 1 2 7 8 8 10 9 3 9 6 10 2 7 10 2 6 5 7 5 8 7 7 3 4 2 6 4 8 3 6 10 3 7 9 9 1 1 9 6 10 4 5 10 10 10 5 3 10 8 2 10 7 4 2 6 1 4 9 3 5 9 9 2 10 10 1 4 0 6 5 2 2 4 4 3 4 5 4 1 6 5 3 10 5 7 2 9 2 1 3 7 6 5 6 3 2 4 1 8 10 6 7 6 5 1 9 1 9 6 10 10 7 8 5 6 8 10 7 10 9 3 1 9 4 7 10 1 8 9 1 1 5 2 8 1 9 10 2 6 9 8 3 9 1 7 3 8 7 7 10 7 5 6 7 3 8 9 5 8 5 3 2 2 9 10 1 4 2 10 9 3 5 10 10 6 2 10
10 2 2 2 8 2 4 5 1 5 7 3 7 3 1 4 1 10 10 10 8 5 3 3 3 6 2 2 1 8 7 10 10 7 8 1 1 8 7 3 4 3 10 9 9 9 10 5 5 8 7 5 5 8 5 5 10 2 3 10 6 10 6 7 10 8 5 5 2 5 2 7 10 10 1 8 6 10 1 6 3 1 2 1 3 9 1 3 3 9 2 0 8 5 7 7 9 10 5 3 6 7 7 1 9 3 8 2 6 7 6 3 10 10 6 2 5 9 5 4 8 5 4 2 6 4 7 6 4 2 9 8 6 1 1 4 6 4 1 3 10 8 8 10 10 1 2 5 7 9 5 9 7 9 2 4 9 10 8 8 10 5 1 3 2 5 1 2 3 3 2 8 6 9 3 2 7 1 6 4 5 4 3 1 7 4 5 1 2 10 6 1 9 6 7 6 2 4 1 3
9 7 7 10 3 2 1 10 4 1 5 6 9 9 3 3 3 3 1 6 8 6 10 7 6 2 5 3 4 3 7 8 10 2 9 2 6 9 9 6 1 4 1 10 8 4 2 1 8 5 10 9 5 7 2 1 7 8 7 4 6 8 3 7 5 7 10 4 1 1 3 8 1 9 4 5 4 1 6 10 10 10 8 7 2 6 8 10 9 8 6 5 0 4 4 1 3 9 9 7 10 10 4 7 3 8 4 5 6 7 1 10 1 9 2 5 6 9 3 10 7 5 8 6 9 9 1 7 7 7 5 3 7 5 4 9 5 7 7 7 3 7 5 10 10 9 7 1 2 1 1 7 3 9 9 5 9 6 6 1 4 6 6 3 10 10 10 7 3 8 9 10 7 10 10 1 3 9 7 6 9 1 8 5 8 5 5 8 6 6 9 3 9 7 3 1 4 10 1 9
1 2 5 9 9 7 10 10 9 3 9 9 9 7 3 5 8 1 2 9 7 2 3 8 3 6 10 7 2 9 3 7 1 6 1 5 5 3 7 8 4 2 9 10 6 1 2 7 1 7 7 1 8 4 2 5 2 10 2 2 2 2 9 2 1 5 8 7 6 7 9 6 5 9 6 5 6 5 4 6 3 10 7 5 9 1 6 8 4 1 7 6 9 0 2 8 2 10 8 8 9 7 7 1 2 4 8 7 4 5 5 4 8 2 10 1 3 3 5 7 2 3 4 7 7 7 7 1 8 5 2 7 9 2 10 10 9 7 7 8 3 7 7 1 5 1 8 8 3 3 3 10 8 3 1 9 1 1 9 7 3 7 10 2 3 6 5 9 2 3 9 1 2 1 10 5 10 4 7 6 8 2 7 3 9 8 1 9 1 6 5 7 8 7 7 9 8 4 2 5
9 2 4 1 2 7 1 10 3 6 4 7 1 3 5 6 7 1 4 8 4 10 7 9 3 2 4 6 10 5 10 6 10 1 9 8 4 1 3 1 3 5 8 10 3 10 4 1 1 2 5 5 4 10 4 1 2 10 10 2 6 2 6 8 4 8 7 1 9 8 5 10 6 8 9 9 2 7 6 2 6 8 2 9 3 1 6 4 9 9 2 2 4 7 0 10 1 2 3 10 1 9 6 8 1 5 8 3 2 10 1 4 5 5 4 5 1 6 8 1 1 9 9 5 10 6 10 7 2 6 1 9 2 2 6 3 8 8 2 10 8 3 5 7 5 4 6 2 7 3 5 4 4 10 1 2 10 7 10 6 5 2 2 1 10 8 3 5 7 4 4 8 7 3 9 4 4 3 5 2 10 9 4 4 7 4 7 2 10 5 2 8 5 1 2 10 1 5 4 1
7 3 5 8 10 10 8 7 7 4 7 9 2 7 8 9 4 10 9 8 2 2 7 10 5 6 1 7 1 9 2 7 7 1 10 6 9 7 2 4 8 10 7 5 6 6 7 8 10 10 5 5 5 1 2 8 8 6 6 9 2 5 4 4 2 6 9 4 4 3 1 6 8 2 3 9 1 1 8 8 2 8 9 3 7 3 9 3 7 10 7 1 2 10 1 0 5 2 7 3 1 1 10 9 4 7 8 9 8 4 9 4 10 9 3 1 7 1 8 2 3 3 2 2 10 1 1 7 2 3 6 10 7 3 3 10 6 5 5 6 10 7 1 5 1 7 5 5 5 2 9 5 4 10 2 6 4 7 7 4 1 1 9 9 6 9 2 10 6 8 7 3 2 10 8 6 9 5 10 8 2 3 9 4 10 3 7 5 7 10 8 9 3 3 7 8 5 10 9 10
7 9 10 9 6 2 10 3 3 4 7 5 7 2 2 1 1 4 3 10 3 8 6 6 3 1 8 3 2 6 10 7 3 8 10 10 10 5 10 2 4 4 9 3 7 2 4 1 3 9 2 2 3 5 8 8 4 3 3 4 1 8 2 2 5 9 1 2 8 4 4 10 3 5 4 1 8 4 3 6 7 2 10 5 6 1 10 4 5 2 3 1 8 6 8 5 0 6 7 8 7 9 9 5 5 5 8 6 10 5 2 4 6 4 8 2 5 8 2 4 3 8 6 4 2 2 6 6 1 5 3 6 8 10 1 10 8 2 8 6 4 3 8 4 10 7 1 3 9 7 2 10 2 4 3 5 9 4 6 2 6 10 7 4 1 2 7 10 2 9 7 6 3 8 9 5 4 5 9 4 6 5 3 3 8 4 5 6 10 10 9 10 2 7 3 7 2 4 1 5
7 8 9 3 1 5 3 5 3 4 1 7 5 8 6 8 10 1 2 5 10 1 6 8 8 7 8 4 9 3 7 6 4 7 3 7 2 9 8 9 8 1 9 8 4 8 6 10 6 4 7 7 5 6 1 1 10 9 8 3 2 4 8 4 6 2 6 4 5 9 7 8 9 2 8 3 3 9 5 3 4 8 6 1 7 6 7 6 9 3 5 8 4 4 1 4 5 0 9 3 1 2 1 10 3 7 4 2 6 1 9 6 8 6 4 5 5 8 7 10 7 2 9 9 7 1 3 2 4 9 10 9 4 8 2 2 8 7 6 4 7 5 4 2 4 4 8 7 6 4 2 9 5 6 5 8 9 6 9 1 1 3 1 2 3 8 7 3 2 7 1 3 4 5 4 9 7 10 4 5 4 2 6 8 3 5 5 2 8 2 10 4 1 9 9 2 4 6 6 6
5 9 1 3 2 5 7 9 1 3 2 10 1 5 7 10 4 4 5 3 3 10 1 2 5 6 2 8 3 4 1 10 9 8 8 2 5 9 3 5 9 10 6 7 2 6 2 6 8 10 4 5 10 5 3 2 5 9 2 2 5 10 2 8 2 6 9 1 7 2 5 7 7 4 5 8 10 9 2 4 2 7 4 6 6 6 2 10 7 9 1 3 6 1 5 1 7 7 0 6 6 5 5 7 4 10 5 1 7 4 7 1 9 4 9 6 2 7 9 5 5 10 5 9 1 1 8 8 5 1 7 1 3 5 8 2 7 8 8 6 2 4 7 10 1 10 9 1 5 3 1 6 10 9 4 3 7 8 8 5 8 7 6 2 7 2 6 6 10 3 1 3 3 1 10 8 4 10 8 2 8 4 4 8 1 5 5 5 3 2 2 1 7 3 4 3 1 9 7 9
6 9 3 4 4 4 7 2 2 7 2 3 8 10 5 6 4 4 2 2 3 5 3 6 6 2 1 8 2 6 7 10 3 8 8 5 9 2 2 7 7 5 5 3 4 9 10 9 3 1 6 7 4 6 9 4 2 9 5 1 4 5 1 3 6 9 5 8 4 8 10 3 2 7 10 1 3 6 4 4 2 8 10 5 5 1 8 5 5 6 4 9 2 5 1 5 5 10 8 0 7 6 8 8 9 7 2 9 6 10 4 3 1 6 9 7 8 10 5 3 8 9 3 4 1 9 5 8 10 6 5 5 4 1 7 10 10 9 3 4 10 5 7 3 8 1 5 10 6 9 5 5 2 3 6 6 10 6 3 9 6 2 1 5 6 6 6 6 1 3 9 10 5 7 5 7 1 5 10 1 9 9 9 4 6 4 3 3 8 5 4 10 6 1 2 10 4 2 2 9
1 1 9 10 4 2 3 4 5 3 8 7 9 7 2 7 6 10 2 6 3 9 7 3 8 7 2 7 8 1 8 10 9 8 7 4 10 6 10 10 2 3 1 10 2 1 1 10 8 4 10 5 2 3 7 4 4 3 9 4 5 9 4 10 6 8 6 8 7 6 6 9 2 8 10 6 4 10 1 1 6 4 2 4 6 1 2 3 7 8 9 5 6 10 8 6 2 7 8 2 0 2 5 6 4 8 4 3 8 2 5 9 4 1 3 4 7 9 1 3 8 2 2 1 3 5 6 5 10 7 1 3 10 8 6 2 8 4 8 7 7 8 4 10 5 8 7 9 4 7 8 10 1 9 2 4 1 6 6 4 2 7 8 8 4 10 7 9 1 2 7 9 6 5 2 3 10 8 10 7 4 6 4 1 6 2 3 2 10 1 2 5 5 10 9 2 5 6 10 3
10 8 5 4 4 10 1 10 10 10 2 7 8 10 4 10 6 6 1 7 10 7 1 5 8 4 5 1 5 2 3 9 10 5 7 8 5 7 4 6 9 9 1 9 8 1 1 7 9 5 5 5 2 8 4 4 5 3 4 10 8 7 2 4 2 7 8 10 9 4 2 9 6 4 5 10 7 1 3 9 1 3 4 8 5 5 10 9 4 7 9 2 9 1 2 10 2 9 4 1 6 0 5 9 8 3 2 10 7 1 9 9 6 3 3 2 9 5 1 9 2 2 8 1 7 2 8 7 8 7 8 7 1 6 8 7 7 5 7 10 9 3 4 4 10 7 2 10 1 1 8 2 4 10 9 5 10 8 10 8 10 4 1 5 4 10 9 3 3 1 9 3 4 5 3 1 9 1 6 8 2 5 10 10 2 1 9 6 10 6 6 2 1 3 5 1 3 5 7 4
5 9 6 5 2 1 5 2 7 9 8 5 5 3 5 8 3 2 5 2 6 9 1 8 9 8 4 10 3 7 1 8 10 1 6 1 3 10 4 9 2 9 1 10 6 8 6 6 8 3 9 2 10 6 4 9 4 7 1 4 2 9 1 9 1 1 3 10 7 1 3 9 8 4 10 10 6 1 1 9 5 4 5 9 7 9 3 4 5 4 8 5 1 8 4 2 5 2 8 10 9 4 0 5 2 9 2 1 9 6 8 9 6 4 1 9 6 1 4 10 7 10 3 8 9 10 9 2 4 6 4 10 8 8 6 5 10 10 6 7 4 6 9 2 3 6 9 10 8 5 8 1 3 10 3 1 9 4 4 8 3 2 2 2 4 2 9 3 9 7 3 5 2 5 10 9 8 9 9 7 8 9 3 9 8 7 6 5 5 2 6 3 2 5 5 3 7 10 10 8
7 4 1 8 2 7 1 9 4 10 10 9 10 9 3 3 8 7 5 10 5 6 8 10 6 2 2 6 9 7 8 8 3 1 1 2 2 5 8 10 2 3 3 3 1 4 9 7 3 5 8 5 9 1 4 5 4 9 9 9 8 3 3 3 10 3 1 2 9 2 3 8 3 10 3 3 4 3 7 3 8 3 2 6 2 10 7 7 5 2 10 4 2 5 8 7 8 2 7 2 3 3 3 0 9 4 9 9 9 3 1 1 4 7 5 1 3 7 9 8 8 9 3 5 5 5 1 3 7 6 6 3 10 4 8 9 3 5 1 4 8 2 8 4 1 5 2 3 3 7 9 6 1 5 5 3 9 4 6 8 10 10 10 9 3 3 2 9 1 4 6 6 7 5 7 3 10 10 7 6 4 2 2 10 8 5 10 8 8 7 3 7 1 5 3 1 9 2 6 6
2 4 1 1 7 2 10 2 8 9 9 6 5 8 10 8 7 5 2 2 7 6 10 7 3 7 6 8 3 9 5 7 8 2 8 5 3 6 2 8 4 8 9 5 8 9 1 4 9 4 5 8 3 4 10 4 5 6 10 9 9 5 2 10 10 5 2 5 1 8 3 3 9 3 6 5 10 3 8 10 2 8 4 4 4 9 9 6 1 5 5 10 6 5 5 8 9 2 1 1 10 8 9 8 0 8 3 5 6 3 2 3 1 9 3 10 3 8 8 8 8 2 9 5 3 2 4 9 10 10 5 2 6 10 4 4 2 3 2 10 6 7 1 9 8 7 8 7 3 9 1 1 7 9 10 6 5 10 7 6 3 4 2 3 6 6 4 4 2 3 9 9 9 7 10 5 10 8 9 4 6 1 6 6 3 6 5 2 10 7 7 2 1 9 4 9 7 2 3 5
2 1 1 8 5 8 5 10 9 4 2 6 1 6 3 6 6 7 10 5 4 6 7 1 5 1 8 4 5 8 7 6 8 7 6 8 5 1 9 2 3 5 9 5 10 2 3 9 2 1 1 6 3 2 2 10 3 5 2 3 1 2 5 10 4 2 4 8 4 4 2 1 7 6 3 2 4 10 3 9 2 6 9 1 6 9 3 4 4 8 10 5 2 7 1 7 7 4 5 6 4 9 1 9 9 0 6 8 1 4 2 7 3 1 8 3 1 1 10 8 6 2 9 10 1 10 2 3 5 6 9 8 2 9 10 4 1 1 1 8 10 7 3 9 3 8 5 10 5 6 7 4 8 4 6 7 9 5 9 2 3 5 3 2 9 7 6 9 6 8 3 10 4 1 4 8 3 2 6 5 10 10 3 5 5 8 3 9 9 1 3 9 7 10 9 10 4 7 8 10
8 10 3 4 7 3 1 5 3 1 1 8 1 1 9 9 9 4 1 2 2 9 3 4 10 9 10 10 7 8 2 10 4 2 5 5 4 10 7 2 4 3 9 4 5 7 7 1 8 6 10 10 9 7 8 2 2 6 4 1 2 5 10 7 1 5 1 6 9 1 1 4 5 9 2 7 7 3 9 5 10 7 3 1 3 7 3 7 5 3 2 8 4 3 1 8 4 4 2 4 7 10 5 1 9 5 0 10 6 5 7 6 5 10 9 4 6 8 6 4 7 7 3 5 3 4 1 6 10 2 2 10 7 2 6 9 3 3 9 2 7 3 5 7 2 7 7 9 10 6 6 8 3 8 2 6 3 7 6 1 7 6 7 5 4 1 9 3 2 3 9 9 7 5 5 5 7 4 10 2 2 6 4 8 1 5 2 6 7 8 6 3 3 9 2 2 6 7 3 5
5 3 8 2 6 2 5 2 8 2 2 10 6 2 3 6 1 2 7 7 10 9 3 1 2 3 3 2 5 6 10 2 6 2 9 2 2 6 4 5 3 8 1 6 8 1 4 9 10 1 7 8 7 3 3 3 10 9 9 2 6 8 6 2 9 4 8 4 3 3 5 4 10 8 8 3 4 2 4 4 8 9 7 3 3 5 5 10 1 6 1 9 9 10 3 5 3 9 10 2 1 4 3 10 8 4 6 0 5 7 7 2 8 9 9 6 10 7 1 10 10 2 4 10 10 8 10 6 9 8 6 10 8 3 2 6 2 5 5 9 1 4 10 9 4 9 6 4 8 5 6 8 9 1 8 5 8 8 5 1 8 2 6 10 8 4 9 1 6 10 5 5 9 2 2 2 7 6 3 3 4 1 10 6 3 4 10 10 2 1 6 9 6 5 4 8 7 7 3 9
9 5 9 1 6 1 4 3 4 2 6 8 6 6 10 4 2 5 8 6 9 3 3 8 5 10 8 8 1 10 9 5 7 1 2 8 5 3 2 2 3 1 8 9 6 6 1 7 5 5 1 4 4 9 5 6 7 10 1 6 7 2 3 1 8 9 2 8 8 4 8 5 8 8 9 2 2 3 10 1 9 3 2 8 4 10 10 9 3 10 2 5 3 6 9 3 10 10 2 1 5 3 3 9 6 7 5 8 0 10 3 9 4 6 10 5 10 1 4 8 2 7 3 1 7 3 9 8 1 9 6 9 9 3 5 4 4 6 4 3 2 9 2 7 7 7 6 9 6 9 3 4 9 1 5 5 7 10 2 1 10 10 10 7 4 4 4 10 10 2 7 10 1 5 8 10 9 7 4 7 2 6 7 7 5 9 8 2 4 8 6 5 4 3 9 3 9 9 10 7
6 4 4 7 6 1 10 1 9 2 3 10 5 8 1 5 2 9 6 5 7 5 3 10 4 2 5 8 9 7 7 10 3 6 3 7 9 4 7 3 3 10 5 9 1 2 4 3 9 1 5 9 3 8 4 1 7 10 8 2 9 4 9 9 7 6 3 2 7 6 7 1 10 1 6 6 3 3 8 7 9 10 9 8 10 7 8 9 2 7 6 4 9 3 5 1 9 3 4 2 5 3 7 6 9 6 9 7 10 0 5 8 6 8 8 3 7 7 3 2 2 4 2 8 10 8 8 4 6 1 9 10 5 4 1 1 7 9 7 5 1 3 3 4 6 4 9 6 9 5 10 7 6 4 2 7 3 7 5 4 1 1 8 4 7 6 3 3 1 1 4 2 9 4 8 6 8 2 10 10 1 10 3 10 8 7 10 2 1 10 1 2 3 6 7 9 1 5 3 1
6 8 5 6 5 7 9 1 3 9 6 9 1 3 2 6 8 10 6 1 7 2 1 5 6 7 10 10 3 6 8 8 1 7 7 1 5 4 2 4 10 2 4 9 7 10 1 5 5 5 2 4 5 4 2 2 10 9 3 1 1 5 7 8 4 4 5 9 7 8 10 9 9 2 5 6 4 2 1 4 7 2 8 3 6 7 3 1 1 7 2 8 8 9 9 5 5 9 7 8 5 6 9 8 7 4 5 4 8 5 0 8 8 5 4 9 4 9 3 8 8 1 1 4 9 2 1 8 4 10 6 2 4 1 2 2 7 8 9 2 1 3 4 3 7 9 3 9 5 2 7 7 6 8 5 2 6 5 8 5 2 6 6 8 8 7 7 8 4 1 10 3 5 9 3 3 2 2 5 5 6 9 10 5 10 9 6 3 7 7 9 9 1 2 9 5 5 8 4 6
8 5 8 9 10 5 10 10 6 7 2 4 4 10 8 4 7 10 4 6 1 10 3 5 9 4 9 1 8 9 9 4 10 1 2 8 10 5 1 5 1 6 6 8 7 3 5 1 4 1 7 10 6 10 7 7 5 10 3 7 10 2 9 3 1 9 4 10 9 3 1 2 2 5 3 1 5 9 7 10 8 4 6 7 8 3 9 1 5 9 7 9 3 5 10 3 5 6 2 2 3 2 1 5 8 9 7 6 6 3 7 0 4 2 3 5 1 5 3 7 10 10 2 4 7 3 3 10 9 2 10 8 4 4 4 8 10 3 1 3 9 9 4 4 2 6 2 7 7 7 2 7 8 1 7 9 1 1 3 4 1 9 5 7 4 6 3 9 8 5 1 2 4 8 7 6 5 10 8 4 9 9 5 10 3 6 9 9 6 5 10 8 5 5 6 1 8 3 1 1
4 10 2 4 5 8 8 8 5 5 7 2 8 9 10 5 5 10 3 1 9 7 9 3 8 4 3 5 10 2 10 8 4 9 2 4 2 3 1 4 6 7 9 4 8 1 7 5 7 5 6 7 3 2 5 6 8 8 7 10 5 6 10 4 9 4 5 4 9 7 6 9 6 3 2 4 6 2 4 10 7 7 10 9 4 6 5 9 1 8 5 7 2 5 3 9 3 3 7 9 10 9 4 1 4 3 3 1 3 2 7 7 0 4 8 2 7 9 1 7 8 5 5 5 2 8 7 3 5 5 3 2 9 5 1 6 1 7 6 1 6 4 9 7 3 2 2 3 7 1 1 8 1 2 4 1 3 2 6 8 2 8 1 3 1 1 9 3 4 9 2 1 4 3 10 10 8 10 6 1 8 5 1 1 6 10 2 2 3 2 7 3 5 8 2 7 5 4 9 4
1 7 5 6 1 8 1 1 2 5 3 7 7 7 7 7 10 7 10 5 10 8 7 2 8 2 5 9 10 7 7 1 9 6 8 1 9 1 7 1 1 2 5 9 6 7 9 6 6 10 10 3 9 9 6 10 2 6 9 10 9 6 5 4 5 9 10 4 2 2 8 4 8 8 4 10 7 10 5 10 5 1 1 9 1 2 9 1 1 9 4 2 1 4 8 8 6 8 3 4 6 2 10 3 9 5 8 3 6 2 9 3 1 0 4 5 2 9 2 2 1 5 5 8 1 8 2 10 4 1 8 6 3 6 4 4 5 9 10 10 10 2 9 5 10 10 5 10 7 2 5 1 8 8 6 4 5 10 3 2 8 9 4 1 4 8 9 4 9 5 4 3 1 5 2 8 2 3 8 3 8 3 5 8 6 7 3 7 7 4 3 10 8 8 10 8 1 9 9 7
4 9 3 6 2 2 1 3 6 10 7 10 1 9 3 4 3 10 3 1 3 9 7 8 5 8 1 3 8 6 8 4 6 6 6 8 7 10 4 7 3 6 6 5 1 8 3 8 9 5 10 7 10 2 4 7 7 4 7 6 7 9 5 9 4 3 10 4 9 1 1 3 8 5 1 2 4 3 10 5 1 10 2 4 1 1 6 7 10 1 5 1 5 3 5 8 4 8 2 7 7 8 8 9 2 6 6 7 10 5 3 2 8 4 0 8 8 8 9 10 4 3 5 5 1 8 9 10 5 5 5 8 1 6 4 1 7 8 5 3 4 1 1 5 9 3 6 5 7 9 6 4 9 8 8 3 1 7 6 6 7 6 6 9 3 4 4 10 8 9 1 7 9 1 6 6 9 10 1 7 5 3 1 8 3 8 7 10 1 10 9 4 3 8 1 5 5 5 6 6
8 7 3 4 1 6 6 8 10 9 9 4 10 8 9 4 4 5 9 2 5 3 7 7 3 4 7 10 2 4 8 8 3 2 1 8 10 5 8 2 5 10 7 8 1 7 6 4 1 8 1 8 1 1 8 5 10 7 5 6 9 4 9 5 1 6 7 8 8 4 3 6 4 10 5 10 8 1 10 5 1 1 3 9 9 9 6 6 9 1 6 2 7 10 10 4 6 10 7 4 9 4 6 4 6 4 7 6 6 5 2 6 9 4 6 0 8 4 7 5 6 8 2 3 8 4 9 10 1 5 2 10 10 9 2 10 3 9 10 9 4 2 4 10 2 2 7 8 2 9 9 7 8 5 7 4 3 8 4 2 4 8 6 1 5 8 4 5 4 6 9 6 4 10 7 9 3 8 7 10 4 10 7 1 10 7 10 6 7 10 5 7 9 1 9 1 10 10 10 3
10 4 8 9 2 7 8 5 9 5 2 7 6 1 9 3 4 10 8 7 10 2 5 10 4 8 1 1 10 3 8 5 9 3 1 4 5 7 2 4 10 3 4 6 7 5 4 6 1 10 9 5 1 10 8 9 10 9 2 9 6 7 10 3 10 4 4 1 6 6 3 1 5 3 9 9 10 9 3 4 5 2 10 6 9 9 7 7 8 2 6 10 1 9 5 10 2 5 9 2 3 3 1 10 3 10 6 7 8 4 10 1 4 8 9 5 0 8 10 7 7 1 1 2 5 9 8 2 6 8 3 10 3 6 6 8 9 9 10 2 1 9 6 3 2 8 4 9 2 10 2 2 8 1 3 9 1 1 5 2 7 5 10 8 5 7 8 2 8 5 6 3 8 6 2 6 10 6 3 8 8 5 3 9 6 6 7 9 8 7 7 10 8 8 4 2 10 4 5 9
4 1 3 10 1 10 4 10 2 4 5 4 8 4 1 8 5 2 2 6 7 4 2 1 3 9 4 9 1 2 1 5 8 1 5 9 4 9 3 9 7 9 7 4 9 8 7 8 6 9 3 9 6 5 2 7 10 7 5 1 6 6 9 8 8 9 2 9 3 2 8 2 5 8 8 4 3 5 7 8 6 2 4 9 5 4 8 2 7 1 3 8 8 3 1 7 3 1 5 1 5 4 6 9 10 9 6 5 2 3 10 1 7 5 9 6 3 0 10 7 9 7 10 10 10 1 8 4 9 3 7 5 3 6 10 10 4 1 3 6 9 1 4 1 5 5 9 3 10 7 4 4 6 4 1 9 7 10 6 9 5 7 6 7 1 1 10 7 3 8 1 6 10 5 10 1 7 3 2 6 9 8 5 10 1 4 7 7 8 1 6 2 3 1 6 6 9 3 1 5
6 2 6 3 2 1 6 3 4 8 6 7 10 5 9 2 9 1 4 9 6 6 3 3 5 1 1 9 2 7 9 9 8 1 7 8 6 8 7 3 6 4 8 9 5 9 1 3 7 1 5 4 8 5 1 4 1 6 2 2 4 1 3 2 10 6 6 5 10 9 7 1 7 9 4 10 2 9 4 4 7 10 3 1 1 5 8 2 6 3 4 1 5 6 2 10 3 10 4 4 8 8 1 1 5 1 8 6 5 8 9 8 9 10 5 5 9 4 0 1 2 8 1 4 9 2 2 9 4 10 10 5 8 6 8 10 2 1 3 2 2 7 8 9 8 9 5 6 7 9 8 9 5 8 6 9 3 9 8 5 8 4 4 3 1 1 3 4 10 8 2 5 3 6 10 1 10 2 10 3 9 1 10 1 6 6 3 9 7 4 8 2 10 5 7 1 9 3 9 10
10 5 2 1 8 9 4 3 9 10 6 6 2 1 10 10 5 9 7 7 8 5 2 5 8 6 2 6 7 10 7 5 1 8 2 4 2 9 4 1 2 7 1 10 1 2 1 6 6 4 2 6 6 1 1 5 6 10 6 6 4 3 2 4 6 9 10 4 10 10 7 4 1 8 3 4 6 5 2 5 2 6 3 2 8 8 5 2 9 9 1 1 9 3 2 10 3 1 2 5 6 1 6 5 2 8 6 1 2 7 5 8 5 5 4 10 7 8 3 0 8 7 6 8 4 5 8 1 4 2 6 3 1 10 3 1 2 2 10 10 7 3 4 8 8 10 1 6 4 5 5 6 4 4 4 10 7 2 1 4 5 2 2 8 4 6 9 3 1 6 3 6 9 1 8 7 8 3 3 10 8 10 1 2 9 10 3 10 8 10 9 4 8 2 10 10 3 8 3 8
2 5 9 2 3 8 3 9 3 8 4 9 4 1 1 2 10 5 6 2 4 8 7 2 5 5 1 3 2 10 6 4 6 6 9 2 6 6 7 8 3 3 7 6 2 3 5 6 4 4 4 5 9 7 4 8 5 9 8 9 3 2 2 4 1 9 2 4 9 2 1 10 8 9 2 2 8 6 2 2 4 4 10 4 8 7 2 7 3 6 5 1 9 1 1 10 10 9 5 9 4 7 8 10 7 6 2 9 6 10 5 3 8 2 7 9 1 8 8 4 0 7 3 2 7 10 6 5 3 1 5 10 6 9 6 5 9 7 10 1 5 3 7 3 2 8 10 2 1 7 4 2 5 6 7 10 9 2 9 3 4 4 4 2 3 5 9 9 9 3 1 6 9 10 1 8 9 1 10 9 5 5 2 1 6 9 9 8 3 6 7 2 1 1 1 9 8 6 4 2
8 6 7 2 9 3 8 9 5 4 1 2 9 2 4 3 9 9 3 7 3 10 7 6 9 6 8 6 2 6 7 9 4 7 8 1 10 4 8 4 6 2 9 4 9 10 8 9 3 1 10 3 4 10 6 2 5 7 4 10 5 10 2 4 1 6 9 8 8 5 6 2 9 2 4 9 6 4 6 3 7 1 5 10 9 10 10 2 1 9 7 3 8 5 7 6 1 5 4 9 7 2 5 2 1 6 3 9 6 9 8 8 7 5 1 6 10 10 5 7 9 0 7 1 2 4 9 5 9 6 6 8 10 1 6 2 5 9 1 9 4 2 2 8 6 9 6 2 10 9 10 9 10 9 4 5 9 6 4 2 4 10 6 9 7 4 9 10 10 4 5 5 5 10 7 4 1 8 9 1 5 9 2 9 9 6 3 6 10 2 9 8 4 7 8 8 4 8 8 1
9 4 6 3 8 3 1 6 9 9 1 1 2 7 2 6 6 8 7 10 6 4 10 4 2 1 10 3 7 5 6 6 1 2 9 7 5 3 1 7 10 6 2 1 4 3 8 3 5 6 10 1 6 4 4 1 5 3 6 1 1 4 7 1 4 6 4 4 4 2 4 2 8 7 9 9 8 4 8 8 4 5 2 10 6 5 7 6 9 2 9 6 2 10 8 1 9 5 8 9 7 10 4 1 6 2 3 8 5 9 6 4 6 2 3 1 10 6 9 9 4 5 0 7 10 2 5 1 1 9 7 10 1 9 8 4 9 5 7 2 7 1 4 7 3 8 2 6 9 6 6 3 6 1 10 8 8 7 2 6 3 3 3 5 2 9 3 7 2 2 5 3 2 8 5 3 3 5 6 6 4 6 10 5 7 8 8 5 6 6 7 2 6 1 7 10 9 7 3 10
4 9 7 6 4 7 4 6 5 7 1 2 4 1 10 10 10 4 7 5 9 7 8 9 3 4 4 5 8 10 5 4 2 9 8 1 2 5 6 10 2 8 6 5 2 8 4 8 7 9 2 2 9 10 1 8 6 3 10 9 3 2 5 7 2 2 10 1 5 9 6 2 4 8 3 7 1 6 3 9 9 9 4 7 4 8 5 2 7 1 9 4 8 8 5 10 6 9 7 9 2 2 10 1 2 6 3 9 10 8 9 7 9 8 1 1 5 10 6 3 8 1 4 0 10 10 7 9 4 4 9 8 2 9 4 4 8 3 10 8 7 5 1 6 7 5 4 7 3 9 9 4 3 9 10 6 1 7 9 1 10 9 5 3 8 4 7 9 9 5 1 6 10 5 9 2 2 5 8 5 8 8 5 4 4 9 9 6 2 1 10 9 5 3 1 5 8 5 6 6
8 6 7 7 6 5 4 6 2 2 1 2 3 10 4 5 9 9 2 10 2 10 7 1 8 10 6 8 9 7 2 10 6 1 7 3 2 7 6 3 5 6 8 5 7 10 7 5 1 8 2 2 9 8 4 10 10 3 8 1 7 3 3 9 10 1 6 10 4 8 5 10 4 4 3 8 7 6 8 4 3 7 7 6 1 8 9 2 9 7 6 3 7 7 3 9 8 4 3 7 4 2 7 6 5 1 1 4 9 6 4 4 3 5 8 4 3 3 7 4 7 7 3 10 0 5 3 9 2 6 9 1 3 3 4 5 6 4 1 4 3 6 10 6 3 10 3 7 1 8 2 5 8 8 9 3 1 6 2 8 8 4 7 8 1 5 4 8 10 4 9 4 1 6 2 1 9 3 3 5 10 8 2 3 7 10 5 7 9 10 4 6 1 9 2 4 9 10 1 4
2 2 4 2 8 6 3 6 10 10 6 9 4 3 2 8 9 5 5 8 9 7 5 10 3 10 5 5 10 7 8 4 5 2 1 10 2 2 7 4 10 1 4 7 1 5 10 5 3 5 4 4 4 5 9 8 1 3 1 7 5 7 9 9 10 5 2 2 3 8 4 1 10 8 4 5 6 4 9 10 8 4 10 3 5 4 3 8 6 8 4 1 1 7 9 9 7 7 5 6 3 3 2 8 6 3 7 7 3 10 1 8 2 1 2 2 9 6 9 1 9 1 4 4 8 0 2 2 3 10 2 9 7 3 2 4 5 7 10 7 5 5 5 9 8 10 1 1 4 4 7 8 4 3 9 1 7 3 10 5 5 4 2 10 9 4 6 8 6 9 8 9 2 7 9 5 1 1 7 5 6 9 8 7 3 7 7 4 1 10 6 2 2 3 9 2 9 6 1 5
10 5 10 10 7 7 5 1 9 10 10 8 3 5 7 5 4 5 7 5 10 8 2 9 10 3 2 6 4 2 9 2 7 6 1 9 4 6 2 10 4 4 8 8 5 1 8 2 7 3 9 7 5 3 6 6 6 6 3 10 9 5 8 8 9 6 7 2 5 7 7 3 9 2 10 1 7 7 7 3 6 7 5 1 7 3 5 7 8 6 4 10 6 2 6 6 4 1 3 7 10 2 9 8 6 9 8 9 7 9 9 2 4 1 3 10 8 7 9 6 2 2 10 8 3 2 0 7 3 4 3 7 2 6 3 3 3 3 1 1 7 8 2 10 10 8 2 2 7 9 10 7 10 4 10 4 8 9 5 10 8 10 4 1 6 5 7 6 8 3 6 5 1 2 2 10 4 3 8 1 1 2 5 6 7 8 5 7 10 3 1 6 5 4 2 2 1 2 8 3
8 10 5 9 10 2 1 1 10 6 3 7 4 9 10 9 4 3 7 10 9 10 7 10 3 5 7 8 2 3 7 2 6 1 10 6 10 6 7 3 9 1 4 5 3 4 4 7 5 4 1 6 2 8 8 4 1 7 5 1 2 5 5 2 10 7 2 4 5 6 10 2 3 6 8 3 9 10 2 10 1 5 9 8 9 3 5 2 5 1 2 3 9 4 2 3 2 4 7 2 7 4 7 10 5 2 7 4 7 3 4 8 4 4 9 5 5 3 8 5 3 6 3 1 1 5 2 0 10 2 8 4 9 8 3 6 5 2 1 4 10 4 7 3 9 9 6 1 10 4 6 10 9 5 4 10 2 4 7 1 7 10 5 4 7 4 5 10 8 8 2 3 1 6 2 2 9 6 10 4 3 1 10 4 2 7 6 9 4 9 2 6 6 5 5 1 9 8 2 2
8 7 4 1 4 3 7 9 6 1 7 10 7 8 5 4 1 2 2 7 5 7 10 4 10 2 5 2 5 5 1 7 8 9 10 2 1 1 7 4 10 6 9 2 2 1 8 9 10 4 3 7 4 4 8 7 3 7 3 2 5 3 9 8 9 8 2 6 5 10 3 7 4 3 9 3 5 1 10 5 2 8 2 8 9 9 1 4 1 4 4 2 8 5 7 1 5 2 3 5 9 7 4 8 10 3 7 5 4 9 10 10 5 7 10 9 5 10 4 3 6 2 5 10 7 2 8 8 0 5 2 4 5 5 3 3 5 2 5 10 7 10 5 9 3 10 3 1 6 9 9 10 3 6 2 4 1 10 1 6 7 7 2 6 3 9 10 5 9 5 6 7 3 9 2 8 3 3 10 5 8 9 7 1 1 7 8 8 8 4 5 8 6 3 1 7 1 10 8 6
3 5 2 5 7 9 2 10 10 8 3 10 7 5 3 3 8 3 9 9 8 5 1 10 4 3 5 10 10 10 1 1 4 7 6 6 5 5 9 1 2 3 7 2 1 4 1 9 8 4 10 1 1 1 10 6 1 8 10 5 1 8 6 9 7 10 4 9 6 7 8 8 3 6 5 4 3 5 3 8 4 4 9 2 3 10 9 8 10 1 3 7 5 3 7 4 2 1 6 6 4 5 8 1 10 4 8 5 7 10 5 10 1 10 7 4 8 4 10 10 6 3 1 4 9 6 4 2 5 0 6 7 2 5 8 7 10 3 5 1 1 2 3 6 10 4 6 9 3 8 2 5 10 9 9 6 9 3 1 1 9 7 7 2 7 10 8 8 1 7 2 6 1 7 7 7 9 9 10 10 9 3 1 4 6 9 2 10 9 10 5 1 10 7 4 8 1 1 5 7
7 9 9 6 10 6 5 1 2 3 3 4 7 5 10 1 6 9 4 9 6 4 6 4 1 1 8 4 9 4 6 6 10 9 5 7 10 1 7 5 10 5 2 5 2 8 9 9 5 2 7 2 5 7 9 5 5 6 1 1 10 3 1 1 6 10 3 4 4 5 4 1 6 4 5 4 7 6 10 6 3 6 8 9 4 2 8 9 9 10 7 10 9 10 5 6 2 1 1 2 8 2 7 4 8 10 2 2 10 8 4 5 3 3 1 3 3 3 5 4 5 4 3 7 6 9 4 5 10 9 0 4 10 1 9 3 3 7 2 7 8 3 6 7 3 5 9 6 2 6 5 1 6 7 8 6 3 8 8 3 2 3 6 8 7 3 5 6 8 6 4 7 3 2 5 1 2 6 1 5 3 9 3 6 9 6 3 3 8 1 1 5 10 9 9 3 7 6 3 10
3 8 10 3 2 4 9 7 5 1 2 9 10 8 5 7 3 9 5 1 8 3 3 8 10 9 8 3 10 4 9 6 10 6 10 8 1 2 1 10 7 1 3 1 10 8 6 10 10 3 1 6 7 3 5 8 8 2 1 6 1 5 9 9 4 1 4 4 4 3 2 9 4 9 2 9 10 7 1 10 2 4 7 6 3 10 7 4 10 1 10 2 5 9 5 8 2 4 4 5 6 3 8 8 4 2 1 8 10 4 4 7 4 4 8 4 6 3 5 9 8 9 5 7 10 1 6 10 7 3 10 0 5 8 3 10 7 2 8 5 7 4 2 5 8 1 5 4 3 1 9 4 9 5 3 6 1 3 2 6 6 9 9 1 8 9 10 10 3 9 4 9 8 6 7 2 1 2 10 9 10 10 2 10 5 3 5 10 5 1 10 10 3 3 8 8 9 3 8 7
6 6 2 5 10 10 3 8 2 5 5 1 3 4 5 2 4 3 1 2 9 5 8 7 7 7 10 3 2 4 5 10 7 4 5 6 8 6 10 6 5 9 4 2 4 2 3 1 4 8 8 1 2 1 9 7 10 4 10 4 6 3 4 8 9 2 8 3 9 1 3 9 7 10 7 9 4 9 1 9 6 3 9 6 2 9 4 2 9 6 10 10 4 9 9 8 7 5 7 2 9 3 7 7 8 4 10 7 8 9 6 1 3 9 2 3 1 5 5 5 3 2 6 1 2 1 2 8 4 3 3 3 0 9 2 2 2 3 8 4 1 5 7 3 2 5 7 3 8 8 1 4 9 9 5 8 3 6 2 9 5 4 1 10 1 3 10 3 4 6 3 2 4 8 2 4 6 5 3 10 8 6 4 3 3 1 5 5 2 2 3 9 1 1 2 2 1 9 10 3
6 6 1 10 3 10 3 6 2 10 6 9 1 4 6 8 8 5 4 4 8 2 4 6 8 1 6 6 5 6 6 5 5 8 2 1 5 8 4 4 6 7 10 9 1 2 10 7 2 9 4 8 6 9 7 7 2 3 6 5 2 6 8 9 9 10 7 3 1 5 3 4 4 8 1 2 10 2 2 9 10 1 3 5 6 2 9 3 4 9 6 3 5 10 10 8 5 7 3 1 2 9 6 2 2 8 4 6 6 5 1 5 1 3 3 2 10 1 10 4 6 4 1 1 10 4 1 8 5 9 9 1 7 0 3 9 4 2 8 10 6 9 4 8 5 9 6 7 4 10 7 3 7 6 10 6 8 9 1 8 2 2 3 5 7 6 6 2 2 6 5 9 2 1 8 2 2 2 2 4 4 6 9 3 6 6 7 5 9 9 9 1 2 5 3 6 2 2 7 3
7 2 4 4 5 10 5 5 7 9 3 1 6 8 6 4 1 5 4 2 7 4 3 5 1 9 4 8 8 6 8 6 6 9 7 5 9 3 4 2 3 8 1 9 1 6 9 2 8 2 8 2 7 5 4 3 10 6 2 4 10 8 9 1 2 2 2 7 1 9 10 9 7 9 6 3 6 4 4 5 3 3 4 9 3 5 6 7 9 9 10 6 10 7 7 8 2 3 10 9 8 3 7 2 2 1 7 4 6 2 8 9 6 4 3 1 7 2 5 10 1 5 10 7 1 10 4 4 8 4 5 7 3 8 0 2 2 1 9 8 9 7 3 5 1 10 3 5 3 7 3 9 7 7 6 6 4 3 9 8 3 1 8 6 1 5 8 6 9 2 8 7 9 1 8 3 7 1 4 3 10 7 5 5 4 3 7 1 4 4 3 7 3 8 5 7 10 3 8 5
6 4 9 5 7 6 5 3 8 4 2 10 7 8 9 9 7 4 4 8 1 6 5 1 3 3 2 8 6 2 5 1 4 8 8 4 6 5 5 1 4 2 5 9 7 8 3 9 5 3 9 7 5 1 10 5 8 4 2 10 8 5 6 8 6 7 9 2 4 9 5 5 2 3 7 5 9 4 6 2 5 9 1 10 3 9 5 10 6 4 9 6 2 6 1 5 3 5 5 4 6 6 8 3 10 6 9 5 5 5 9 10 7 10 6 8 8 9 10 9 9 7 3 6 4 2 5 6 2 9 8 4 5 3 3 0 7 5 8 4 6 4 3 2 9 9 7 2 2 6 10 8 3 1 10 4 6 1 5 8 1 6 4 7 6 5 2 3 8 10 10 6 8 1 4 7 3 5 10 6 8 5 8 2 1 9 10 7 8 9 2 3 5 6 10 6 6 8 4 1
5 7 2 2 7 3 4 3 2 8 10 9 5 6 7 8 6 10 4 4 2 6 7 3 1 8 4 8 3 5 4 6 8 8 3 8 10 8 4 7 8 8 1 5 3 6 7 2 4 6 6 1 7 4 3 3 10 9 7 1 7 10 10 5 6 4 2 9 9 10 7 3 5 3 9 5 7 6 1 5 10 2 10 9 9 8 4 1 2 6 7 9 9 2 6 7 10 4 9 4 2 5 4 9 1 8 10 5 2 5 5 5 10 5 6 1 4 5 8 1 7 2 7 8 8 5 6 5 3 9 8 1 5 2 4 4 0 6 8 9 1 3 4 9 7 2 1 1 6 2 3 8 9 5 7 8 4 8 1 5 2 7 6 8 4 4 2 1 2 1 4 9 5 6 4 5 6 3 5 2 1 4 2 1 4 10 8 2 2 2 7 5 5 6 2 3 4 8 1 1
10 9 2 4 5 6 7 10 1 10 4 1 6 9 4 5 4 7 6 5 10 9 1 9 9 8 9 4 6 6 1 5 10 3 3 1 3 10 10 10 4 9 10 2 3 4 8 1 8 5 2 10 3 2 3 3 2 10 9 6 3 8 7 3 9 1 6 3 5 8 10 8 6 9 6 3 6 6 4 3 2 4 7 8 10 2 4 1 4 3 6 8 7 4 10 5 9 4 3 9 7 8 1 5 7 7 1 10 6 9 10 7 9 6 8 3 6 1 3 10 3 10 6 7 2 5 2 3 7 4 5 9 2 2 1 9 6 0 7 5 10 8 1 7 2 9 8 4 5 5 7 1 1 8 10 4 9 7 5 1 3 5 10 2 8 5 4 9 4 5 2 10 8 2 4 7 1 6 3 5 5 1 4 4 4 4 5 3 3 10 2 2 1 4 10 7 4 2 8 9
2 9 7 8 4 2 2 2 2 6 10 3 10 4 5 1 4 4 6 9 10 3 4 3 10 1 1 6 3 1 7 1 7 9 3 3 3 9 2 7 9 1 4 8 6 2 10 9 4 9 5 1 10 2 8 4 4 2 6 8 1 3 4 9 7 6 4 8 3 6 10 8 9 5 4 9 3 9 9 8 5 3 9 4 9 9 5 6 8 8 8 9 7 1 7 8 4 3 4 7 2 4 10 7 4 10 1 6 2 5 2 8 3 4 7 2 4 10 3 10 8 6 1 3 9 1 5 6 7 1 5 6 2 3 8 5 8 3 0 8 6 1 2 8 4 7 7 1 7 9 2 10 3 7 5 10 5 7 10 2 6 1 6 2 9 4 1 8 4 3 5 5 8 8 8 10 10 5 5 1 1 10 3 9 10 3 3 6 4 4 3 5 7 5 5 3 4 10 8 8
8 3 2 3 6 7 4 6 5 7 2 2 1 10 1 5 2 3 6 10 3 8 5 10 6 6 1 5 4 10 9 8 5 2 8 2 8 10 6 1 9 2 10 7 10 3 5 1 4 1 8 9 5 7 8 2 1 7 1 7 1 10 4 2 6 8 5 5 2 1 6 8 4 9 1 4 8 2 9 10 5 8 7 8 3 3 5 4 4 3 1 10 10 4 5 9 3 10 7 7 9 6 9 5 7 8 1 9 10 4 1 1 1 8 10 7 3 5 10 1 7 10 7 8 5 8 10 1 3 2 3 1 3 5 9 1 9 3 4 0 5 7 10 5 3 2 1 2 1 2 10 8 6 6 4 4 8 7 3 5 7 10 10 8 3 2 9 7 4 2 2 10 4 2 2 7 8 2 7 1 10 2 9 8 4 4 10 5 10 2 1 9 2 4 2 7 5 8 1 6
5 5 1 10 3 3 8 9 1 10 4 3 10 4 9 6 1 9 2 9 3 8 6 8 3 3 8 7 6 10 9 4 7 8 6 6 9 8 1 10 6 3 9 3 9 3 7 8 3 9 1 3 1 1 8 7 9 5 3 3 1 3 8 9 5 6 2 7 9 3 7 10 7 6 10 6 9 10 3 2 9 2 6 7 10 4 7 6 1 6 5 4 8 8 6 8 1 5 4 10 4 1 2 7 6 4 3 9 4 1 4 9 5 9 3 8 8 6 2 4 3 9 2 7 4 2 10 3 9 1 1 4 3 7 6 5 7 2 4 8 0 1 4 9 9 1 5 3 8 3 8 5 10 5 10 3 7 3 6 5 10 10 2 3 10 5 10 4 2 5 6 3 9 3 9 2 4 3 4 4 9 9 6 2 7 10 2 6 2 8 5 2 7 6 4 3 6 7 9 1
2 6 8 1 6 6 7 7 7 6 1 6 10 9 7 4 8 1 2 4 6 9 6 8 5 1 3 5 1 3 6 5 5 2 6 9 1 2 6 5 1 3 9 8 3 3 2 9 9 5 1 3 4 7 2 5 9 2 9 7 5 8 3 3 2 9 6 4 10 6 7 10 5 3 8 2 5 8 9 8 10 8 2 7 9 2 1 9 8 6 3 10 5 4 10 2 6 9 6 9 5 2 3 6 3 7 7 8 2 2 3 8 10 10 6 6 7 4 6 7 9 3 6 6 4 6 9 6 2 7 3 10 6 6 7 9 8 3 7 5 1 0 1 9 9 4 2 2 2 4 4 2 4 9 4 5 9 5 1 10 1 6 4 1 4 7 8 5 5 1 3 2 4 7 6 9 5 9 4 6 2 3 7 10 6 7 7 1 9 4 9 8 8 1 10 3 2 2 4 4
9 7 5 8 3 7 1 8 8 7 8 5 7 1 10 10 5 9 4 8 6 3 4 10 1 5 8 2 10 7 2 2 6 4 7 10 6 1 3 10 6 8 5 10 7 6 10 5 3 2 10 2 2 6 9 4 4 2 8 7 2 7 1 7 8 8 10 7 6 5 5 8 6 5 5 1 10 7 1 3 4 1 7 1 8 9 4 4 5 8 4 9 2 8 5 7 5 3 3 7 3 9 1 7 8 8 7 1 5 10 8 9 10 3 4 6 10 9 7 5 2 4 4 1 2 3 4 5 4 6 2 8 7 3 10 1 8 2 10 10 4 1 0 7 9 5 5 6 7 6 6 2 7 2 2 8 4 7 7 2 4 9 6 5 1 2 5 4 4 2 10 10 7 6 3 6 10 3 1 8 7 6 6 8 8 6 7 6 7 9 2 4 10 9 4 6 5 7 7 10
3 8 8 6 8 9 9 7 10 1 6 3 6 8 2 3 5 8 7 9 9 6 1 2 9 5 2 3 5 3 9 5 4 4 5 1 1 1 4 1 2 6 4 3 8 8 10 8 4 6 7 5 8 1 4 9 1 5 6 8 8 8 6 8 5 4 6 5 3 10 5 1 4 1 4 6 3 5 9 7 2 8 2 3 8 8 2 10 3 3 5 10 8 3 1 9 7 10 8 6 8 5 7 9 9 8 10 4 2 6 9 3 1 6 9 4 4 3 9 1 10 5 8 9 4 2 1 4 4 8 3 10 4 10 2 7 1 8 8 6 10 6 2 0 2 2 2 3 9 7 3 4 2 8 3 10 8 10 5 8 10 3 5 3 6 9 6 5 2 7 9 2 3 2 10 2 10 8 6 2 5 2 1 7 1 4 4 5 9 1 1 4 6 6 8 2 2 5 3 5
4 9 1 1 4 4 5 8 6 4 8 8 3 6 9 2 2 2 2 2 6 8 10 8 7 5 2 2 8 6 2 9 2 3 4 6 7 9 2 5 8 10 7 7 3 4 5 10 10 2 8 10 9 5 7 10 6 2 7 9 9 3 1 3 10 6 6 7 5 1 5 7 9 9 8 2 1 2 9 8 1 2 4 1 2 10 9 4 9 2 8 1 3 2 7 7 6 7 8 3 4 6 5 2 3 5 3 8 9 4 8 7 9 7 6 8 6 10 9 3 9 6 9 10 10 2 1 2 8 5 8 4 6 9 10 6 5 9 3 9 10 7 9 1 0 8 10 7 2 3 9 9 5 8 6 7 9 2 1 4 6 9 1 6 4 4 7 10 6 3 10 4 2 10 2 8 1 6 3 4 5 8 3 2 4 2 10 5 10 4 10 5 5 9 8 3 7 4 6 6
8 10 10 9 5 1 4 7 5 1 9 1 6 7 7 6 10 1 9 3 8 5 2 6 8 10 7 8 7 4 4 8 8 9 8 7 10 4 6 10 3 8 5 8 2 2 7 8 6 6 6 4 4 7 6 9 6 2 9 4 8 8 5 6 4 7 1 5 7 6 1 10 5 1 10 2 8 4 8 8 3 9 1 3 8 8 4 2 3 7 1 3 8 2 7 6 2 7 5 10 1 2 6 7 2 6 8 8 8 10 4 2 1 4 10 2 2 2 4 8 1 2 3 5 9 7 3 2 6 7 5 1 4 8 1 1 10 2 10 6 3 9 8 9 3 0 6 10 1 10 8 4 5 2 6 5 8 8 7 3 4 10 3 4 6 8 1 10 1 10 1 3 6 6 9 6 4 1 1 8 2 1 8 1 5 7 7 4 2 3 6 5 3 9 3 4 3 3 1 1
2 4 7 7 9 5 6 1 9 4 6 4 1 9 4 8 5 3 6 8 3 6 7 5 8 2 4 8 2 4 7 4 2 3 10 1 1 6 3 1 5 5 10 8 3 7 4 2 9 9 5 10 7 10 1 2 5 2 3 1 4 2 1 3 5 3 8 7 8 10 4 5 8 4 3 4 1 7 10 6 9 3 6 1 8 5 3 7 10 3 6 5 3 6 1 7 5 8 3 5 1 4 6 6 9 2 3 10 3 9 4 3 6 9 1 10 6 9 8 4 5 6 1 7 10 3 3 9 9 5 9 3 4 9 6 8 4 7 10 7 7 8 8 8 3 9 0 1 9 7 8 5 10 3 3 9 5 4 10 4 2 10 1 5 7 2 10 8 8 9 7 5 5 5 7 10 10 10 6 6 9 8 6 3 6 4 4 10 3 8 8 4 1 4 2 6 10 3 9 2
10 9 6 3 8 2 9 5 4 2 9 9 1 1 4 5 1 7 7 7 10 1 8 3 1 6 7 9 4 2 1 3 10 9 7 6 5 4 7 1 5 10 4 9 10 10 5 10 2 6 3 4 6 5 4 10 10 10 2 6 3 6 4 6 4 8 2 10 8 2 8 7 2 2 8 2 1 2 3 3 6 1 2 3 1 10 4 1 1 7 4 7 9 6 1 9 9 1 4 10 8 5 9 7 5 1 2 6 6 2 7 10 9 6 10 5 2 4 2 2 4 5 3 6 7 9 5 4 2 4 7 7 10 9 1 7 5 10 3 8 1 6 2 9 9 6 10 0 4 9 6 3 5 3 8 9 5 7 10 6 7 1 4 6 6 9 10 4 7 9 7 3 7 9 8 1 8 10 2 3 8 9 6 7 4 9 8 7 7 6 9 8 5 10 3 7 10 8 4 3
8 6 7 6 5 4 9 6 9 8 4 6 2 2 9 1 7 1 7 7 5 5 4 9 7 9 8 8 6 10 9 9 10 10 7 5 10 4 6 8 10 3 5 10 2 4 5 8 6 4 4 1 9 10 8 9 5 4 4 4 7 9 7 2 6 3 9 4 7 2 3 3 9 7 4 7 4 8 8 7 1 10 6 5 6 5 4 3 6 2 7 7 2 10 7 7 3 7 7 3 4 10 4 6 7 7 4 2 10 5 5 4 8 8 10 8 7 1 9 6 5 8 9 1 4 6 1 7 3 1 9 3 3 8 3 8 10 9 8 1 4 2 10 7 9 8 10 3 0 10 7 9 5 8 4 3 9 5 3 5 9 1 3 10 8 6 2 5 5 6 9 4 6 5 10 3 7 6 1 8 2 6 7 4 5 4 1 1 7 1 9 9 6 5 7 1 7 2 10 5
1 7 7 7 10 3 6 8 9 1 7 8 2 5 4 10 2 2 5 9 10 4 1 7 3 2 7 1 1 1 4 7 2 9 5 7 8 8 2 5 7 10 8 9 8 4 7 10 9 1 4 2 4 5 4 1 8 3 7 10 7 9 2 4 7 5 1 2 3 4 1 1 10 7 4 4 6 5 9 5 1 6 5 3 9 3 7 7 1 5 5 9 6 6 9 3 4 7 4 3 4 9 4 4 1 6 6 4 4 2 4 6 7 8 7 2 3 7 10 5 8 8 8 5 4 10 7 3 5 3 7 10 5 2 4 4 3 2 5 9 3 7 6 9 2 9 3 3 2 0 1 5 10 9 6 5 7 9 9 1 3 7 8 9 1 8 7 3 10 5 7 8 1 6 1 6 6 5 5 6 3 2 8 6 3 8 1 3 8 8 7 10 3 6 10 8 4 9 4 1
1 4 8 8 9 1 7 10 7 5 7 2 7 3 8 3 10 3 5 6 2 7 5 1 6 1 5 3 7 3 10 6 5 4 9 6 9 4 8 7 4 5 7 9 1 4 7 9 8 2 2 10 2 4 1 9 5 10 8 10 2 7 7 4 2 5 5 2 10 6 4 9 1 7 7 9 6 5 4 9 5 10 5 6 8 10 2 9 1 10 5 8 10 3 3 5 3 1 9 6 1 3 7 8 8 3 2 5 9 1 4 3 7 8 9 3 8 1 10 7 9 2 3 1 2 5 1 3 9 6 7 7 2 10 7 5 5 8 7 9 8 3 5 6 6 2 2 6 1 9 0 7 4 8 2 7 6 10 2 3 10 5 9 8 8 1 9 3 5 1 7 2 10 9 3 9 9 6 8 1 3 6 7 4 9 3 10 1 6 5 2 9 6 6 5 4 2 4 4 4
3 6 2 3 10 5 9 9 4 7 6 2 9 6 4 2 9 10 3 5 2 8 9 9 7 1 6 10 1 3 5 6 9 7 9 6 1 4 9 4 9 8 7 10 8 10 6 10 6 10 4 7 5 5 5 3 7 3 3 10 1 3 10 8 6 2 5 5 7 2 3 3 7 8 4 9 5 8 5 6 9 5 8 2 5 10 1 4 4 7 10 6 6 7 6 4 10 10 4 4 7 2 8 2 9 10 5 1 10 3 8 5 5 9 2 9 7 9 2 2 3 10 3 4 8 9 1 10 6 1 2 4 8 10 9 5 2 9 1 6 9 6 1 3 6 8 2 5 9 7 9 0 6 4 5 7 5 2 10 8 10 8 10 9 5 5 2 8 4 2 10 1 6 6 8 7 4 5 7 4 4 7 2 9 5 3 1 10 10 6 7 9 6 6 10 6 2 4 9 6
9 2 4 10 7 6 4 1 7 7 1 3 6 10 8 8 9 4 1 10 5 1 1 8 1 3 2 2 1 6 3 10 10 3 5 1 1 8 2 7 3 1 3 8 5 8 7 10 3 3 8 10 7 6 7 8 8 1 1 2 9 2 7 7 9 2 1 2 1 7 8 9 5 3 6 4 8 1 8 2 8 10 8 1 8 5 4 10 6 5 6 1 4 9 6 10 9 10 1 4 8 8 5 4 4 2 7 4 5 7 5 10 1 2 10 6 3 8 2 4 7 1 6 4 9 8 7 8 4 3 6 3 5 1 9 3 10 4 3 6 3 9 10 6 3 7 6 3 4 4 8 2 0 6 5 8 7 8 1 5 4 5 5 10 2 9 5 2 9 3 3 4 9 5 6 4 7 3 2 3 3 10 2 8 7 3 7 6 5 10 4 8 8 6 10 1 9 5 8 2
2 8 2 4 9 3 7 6 8 2 6 1 10 4 4 10 6 7 5 7 10 4 7 1 10 6 3 7 5 10 9 8 7 5 4 7 6 2 8 7 10 4 7 3 7 7 1 7 4 4 10 7 5 10 6 10 3 6 10 6 6 9 2 4 10 5 10 5 2 2 9 10 2 5 10 4 3 3 10 8 10 5 7 2 6 6 10 2 3 10 4 4 4 8 3 5 1 10 1 10 6 9 6 2 7 6 1 3 1 1 8 9 1 7 4 1 3 8 2 2 9 7 8 8 8 5 9 7 9 6 7 2 4 3 9 8 9 6 10 7 1 6 2 8 4 2 3 9 2 9 8 2 9 0 3 5 3 5 3 8 2 3 4 4 6 7 1 2 2 4 2 7 1 3 4 6 1 6 5 10 1 9 7 1 7 8 2 5 1 6 1 3 5 7 1 1 2 9 7 4
10 8 2 9 9 9 2 6 8 3 4 2 1 9 6 2 3 5 2 10 2 10 10 9 2 7 10 9 8 1 9 6 10 10 6 1 10 3 6 2 7 2 4 6 1 10 10 9 6 5 8 2 9 10 4 7 10 2 7 3 10 6 8 2 6 2 5 7 10 9 10 10 4 3 1 7 1 8 6 9 5 3 8 7 10 7 2 3 2 10 3 3 7 6 2 10 2 8 5 6 4 8 10 10 6 9 3 10 1 4 10 6 3 5 6 3 6 9 1 9 6 2 1 10 5 4 6 4 7 5 5 7 2 9 1 8 10 7 6 7 7 3 2 2 3 3 10 2 6 7 3 2 5 6 0 2 3 8 3 9 4 4 2 10 7 3 8 5 9 8 9 8 6 2 7 10 4 1 5 10 6 7 4 6 3 9 1 9 4 5 2 4 1 3 9 1 3 1 1 1
2 10 8 4 1 2 4 7 8 2 8 5 5 4 3 9 3 2 8 5 2 9 5 5 6 2 1 2 9 4 7 10 2 4 10 2 3 8 8 4 1 7 1 7 3 1 4 10 1 10 2 5 5 10 5 2 3 10 7 2 5 2 10 10 6 2 3 4 8 7 4 3 6 1 2 8 5 4 6 8 8 2 8 4 3 5 5 10 4 6 5 10 3 10 4 2 2 7 7 9 3 9 4 5 2 5 4 3 8 2 6 10 3 2 3 8 7 2 7 10 1 1 7 3 10 8 6 2 1 1 10 9 6 10 7 5 2 2 8 6 8 9 2 4 5 3 1 1 5 4 6 1 1 1 9 0 7 9 2 5 6 4 4 5 4 4 3 2 10 2 5 5 9 6 6 3 8 9 7 7 3 8 10 8 10 3 9 5 4 1 1 6 10 1 1 3 2 8 6 6
9 5 6 5 1 7 2 2 3 6 8 7 3 6 1 8 8 3 9 3 5 2 3 10 8 3 2 1 2 2 9 7 7 1 8 7 3 6 5 5 5 10 3 8 4 7 10 1 7 6 3 7 8 8 10 3 3 9 6 1 8 5 4 5 3 10 6 9 9 6 10 3 9 1 2 3 7 10 2 7 10 5 10 1 10 9 9 10 7 9 4 3 3 4 1 4 4 1 4 2 1 3 3 10 6 9 6 6 5 9 5 1 7 8 10 4 3 3 9 1 9 5 1 3 2 9 2 6 8 10 6 4 4 3 2 8 2 1 2 8 5 8 2 2 1 5 4 7 10 2 7 1 5 10 3 7 0 8 4 3 5 4 7 7 5 1 5 8 7 2 2 4 9 5 2 3 3 6 8 5 10 10 3 1 7 6 7 5 4 7 7 10 8 1 7 10 3 7 8 5
9 2 3 9 4 10 7 5 6 7 9 2 5 1 9 7 9 7 6 10 10 5 8 8 10 4 10 9 9 6 6 6 1 2 5 5 10 4 8 3 9 2 1 7 3 1 4 3 1 1 4 7 10 7 3 1 1 3 7 9 7 3 5 1 2 10 10 6 3 4 3 9 7 1 3 6 8 8 3 3 2 1 6 1 3 6 1 1 5 2 5 2 7 10 6 6 1 10 7 10 2 3 7 9 9 4 4 6 9 1 7 9 6 10 7 7 7 5 1 10 7 3 2 6 5 2 3 10 3 7 10 6 7 6 9 8 8 10 5 3 4 1 1 2 10 4 10 10 8 10 8 2 3 6 5 1 9 0 3 6 6 2 8 9 3 6 10 5 4 4 3 4 6 5 3 4 10 3 2 2 6 3 2 10 5 10 5 2 3 1 1 7 9 4 1 7 7 5 7 10
9 2 8 2 5 6 8 7 10 4 9 3 1 4 10 8 2 4 10 2 4 5 6 3 3 8 6 1 9 8 10 10 8 5 7 5 4 9 2 9 8 6 5 4 5 5 4 7 7 9 4 2 10 5 2 4 7 1 10 5 3 4 4 4 6 4 8 3 10 6 10 10 5 7 7 9 3 10 6 10 2 7 7 9 1 4 6 4 1 6 5 10 4 1 8 6 3 10 7 8 8 6 8 8 7 3 3 6 4 10 3 5 5 10 2 4 6 8 7 8 4 5 5 2 8 4 6 9 10 6 1 5 10 3 8 7 10 8 4 7 7 2 1 3 8 8 8 5 9 6 6 10 5 1 2 7 1 2 0 5 6 7 6 7 3 9 2 1 7 7 2 1 4 9 4 7 9 7 4 3 8 8 9 6 1 5 5 4 9 5 6 4 8 1 6 9 2 6 2 3
4 5 2 10 1 8 6 3 7 4 8 2 1 9 6 9 10 7 7 7 6 10 9 8 8 3 7 5 8 8 5 8 2 2 4 3 2 4 2 10 4 2 1 10 4 4 10 10 7 10 8 8 8 3 5 8 7 10 3 5 9 3 9 2 6 9 2 6 7 3 2 7 4 4 10 5 5 4 8 10 8 5 4 3 7 2 5 7 4 4 6 3 5 6 2 3 6 3 5 4 4 8 10 9 8 10 6 10 10 9 7 1 7 10 8 3 5 4 1 6 2 3 6 2 3 2 7 4 8 2 4 2 4 8 3 1 8 4 9 3 10 8 4 6 7 7 1 6 7 1 5 8 6 6 6 9 8 4 9 0 1 1 7 7 7 6 5 6 2 2 1 10 5 10 3 4 9 10 6 8 3 9 8 5 3 9 6 8 5 7 8 5 3 10 4 3 1 7 10 3
1 1 4 5 10 7 3 7 2 2 8 7 10 8 2 9 9 4 8 2 4 6 10 2 8 1 6 5 7 6 1 1 10 5 3 7 1 6 5 9 9 3 7 6 7 7 3 4 9 6 4 9 4 7 9 6 8 5 10 8 2 2 8 7 6 1 8 1 7 7 5 3 10 2 9 5 8 7 5 4 5 7 9 9 7 5 5 1 8 10 1 3 2 5 2 4 10 8 10 1 2 1 1 3 5 2 5 7 8 6 10 5 6 3 9 5 8 9 2 1 2 5 7 3 2 10 4 4 10 3 1 8 6 6 10 7 9 8 1 7 1 2 4 7 9 1 10 2 9 3 3 4 6 6 2 3 5 9 9 1 0 6 9 9 6 1 4 9 8 1 4 7 10 8 1 2 4 5 5 4 7 3 8 2 1 7 3 6 1 2 2 9 9 10 9 1 4 4 7 9
1 10 9 6 10 1 9 1 1 5 9 1 10 7 5 2 4 2 1 3 9 7 2 2 1 3 8 6 2 8 3 9 3 8 2 8 8 8 6 1 3 5 9 2 1 4 5 10 1 9 6 2 5 5 4 9 1 7 1 6 1 3 6 1 9 2 8 5 9 2 6 2 5 7 9 8 2 7 9 4 4 10 1 1 6 5 7 4 9 10 2 10 9 1 9 5 10 5 10 3 9 2 5 5 10 4 8 9 2 10 7 3 2 4 1 1 8 9 10 1 8 1 4 5 5 10 1 4 1 10 9 10 6 2 5 2 9 1 6 8 5 2 4 4 6 7 7 4 8 6 9 9 6 8 8 9 7 5 2 4 1 0 7 1 6 9 4 9 6 4 10 1 9 7 3 10 2 3 5 5 2 3 7 8 7 10 3 3 9 4 10 10 3 6 1 5 2 6 4 7
1 8 10 7 9 10 9 7 2 5 6 3 4 5 5 10 3 7 5 5 3 6 7 2 9 6 8 9 6 6 6 7 1 5 6 9 6 1 2 6 1 10 9 7 8 5 8 8 7 10 9 4 2 2 1 2 5 5 9 3 10 6 9 6 7 5 3 7 8 4 3 6 10 4 2 9 6 1 5 5 3 5 4 3 3 10 2 6 4 9 2 6 9 10 2 6 7 7 9 4 6 9 4 8 2 8 8 5 3 4 4 9 7 3 9 3 1 8 4 5 5 7 2 5 8 9 1 3 5 7 3 2 3 6 1 7 3 8 6 4 4 9 7 9 7 4 6 9 8 8 2 7 10 2 2 9 1 3 10 9 5 6 0 1 8 8 7 4 10 4 5 10 5 6 6 7 9 5 4 5 9 7 2 9 1 3 6 1 6 1 2 5 7 10 10 10 5 2 3 6
5 5 7 6 3 7 6 8 5 5 7 5 7 3 5 3 2 6 2 7 9 9 9 6 4 7 6 9 5 5 7 5 7 4 4 8 9 7 9 1 1 4 8 9 6 8 8 2 6 10 6 5 3 1 6 9 3 2 7 9 8 6 5 6 1 1 6 1 5 5 10 5 3 4 8 8 9 10 9 4 3 5 6 3 5 7 8 5 3 6 7 3 3 9 2 9 5 3 4 10 4 2 3 8 7 1 7 8 5 6 1 9 6 7 9 8 8 6 1 1 7 2 6 6 5 8 1 2 4 2 9 1 9 10 3 10 6 3 7 8 9 5 6 4 3 4 1 7 2 2 7 7 1 9 2 6 10 3 10 7 4 5 1 0 10 8 1 1 6 10 3 1 6 2 2 4 5 4 3 6 10 2 8 4 10 5 9 5 8 2 6 10 6 9 4 4 9 5 4 8
3 4 5 1 3 3 5 6 4 10 4 6 6 8 9 7 2 3 9 2 10 7 5 2 8 4 4 9 4 1 5 5 7 4 7 7 2 4 1 5 8 8 3 7 1 6 7 5 3 10 7 7 1 7 7 9 1 5 5 4 10 10 5 3 3 6 10 1 8 8 5 1 8 7 9 10 3 10 8 10 8 5 8 10 4 10 9 8 6 4 8 3 7 7 2 2 8 10 4 4 10 4 2 4 9 9 3 6 8 8 2 8 4 9 10 9 2 8 4 9 2 1 5 3 8 4 3 2 5 7 2 7 6 6 2 7 8 6 3 10 7 3 5 1 3 9 5 4 4 4 5 9 3 9 4 9 3 7 10 2 3 6 2 5 0 3 7 3 7 1 3 2 2 5 5 8 9 7 5 7 9 5 7 10 1 9 6 5 8 8 5 10 9 9 4 4 9 6 4 5
4 5 1 6 9 1 2 8 3 10 1 2 6 9 1 8 7 3 3 10 2 5 6 9 7 1 10 4 3 5 10 9 6 1 5 7 9 8 5 1 1 5 2 5 4 10 7 2 9 8 9 6 6 4 9 8 9 10 8 1 6 4 1 10 8 1 10 7 8 3 3 10 4 8 7 9 8 9 10 10 5 6 7 5 10 1 7 9 6 6 3 3 10 5 9 1 2 10 1 5 3 5 3 1 6 8 9 3 2 7 3 10 7 5 5 7 3 3 5 5 10 2 9 4 7 3 5 3 8 5 5 4 9 10 2 1 10 8 9 9 9 10 2 6 4 5 1 8 5 9 9 3 4 3 3 1 6 3 1 8 8 1 5 3 7 0 3 7 10 9 6 5 9 4 6 3 5 7 2 10 9 7 5 2 2 3 5 2 2 10 4 2 8 6 1 10 3 9 2 5
5 7 5 3 6 9 9 6 10 8 8 8 6 3 10 5 6 3 1 9 2 10 8 1 8 6 2 10 7 9 9 5 9 2 3 10 8 7 7 2 10 6 1 8 4 4 3 1 3 6 4 3 2 1 6 3 2 9 9 8 2 4 10 1 9 4 4 3 6 9 1 1 1 2 4 3 4 10 7 5 6 3 8 2 1 6 9 5 4 2 4 5 10 2 6 1 10 4 1 7 8 9 8 2 7 4 5 10 3 3 3 4 1 8 1 1 2 7 1 8 6 4 3 5 7 9 10 2 10 4 7 1 5 3 6 3 2 10 4 5 2 9 4 1 5 5 9 2 6 2 1 10 2 1 10 1 1 2 1 3 7 3 2 7 3 7 0 3 6 8 6 10 6 10 10 1 10 4 9 4 7 9 10 5 4 3 1 5 10 3 7 7 7 9 6 3 4 5 9 9
6 10 10 6 10 6 5 1 7 10 5 1 5 3 7 9 3 6 4 9 7 1 2 1 2 3 1 5 4 9 4 3 7 1 8 9 10 2 4 6 7 2 1 7 7 3 1 2 1 6 2 5 10 8 1 1 3 6 7 3 6 7 2 6 8 6 6 9 7 7 1 8 2 1 4 10 9 8 2 7 9 9 4 6 4 7 5 7 3 10 1 9 5 3 1 6 6 7 4 7 3 9 7 1 8 1 9 4 1 8 6 4 9 2 8 2 4 9 4 5 7 3 10 10 9 2 7 8 5 1 3 3 4 4 4 2 10 10 7 7 7 2 6 5 2 4 6 4 8 2 8 1 7 4 1 6 2 7 10 3 6 10 8 4 3 8 3 0 9 6 10 9 8 9 8 6 5 8 4 1 10 1 4 7 9 2 5 1 5 9 2 8 1 1 2 9 1 10 1 8
1 5 7 1 2 10 6 3 3 5 3 2 10 7 8 8 3 4 10 4 4 3 8 2 3 2 8 8 3 1 1 1 5 3 10 3 9 8 10 8 9 9 3 3 10 3 3 2 5 8 9 6 5 6 7 8 2 3 2 7 1 2 2 10 7 9 3 5 7 9 6 6 2 6 10 8 5 1 9 1 4 1 7 10 1 4 1 1 3 10 9 3 7 2 4 1 4 3 6 4 2 9 4 5 8 9 10 7 9 4 8 4 2 2 8 1 4 8 5 8 5 5 6 8 7 5 3 5 8 1 2 9 10 8 3 6 5 3 4 4 6 7 10 3 4 7 5 1 4 8 5 4 5 8 10 5 7 2 9 10 4 9 4 7 1 2 4 5 0 4 6 5 8 4 2 3 5 6 10 3 3 10 8 8 2 4 8 6 6 4 4 7 4 8 3 2 5 1 9 8
8 5 3 10 2 9 3 3 7 3 10 10 2 9 9 1 6 8 10 8 1 4 2 7 10 7 10 1 4 10 4 4 8 7 1 5 6 2 10 9 9 5 10 1 4 9 9 1 4 3 8 2 10 5 2 5 7 10 4 9 4 10 4 5 4 6 2 10 8 4 5 10 1 10 6 9 8 3 8 4 6 2 3 6 9 6 5 7 3 8 8 8 1 7 4 4 10 1 3 10 3 8 9 3 9 5 4 6 5 1 8 5 3 8 4 10 6 1 9 9 8 6 5 2 4 10 9 5 4 2 5 2 5 10 4 4 2 8 4 3 2 1 9 6 7 3 2 10 4 4 2 1 8 9 2 7 10 7 7 5 8 5 8 2 7 10 5 2 6 0 3 5 5 4 3 1 10 7 10 3 3 10 5 1 4 10 5 3 9 1 9 9 9 6 5 5 8 7 9 6
10 8 9 5 9 9 2 1 10 3 7 6 5 10 8 2 9 9 1 8 9 9 5 6 8 9 4 9 6 10 10 1 6 6 3 7 1 7 4 7 8 5 5 4 9 9 4 1 9 6 8 4 8 6 6 2 4 9 9 4 3 7 10 7 3 7 10 1 4 1 3 8 9 10 5 3 6 4 4 1 3 4 8 6 2 5 4 6 9 3 2 3 8 10 3 8 10 6 2 4 4 1 1 5 1 10 5 9 5 10 9 10 8 10 2 7 10 2 3 4 6 1 6 10 4 6 9 10 10 5 10 2 3 4 4 4 5 7 5 5 7 10 1 2 9 8 6 2 7 3 6 8 7 1 9 5 7 10 5 6 6 4 3 7 10 5 10 6 4 10 0 1 5 1 4 3 6 9 7 5 5 2 9 2 3 4 4 10 2 4 8 5 6 8 10 10 8 5 1 10
2 10 6 7 4 10 10 4 2 4 1 6 2 4 8 4 6 3 2 5 9 4 8 4 7 9 7 10 9 1 2 3 9 9 7 9 8 6 2 9 4 7 1 7 1 2 1 3 3 4 3 8 4 8 2 1 3 7 10 8 10 5 2 7 6 3 8 4 10 5 6 10 8 8 7 7 3 9 4 9 6 2 8 4 1 7 3 1 4 8 2 6 1 5 9 6 3 3 2 5 1 1 2 2 8 10 10 10 3 7 1 5 3 5 5 8 4 3 1 6 7 2 5 3 4 10 8 6 9 7 2 10 2 3 3 7 5 1 1 10 7 9 4 10 6 10 1 2 8 8 4 7 6 10 10 2 10 4 10 8 6 7 8 3 10 7 7 5 1 8 6 0 4 5 1 7 4 10 4 7 9 3 4 2 9 10 2 2 2 8 2 1 4 3 3 1 10 6 7 1
7 5 3 5 1 3 8 6 7 6 8 5 10 5 4 8 8 7 2 3 6 1 8 9 4 2 4 4 10 1 9 2 8 5 5 8 10 10 10 2 10 10 6 7 1 5 3 8 7 6 8 6 5 8 4 7 3 2 9 6 5 5 3 10 9 7 6 3 10 4 9 7 7 2 4 10 9 8 5 7 3 6 6 4 8 10 2 9 2 6 10 6 4 1 9 5 10 3 9 9 2 4 2 6 2 5 8 7 8 2 10 1 7 2 7 6 9 7 10 4 10 10 1 2 9 10 5 8 3 9 8 9 9 9 10 2 6 1 7 7 6 9 4 1 3 1 5 1 4 7 1 10 1 3 6 4 5 4 1 7 3 10 1 10 8 4 4 3 8 8 2 10 0 6 7 1 7 3 4 2 10 1 4 8 5 5 4 9 7 6 7 5 1 6 5 7 2 4 9 10
1 3 3 2 9 10 2 7 8 7 2 7 1 2 9 1 5 3 10 4 8 3 5 4 8 5 1 8 4 8 1 3 3 7 6 2 2 1 8 9 1 10 1 10 3 4 3 3 8 6 7 9 4 9 8 5 3 9 4 9 2 7 6 3 10 9 7 2 2 10 5 1 6 2 6 7 3 9 9 10 3 8 7 9 7 4 8 2 3 4 4 3 5 4 9 7 3 8 8 7 10 7 1 10 5 6 10 2 10 3 1 8 4 4 10 7 10 2 8 5 6 4 4 6 8 1 9 10 8 6 3 6 7 4 6 5 9 3 7 4 8 6 9 10 2 4 9 10 1 5 9 2 5 1 1 3 6 9 1 3 3 9 9 4 6 10 2 1 2 7 6 6 4 0 10 10 7 9 9 6 4 7 1 9 2 1 5 8 4 10 4 6 2 10 8 5 9 3 4 5
8 5 8 10 7 10 6 10 5 2 7 6 9 10 1 3 5 6 8 6 10 9 4 8 3 8 4 9 7 4 1 4 9 6 6 1 6 1 5 3 7 2 10 8 8 4 1 5 8 4 4 2 3 10 2 9 5 4 6 5 2 2 2 3 4 10 7 4 7 3 5 9 1 2 4 4 3 10 3 7 10 5 8 1 7 7 3 3 1 4 5 2 8 9 4 5 9 9 4 10 9 4 8 2 2 3 7 10 9 5 4 7 6 2 9 3 8 8 5 5 3 6 1 3 9 3 4 8 4 7 3 2 1 7 3 4 10 10 4 9 3 5 7 10 4 3 6 10 9 1 6 7 3 8 9 4 7 5 5 4 6 4 10 4 7 8 6 10 10 1 1 1 10 1 0 6 3 2 9 5 10 5 2 5 1 10 5 6 4 5 8 9 7 7 6 8 8 1 1 7
7 3 8 5 5 4 1 9 4 4 8 2 6 3 3 4 9 4 7 4 5 10 7 2 10 10 7 3 5 6 1 7 9 8 3 10 3 3 4 8 7 9 9 5 10 2 6 3 5 6 3 4 6 6 10 9 6 8 8 9 4 7 3 6 6 10 8 1 5 9 5 9 10 2 3 10 1 2 7 5 1 5 2 1 7 10 9 7 2 1 2 8 2 1 3 7 1 4 1 3 6 8 7 1 4 6 8 7 5 9 3 10 6 2 1 10 1 8 8 3 9 8 9 4 10 10 9 2 8 2 6 8 4 4 7 10 8 6 9 9 3 7 3 1 4 7 9 4 1 6 9 1 9 2 1 8 6 2 3 7 1 5 5 8 1 10 2 2 4 3 3 5 6 2 9 0 7 1 8 9 6 6 9 4 7 7 9 10 4 8 8 6 3 2 3 7 8 1 1 6
6 4 9 4 3 7 1 2 9 1 10 10 5 9 8 1 7 3 6 8 5 2 7 3 6 1 10 1 5 5 1 2 7 6 5 9 10 2 5 1 8 7 7 10 10 2 5 4 8 10 3 8 9 4 9 8 9 10 10 9 10 8 6 4 2 10 7 9 6 6 2 10 7 1 2 8 7 5 2 10 2 3 4 5 9 8 1 7 10 8 3 10 10 4 7 10 10 10 4 1 3 8 1 2 7 4 4 4 2 2 4 1 2 3 4 2 3 10 7 8 3 7 10 2 8 5 9 4 10 9 9 9 5 6 8 9 8 10 6 5 4 2 1 4 4 3 9 1 2 5 3 1 10 8 7 5 6 7 5 4 5 3 1 5 5 10 10 7 1 9 7 4 5 1 8 1 0 6 1 10 1 8 6 6 10 7 7 6 3 8 4 3 6 2 1 8 4 4 9 4
10 3 10 2 5 4 2 6 7 5 7 5 7 8 2 5 3 1 7 6 2 4 4 5 6 4 1 1 9 7 1 2 8 3 8 1 9 8 4 8 3 1 3 2 9 10 6 2 3 6 8 2 2 3 7 1 7 10 1 6 9 6 6 9 7 5 8 7 6 6 10 5 3 7 4 6 4 4 8 6 10 6 1 4 8 9 10 2 5 3 8 1 5 8 3 3 3 3 1 3 4 1 7 2 5 5 10 10 3 7 7 2 6 8 4 7 4 5 8 10 7 2 6 10 2 9 6 2 8 6 5 9 1 10 9 9 1 10 7 4 1 1 7 2 10 1 1 3 7 8 4 4 4 5 10 6 8 6 3 10 5 9 8 7 8 8 7 2 4 5 9 3 8 3 8 2 9 0 3 4 10 2 2 9 8 10 7 1 6 5 3 1 1 10 10 5 1 10 4 6
2 10 5 10 2 4 1 5 4 9 1 9 5 7 1 10 7 1 5 9 6 2 4 8 4 8 3 1 7 7 9 2 5 3 1 4 6 2 4 5 3 5 5 8 4 4 10 3 1 3 6 8 9 4 2 5 1 8 4 7 10 10 5 1 2 8 7 3 4 9 8 6 7 2 8 5 2 8 1 6 10 9 2 10 6 3 5 3 10 4 2 6 9 2 10 6 2 5 7 2 3 10 3 10 2 9 7 7 10 2 5 2 10 9 4 9 9 9 9 6 1 4 8 1 4 3 2 4 7 9 6 1 2 8 4 5 3 7 2 10 5 6 10 4 3 10 7 10 6 6 3 4 8 9 7 1 4 3 10 5 4 10 5 2 5 6 2 6 2 10 7 5 2 1 8 4 6 2 0 7 9 8 2 7 5 5 7 2 4 10 1 9 4 1 4 9 9 5 6 9
2 4 4 9 5 8 8 6 10 7 1 5 9 2 7 6 7 2 4 2 8 8 8 7 2 2 4 9 2 6 6 6 2 10 1 8 8 3 1 3 3 10 9 1 9 7 9 5 8 4 8 3 7 9 8 9 5 4 9 5 4 6 7 10 8 2 6 1 6 2 3 1 7 10 3 2 2 1 7 2 9 4 9 4 6 7 5 5 8 8 1 8 6 5 1 8 10 7 10 2 7 7 9 10 8 5 9 6 3 2 3 2 5 1 10 9 1 8 10 10 2 7 10 10 7 9 3 9 2 10 6 6 4 10 2 3 8 7 3 9 10 1 4 5 10 4 2 10 3 9 5 3 8 9 7 10 10 10 4 7 4 9 2 6 9 7 3 4 7 8 1 9 2 8 3 5 6 2 4 0 5 10 3 7 8 8 1 7 3 4 2 9 9 3 6 9 3 1 4 2
6 7 1 9 2 1 5 5 5 2 2 8 5 8 3 5 6 1 10 3 7 7 9 7 4 3 9 10 1 2 10 1 8 4 7 6 9 10 4 3 8 5 7 4 10 3 4 3 9 6 1 1 5 4 9 9 6 7 10 10 10 3 8 1 8 8 5 7 5 2 1 4 8 1 6 10 9 1 7 9 5 2 1 7 8 8 2 3 2 5 7 8 2 7 8 8 9 2 1 5 7 5 7 8 6 3 7 9 9 9 8 5 8 4 9 1 5 8 4 9 1 1 1 8 2 8 8 4 10 2 4 4 1 2 4 2 6 6 1 10 3 8 5 8 8 1 3 4 4 4 4 1 4 2 3 2 2 1 2 2 6 9 7 7 6 5 2 3 4 7 7 6 5 8 4 7 3 4 5 10 0 2 5 8 4 4 4 8 2 2 7 6 8 5 2 7 5 5 7 5
1 3 2 8 6 5 6 8 5 10 8 10 4 4 4 2 4 5 1 6 2 2 3 7 5 6 8 2 4 6 5 5 7 3 8 4 9 10 2 4 8 2 8 4 7 5 1 4 8 6 9 10 7 7 2 7 4 9 3 10 5 7 8 1 3 10 4 9 8 8 9 1 1 8 8 4 8 10 5 9 9 3 4 10 8 6 6 6 6 3 4 10 7 9 1 4 7 3 2 10 5 6 2 2 6 10 1 8 7 3 8 6 9 3 8 4 10 3 10 4 5 8 1 2 8 2 7 4 1 2 6 3 5 8 7 5 9 2 10 6 5 10 10 1 7 1 10 3 9 4 6 1 5 8 4 3 6 8 5 9 5 6 1 7 1 2 4 2 4 1 7 8 2 2 9 4 3 6 8 9 8 0 4 2 10 5 6 9 6 2 9 3 10 7 10 9 2 5 5 10
3 8 5 10 5 5 3 4 2 3 5 4 6 4 10 3 1 4 8 6 5 7 8 7 4 2 7 10 10 2 3 5 6 10 8 7 7 4 4 2 9 3 10 2 9 9 3 9 7 4 4 3 3 6 1 10 6 3 3 3 7 1 5 1 6 6 8 6 5 6 4 4 7 1 5 10 6 4 1 2 1 2 8 5 10 8 1 5 3 9 9 7 3 7 1 10 1 5 4 3 6 1 8 7 3 2 3 5 4 4 10 10 9 2 10 5 4 3 10 1 1 8 10 2 5 10 5 2 6 8 8 8 4 2 1 4 7 2 6 3 7 3 9 6 9 2 1 1 2 9 1 5 4 9 4 10 1 1 7 5 8 3 2 1 3 5 6 7 8 5 1 1 5 3 9 2 8 2 9 9 2 8 0 3 8 6 3 2 7 2 2 8 9 6 6 4 6 2 8 9
6 6 6 8 7 7 1 3 8 2 7 8 8 10 6 5 4 4 8 4 3 4 4 10 2 8 1 5 1 7 2 1 4 3 7 3 6 3 3 7 7 5 8 7 10 1 2 9 1 9 2 6 3 3 9 6 10 8 2 4 1 6 8 7 2 1 8 7 6 3 10 2 7 6 3 2 4 7 9 10 10 5 10 3 7 6 7 1 2 5 9 1 3 9 4 9 1 8 6 3 1 10 1 9 9 8 2 3 10 4 4 6 9 3 5 5 2 8 1 2 1 9 1 6 7 2 10 7 6 3 6 6 2 3 7 7 10 4 10 8 8 9 8 2 6 5 2 2 2 3 3 5 8 4 2 10 5 9 2 6 4 4 4 5 6 3 7 4 1 4 4 7 10 1 10 5 4 1 2 4 4 10 8 0 4 7 4 1 7 10 4 7 8 4 1 5 3 6 10 3
5 6 8 1 7 10 7 4 3 3 1 5 6 6 4 5 4 10 4 8 4 3 9 9 2 10 4 9 5 1 4 7 4 9 4 7 2 1 1 10 5 1 9 4 3 5 1 1 10 9 3 7 6 9 7 5 2 4 7 4 1 5 3 8 10 4 8 8 7 4 8 6 4 5 4 6 2 4 4 10 9 3 2 2 5 4 2 9 10 1 9 7 8 10 9 3 9 7 9 10 10 4 3 9 7 2 3 2 3 4 4 6 2 8 10 2 4 3 1 4 5 2 2 6 7 8 7 1 10 9 4 1 4 1 9 6 2 5 7 5 10 4 10 5 5 6 9 8 8 4 7 4 3 9 7 3 5 2 2 5 2 5 7 5 4 9 9 8 3 8 7 9 6 7 2 3 4 3 3 6 5 6 5 7 0 7 9 7 2 3 10 7 5 7 5 2 6 1 9 9
3 8 10 3 4 6 3 4 9 1 8 2 9 4 10 6 5 7 2 5 8 1 7 4 9 4 3 4 1 8 8 8 2 6 10 6 3 8 1 8 2 8 1 9 8 7 8 7 6 2 6 5 6 9 8 3 6 6 7 6 5 4 3 3 8 3 5 1 9 6 4 10 9 4 9 10 6 5 4 3 4 7 2 1 3 9 1 3 7 7 9 3 4 5 1 1 7 4 5 1 4 7 3 4 2 2 10 1 6 1 2 6 8 10 2 1 9 1 3 1 10 6 1 6 5 2 4 5 3 10 6 4 5 9 1 9 7 8 1 3 3 6 1 6 8 8 2 9 5 3 8 1 7 8 9 8 7 8 8 4 7 10 5 4 2 7 2 1 3 9 4 8 6 10 5 4 7 3 4 10 6 4 4 6 5 0 3 8 7 8 3 9 8 2 10 8 10 4 6 1
1 4 7 1 3 1 9 2 7 5 7 4 1 1 4 2 4 6 5 5 4 2 1 8 8 8 5 5 9 5 10 3 6 9 4 7 10 1 2 9 8 3 7 5 9 1 6 8 10 4 4 1 10 9 2 5 8 2 6 7 2 2 5 2 9 4 2 10 5 7 5 3 9 8 8 6 9 9 9 9 7 5 1 9 7 6 1 4 8 6 1 4 1 10 5 2 9 6 10 2 9 1 10 6 3 4 4 10 3 8 8 9 1 6 7 5 8 7 5 1 1 1 6 7 6 9 9 8 9 9 1 2 6 3 3 9 2 4 4 9 7 10 4 9 7 1 10 6 8 7 8 6 5 2 1 7 2 1 4 6 5 10 3 10 8 2 8 5 2 4 1 4 7 8 8 1 9 4 4 9 5 7 10 5 1 1 0 1 5 8 2 9 7 5 8 1 9 5 6 4
5 10 10 9 8 6 8 2 10 4 6 9 1 1 6 4 10 5 4 6 1 8 10 9 5 2 7 8 7 4 1 9 5 7 2 2 10 7 3 8 4 10 5 6 8 2 1 4 8 8 8 5 4 8 6 6 9 6 8 10 8 6 1 4 4 7 3 3 3 9 8 5 1 1 3 1 6 10 4 2 3 2 7 7 9 8 3 8 10 4 1 8 10 7 6 8 5 2 1 4 2 3 5 10 2 8 7 5 3 5 7 7 9 3 1 6 2 7 3 5 5 3 2 1 4 4 5 6 7 1 7 9 4 6 7 1 1 6 4 6 3 8 8 10 6 5 8 1 10 9 1 2 8 10 2 6 10 1 8 4 4 6 10 3 9 8 6 8 8 7 4 6 6 6 6 6 1 10 3 10 6 2 6 7 1 10 8 0 6 9 2 1 1 3 1 1 9 6 2 5
8 10 1 5 2 10 6 1 6 7 5 7 6 7 5 1 2 3 3 1 10 4 10 6 9 7 7 4 4 4 5 5 3 6 2 5 2 2 10 4 7 1 8 4 2 5 2 5 9 1 1 9 6 2 9 4 9 3 9 2 3 8 1 9 5 4 3 6 1 7 7 2 1 6 10 6 7 5 9 3 3 2 8 5 3 9 2 7 8 10 7 5 10 9 6 6 10 8 8 3 5 8 6 6 9 7 10 5 6 10 7 3 2 3 9 1 4 2 6 1 3 4 4 2 2 4 6 10 8 1 6 9 4 7 7 6 8 3 7 3 8 9 3 8 9 7 8 4 10 1 6 5 7 1 6 2 1 6 5 7 3 3 4 10 3 1 7 7 7 4 10 1 8 6 1 1 5 9 6 4 4 6 2 3 7 10 2 1 0 1 1 6 9 9 6 6 6 5 1 2
4 8 1 10 5 6 7 7 8 5 4 6 10 6 4 7 6 8 5 1 8 3 8 8 3 7 3 3 4 5 1 8 9 5 9 3 3 1 4 7 8 7 5 2 6 8 9 2 3 1 6 3 5 5 7 10 10 10 6 10 5 2 9 10 7 10 5 3 3 4 8 10 4 6 7 4 5 7 7 4 9 4 2 9 9 9 6 7 4 7 3 9 1 6 4 8 9 8 2 9 8 9 1 2 8 10 9 7 1 8 9 8 7 9 1 9 3 9 4 8 7 4 7 3 10 9 9 6 1 4 1 5 7 5 4 5 4 4 6 8 1 1 8 6 6 5 4 2 8 2 1 3 3 3 10 7 6 3 2 7 9 9 3 2 3 6 2 1 10 2 4 3 7 9 4 3 8 4 10 10 5 5 1 9 4 3 9 8 3 0 4 4 9 7 5 1 7 3 5 6
7 2 2 10 4 9 2 1 9 4 7 2 4 10 5 8 4 6 10 5 2 1 6 3 2 5 1 1 8 2 1 10 9 6 8 6 3 8 2 3 8 2 8 7 8 2 8 10 8 8 8 1 1 9 1 3 9 10 8 9 9 3 1 6 6 2 8 10 5 3 5 9 6 1 2 7 4 6 5 10 6 6 5 5 7 10 2 10 5 4 9 3 2 10 4 10 9 1 3 1 1 9 8 4 5 1 6 8 3 4 5 9 8 10 4 3 9 9 1 8 8 4 8 10 2 5 7 4 8 1 1 4 3 8 10 3 5 7 10 6 7 3 7 7 10 6 9 2 1 3 7 6 4 5 5 9 6 10 2 4 2 9 9 9 8 4 3 7 3 1 10 7 10 2 4 6 5 8 9 7 3 7 9 1 8 4 2 6 5 7 0 6 3 5 8 9 7 4 6 10
8 4 4 9 10 1 5 7 2 3 4 1 6 6 4 4 10 10 7 7 8 6 8 3 5 1 3 3 1 10 1 6 6 1 10 9 9 9 9 2 10 4 3 2 3 1 8 1 9 6 7 10 2 9 8 10 4 8 5 9 6 3 4 7 8 7 5 8 4 1 6 4 1 1 6 8 9 2 3 5 6 5 1 9 9 2 6 5 1 2 7 6 7 8 2 8 2 3 9 3 1 5 1 3 10 6 5 3 3 10 1 10 5 4 6 10 2 7 6 10 3 2 4 4 2 7 6 3 2 3 9 4 1 6 6 3 1 6 5 2 8 10 1 5 6 7 9 2 7 5 9 10 10 4 9 9 8 7 5 3 8 2 10 5 2 2 4 7 3 9 3 8 7 2 9 9 7 1 2 3 2 10 4 10 6 3 6 3 1 6 5 0 9 4 9 9 4 2 4 8
8 8 10 2 10 5 8 3 2 6 9 4 7 6 6 9 2 8 8 8 10 3 8 3 10 5 2 4 9 3 9 2 5 4 2 2 1 6 1 7 8 5 3 6 9 4 1 4 2 4 10 3 9 6 5 7 4 3 9 5 8 4 4 4 2 7 10 7 6 5 5 8 6 2 5 8 7 7 6 8 4 6 10 9 3 2 9 3 4 6 7 9 9 3 9 5 2 2 1 1 9 6 7 2 3 1 3 3 3 6 10 1 8 5 4 8 1 9 1 6 1 5 3 4 10 1 5 7 8 6 5 1 5 7 4 4 8 9 3 4 10 10 1 10 8 5 10 9 1 4 5 9 3 7 9 1 4 6 4 4 10 8 6 9 3 5 6 10 10 5 1 7 5 8 9 6 9 7 2 9 4 3 7 8 3 2 4 10 8 2 8 2 0 3 8 7 8 6 4 8
8 5 5 8 5 5 5 6 8 7 4 4 1 8 3 2 7 10 3 2 1 10 8 5 10 6 3 5 5 4 9 2 10 7 8 2 2 10 5 8 3 7 1 9 7 3 4 7 10 8 4 5 8 1 3 4 6 10 8 2 6 7 3 1 7 1 3 7 2 3 8 4 9 4 4 8 7 9 1 1 10 8 5 4 3 6 10 8 7 9 10 2 1 10 9 4 9 10 7 1 2 8 5 1 8 5 2 10 6 5 4 7 1 2 6 10 4 6 10 9 9 9 9 7 3 1 5 2 4 5 8 10 3 3 8 7 4 8 2 1 6 9 9 7 4 10 5 2 7 3 4 8 7 5 3 8 4 5 9 1 10 7 6 3 6 2 7 1 7 7 8 6 1 9 5 7 9 9 5 9 3 1 1 7 3 9 8 6 2 4 3 10 4 0 4 2 10 7 7 9
9 1 5 9 2 9 6 1 5 6 2 2 1 8 10 4 9 4 7 9 7 1 4 2 2 3 10 4 5 10 10 6 1 10 10 3 5 10 10 9 2 10 9 6 2 1 3 8 7 2 10 7 7 1 10 7 9 10 2 8 5 2 6 1 8 7 10 7 9 6 2 4 4 8 8 5 9 7 10 6 7 6 6 3 6 8 10 5 7 6 6 10 3 5 9 3 9 5 4 5 7 5 9 10 8 1 7 10 2 10 9 2 4 9 3 6 2 10 1 3 1 7 2 6 6 10 1 5 2 4 4 9 9 5 7 9 1 4 7 5 9 7 9 1 9 10 1 2 9 8 1 10 6 10 3 1 10 2 3 6 2 3 1 8 6 2 1 2 9 4 8 10 8 6 10 2 8 9 10 9 9 7 2 2 1 8 3 6 9 9 4 9 3 10 0 7 6 10 10 3
7 6 1 10 3 2 9 5 2 4 7 1 10 2 2 7 9 4 7 6 5 9 5 6 8 2 7 2 5 9 8 4 7 1 4 1 6 3 8 10 2 1 5 1 1 8 9 4 6 10 5 4 7 1 6 1 5 10 8 8 10 8 6 10 7 2 3 6 9 6 1 8 9 2 3 5 10 7 7 3 3 7 1 4 3 4 10 5 5 8 8 6 1 3 8 3 6 10 6 1 10 6 3 6 7 8 1 1 5 10 10 1 10 9 10 1 10 4 2 10 9 10 4 5 6 1 7 2 2 2 3 1 4 10 5 6 3 6 10 4 4 8 8 7 8 8 5 7 3 9 3 9 7 4 10 7 6 7 10 3 6 5 6 3 1 4 7 7 9 6 7 5 6 3 5 4 5 3 8 10 7 6 2 10 5 4 7 3 9 2 3 3 9 6 1 0 10 1 5 9
9 7 7 4 9 7 7 1 2 9 8 1 6 2 1 10 8 4 8 8 2 7 4 5 8 2 4 8 7 1 3 8 8 1 3 2 4 9 9 8 6 4 4 6 2 10 8 2 3 7 2 8 7 9 2 2 4 8 1 9 10 4 2 8 4 4 9 4 3 7 4 2 2 1 3 3 1 8 9 1 8 2 8 8 8 8 5 4 9 6 4 6 2 10 8 1 5 5 1 8 8 7 3 7 9 9 4 9 10 4 7 10 2 5 3 5 4 1 6 9 10 5 10 5 9 9 2 3 4 10 8 1 9 3 9 9 3 4 9 7 3 8 4 1 2 9 1 7 6 10 2 10 7 1 3 5 8 3 5 5 8 9 6 1 8 10 10 1 7 9 9 9 3 4 9 2 9 1 6 4 8 3 3 2 10 10 1 5 9 7 9 5 2 9 4 5 0 2 1 2
6 9 4 3 4 5 5 2 1 7 7 2 8 8 4 4 6 1 4 10 6 8 1 8 9 2 8 6 10 1 3 5 5 9 2 9 9 10 7 2 8 7 3 1 9 2 5 7 2 1 4 10 9 3 9 6 1 6 8 4 9 5 9 4 9 4 4 2 8 4 5 6 6 8 6 4 2 2 5 9 3 5 3 10 10 8 1 2 10 5 8 6 8 6 10 2 4 10 5 10 10 2 6 1 8 5 10 1 8 10 10 2 9 6 8 9 4 5 1 9 4 8 8 7 1 7 9 5 2 8 7 3 6 10 6 9 1 5 3 3 8 7 9 2 9 2 2 6 8 4 8 7 4 10 6 5 1 1 10 9 1 6 9 8 2 10 4 1 4 9 2 2 5 1 5 1 2 7 1 7 7 3 6 5 7 6 2 4 5 5 10 8 9 6 9 3 7 0 1 7
10 7 1 2 10 3 8 5 5 2 1 10 9 10 3 1 10 4 7 9 9 8 7 4 5 8 7 10 4 6 4 5 1 5 1 9 7 3 2 9 5 9 9 2 2 9 2 6 10 9 7 8 6 9 4 6 1 3 3 2 4 7 7 6 8 8 7 2 7 10 6 8 10 6 5 8 1 3 3 10 2 7 7 1 10 8 2 1 3 7 8 3 2 3 7 6 3 5 4 4 8 7 8 5 10 4 8 3 6 8 3 3 3 6 9 2 7 6 8 6 4 3 1 5 6 4 6 7 5 6 1 1 1 7 10 1 8 10 3 9 3 2 8 1 7 7 5 1 8 4 8 6 5 4 4 2 1 1 3 5 2 3 1 9 5 6 7 5 10 5 3 2 5 2 7 3 9 10 7 1 6 8 4 5 7 9 9 8 3 3 7 10 5 7 3 3 7 4 0 9
3 6 1 1 1 8 6 7 2 6 5 1 5 6 3 2 7 5 1 4 8 10 5 6 9 7 10 1 9 3 7 1 8 2 7 7 2 7 9 2 2 2 9 3 5 5 6 6 3 8 9 7 5 8 5 6 1 5 5 1 3 1 4 10 5 1 4 8 1 4 2 5 10 7 4 3 7 1 9 10 2 2 1 4 7 6 10 10 8 7 1 10 8 1 9 6 9 9 7 8 2 6 9 10 1 7 1 4 9 3 5 5 8 5 8 9 1 1 7 1 5 7 2 2 2 5 5 4 6 4 6 4 1 9 4 1 1 10 8 3 5 6 8 8 10 1 8 8 2 8 8 4 9 10 1 5 1 2 3 9 7 3 1 8 3 7 6 5 1 10 1 4 7 8 2 3 2 6 4 5 5 4 5 9 8 10 2 2 7 8 8 6 9 2 2 4 5 8 3 0
