200
9 0
3 4
7 16
10 15
8 33
7 28
9 34
3 50
7 94
4 93
4 113
5 115
8 99
7 153
7 154
6 171
9 81
8 192
5 84
7 112
10 177
9 110
2 158
3 158
9 107
5 235
8 155
7 158
6 265
4 177
6 186
3 189
5 241
2 324
2 300
10 407
7 239
9 268
2 258
2 241
10 436
2 463
5 316
5 296
5 333
8 261
10 482
3 273
5 214
2 390
8 324
4 611
7 317
6 375
5 519
6 414
7 467
9 326
2 587
10 306
10 511
4 637
2 318
2 734
4 377
2 497
10 745
8 629
7 727
8 694
8 725
6 494
8 591
2 783
10 442
2 607
8 462
7 863
2 864
2 365
5 573
6 364
3 480
2 867
2 403
4 521
6 442
5 969
3 898
4 627
4 515
2 1056
7 972
4 661
9 598
7 748
4 614
9 622
4 564
8 932
6 536
10 662
3 619
4 876
10 1021
9 571
2 1135
5 776
3 735
9 1195
4 493
7 706
5 534
5 578
7 1003
3 860
5 867
2 980
6 842
6 1126
2 842
7 624
4 1194
7 654
9 601
3 746
4 569
10 1139
10 1089
6 1269
7 1017
3 559
4 617
6 1460
3 1145
10 1142
5 1048
4 1393
5 1549
6 931
9 1481
7 1151
2 1421
3 1538
8 1583
5 1611
2 683
2 704
5 693
5 860
5 1692
6 1309
10 1120
5 724
9 1201
6 1107
6 1600
9 1146
5 1130
3 685
5 669
8 1023
5 786
5 776
4 663
4 1398
4 1749
5 720
6 1284
7 1941
9 1943
3 1550
10 2029
8 850
2 1124
7 1454
2 1276
3 936
6 978
4 965
6 1152
9 2003
6 2158
3 1718
3 1886
2 2188
7 1643
6 1749
10 2031
2 993
5 2222
2 1850
6 1824
6 2057
5 1051
8 2249
9 808
7 1459
2 1477
2 2190
0 2 1 4 3 3 4 4 0 0 0 1 1 2 0 4 1 1 3 4 3 3 2 2 1 1 0 4 4 4 2 0 1 3 1 2 3 0 1 0 2 3 4 3 0 4 2 3 0 3 3 0 3 2 4 1 3 4 1 0 1 0 0 2 3 3 1 3 1 2 3 3 2 4 2 2 4 1 1 1 4 1 2 0 0 3 1 0 3 4 0 4 4 2 3 4 1 0 2 2 4 3 0 2 2 2 1 3 1 4 0 2 0 4 2 2 2 1 3 2 0 3 3 0 1 2 4 2 4 4 4 0 2 1 4 1 4 1 0 0 0 0 4 3 1 2 0 0 3 3 3 0 4 1 2 0 0 2 4 4 1 0 2 0 1 1 1 2 4 3 4 2 3 4 2 1 1 2 2 1 3 0 3 4 3 1 1 4 0 0 0 1 0 2 3 1 1 1 1 2 
0 0 0 4 0 4 1 2 2 1 1 3 1 3 4 0 1 0 1 2 0 1 3 3 3 2 1 1 3 4 2 3 4 3 2 0 2 1 4 2 2 0 0 3 3 1 0 1 1 3 4 1 1 4 1 4 3 4 2 2 4 0 0 3 0 4 0 4 0 4 1 4 1 4 4 1 0 4 0 2 2 1 0 3 0 2 4 3 1 2 2 0 4 4 1 4 1 3 3 1 0 2 1 1 1 2 0 1 2 0 0 1 1 1 2 3 3 3 1 1 2 1 4 1 2 2 2 3 0 3 0 0 0 3 4 1 0 4 2 4 1 3 3 4 1 2 2 1 0 0 2 3 1 3 1 1 0 4 4 1 2 4 1 2 4 2 3 2 1 2 3 4 2 1 3 3 0 0 4 1 1 4 1 4 2 2 0 0 3 0 1 0 1 4 4 3 2 4 2 0 
2 0 0 0 1 4 0 2 4 1 3 0 4 2 3 0 2 1 3 2 4 0 0 2 3 1 1 1 0 1 3 1 0 1 3 1 0 0 3 4 1 4 2 2 1 0 3 0 3 1 4 3 3 4 2 1 3 3 0 3 1 0 1 1 1 4 0 1 0 0 3 3 4 0 3 3 2 1 3 1 4 0 1 2 4 3 0 2 3 0 3 0 1 4 3 4 4 0 3 1 3 1 1 4 3 4 2 0 2 3 1 3 3 2 0 4 2 3 4 1 3 2 3 1 1 1 1 2 4 4 0 2 0 4 1 0 3 1 0 1 1 4 4 1 3 2 0 1 2 1 4 0 3 2 4 2 0 0 1 1 4 2 3 1 1 2 1 1 0 3 4 1 2 1 2 3 0 4 4 2 1 0 4 1 4 3 0 4 3 2 1 4 1 1 0 2 0 3 0 0 
2 0 1 0 1 1 0 4 3 0 0 0 1 0 4 4 4 0 0 1 3 2 4 3 3 0 0 2 1 4 2 3 3 4 0 4 2 2 1 0 2 1 0 0 2 2 0 3 2 0 4 2 4 3 2 4 1 3 1 4 4 0 2 4 0 4 0 2 2 1 0 4 3 2 2 2 4 2 0 3 4 2 1 0 2 3 4 3 3 0 2 4 2 2 0 2 1 1 2 3 2 2 0 2 4 2 4 1 1 2 4 2 4 2 2 3 3 1 2 3 3 1 0 0 3 0 0 0 3 4 0 3 3 0 0 4 2 0 0 0 2 2 2 3 1 4 1 1 2 0 0 0 4 0 3 4 2 0 1 3 4 2 1 2 4 1 1 4 3 4 4 2 3 2 0 1 3 4 3 1 1 3 3 2 0 3 2 4 3 0 2 4 2 3 1 4 0 0 3 3 
1 2 1 1 0 1 3 2 0 4 0 3 1 3 3 3 0 2 2 0 2 3 2 2 2 3 0 1 3 2 1 3 3 4 1 4 0 0 2 2 1 4 0 2 3 1 3 3 3 2 0 2 2 0 4 2 3 0 0 1 4 2 1 3 1 3 4 3 0 3 3 1 3 3 1 3 4 1 3 4 0 4 2 3 4 3 0 2 0 0 0 0 2 3 0 0 1 4 1 3 0 4 2 3 4 0 1 1 3 1 0 3 0 4 3 1 0 3 0 0 1 0 2 0 4 2 3 2 4 4 3 4 3 2 4 4 2 0 0 0 1 3 0 4 2 4 0 4 4 1 2 0 3 4 3 4 2 1 2 3 0 2 2 0 4 1 4 3 3 0 3 1 0 3 2 4 4 3 4 4 1 1 4 1 0 4 1 4 0 0 4 2 2 1 2 1 4 4 4 4 
1 4 3 1 4 0 0 0 4 0 1 0 1 2 4 3 0 1 1 4 1 1 4 4 3 2 3 1 4 4 2 3 0 3 1 3 2 2 1 3 4 2 3 1 0 0 1 0 1 2 1 4 3 2 3 3 2 4 1 3 3 3 1 1 1 0 4 0 4 0 1 3 3 1 1 0 3 2 2 1 1 0 1 1 3 1 4 2 0 0 0 1 0 3 2 3 0 1 1 4 4 2 0 2 0 1 4 4 1 1 0 4 1 3 1 1 0 2 3 2 0 0 3 0 4 0 4 4 4 0 1 3 4 3 2 1 4 1 2 2 2 3 2 0 3 0 2 3 2 2 1 4 3 4 0 4 2 1 0 1 3 3 1 4 1 3 0 3 4 3 2 3 3 4 3 1 1 2 2 1 0 0 0 0 4 2 1 3 3 1 4 1 2 0 0 3 0 1 3 4 
1 1 4 4 2 3 0 2 4 0 4 2 2 4 2 2 1 2 3 1 0 2 3 2 4 0 4 4 1 0 3 2 3 1 2 4 3 2 2 4 4 3 1 4 0 1 1 3 3 2 4 3 4 2 2 0 3 2 1 1 4 4 3 3 2 2 2 1 4 1 0 1 0 4 0 2 0 3 0 0 0 4 0 4 2 3 1 2 2 3 3 1 4 1 1 2 1 1 3 0 2 0 3 4 4 0 1 1 4 1 1 4 3 2 1 2 2 2 4 4 2 4 2 2 2 4 1 3 0 4 1 4 1 4 1 3 0 2 4 4 1 3 0 4 2 1 1 4 1 2 0 3 1 2 2 3 1 3 2 3 4 0 0 1 4 1 4 1 3 0 0 1 3 3 0 0 4 3 1 2 0 1 3 1 4 0 2 2 4 1 1 0 1 1 1 2 2 2 4 2 
3 1 1 3 4 1 1 0 1 0 2 3 2 4 1 1 0 4 3 2 0 1 0 0 2 3 4 1 2 1 0 0 1 2 3 2 1 4 3 2 1 2 3 4 1 1 2 3 0 2 3 2 3 3 3 2 2 4 3 4 0 4 1 4 3 4 3 4 1 1 4 2 3 4 3 2 0 2 2 3 4 0 0 2 4 0 4 3 4 0 4 2 4 1 3 2 2 1 3 3 4 4 3 4 3 3 3 1 1 1 4 0 1 1 0 2 2 1 0 3 1 0 0 2 3 3 1 2 1 2 3 0 1 3 0 0 1 3 3 4 1 4 2 0 0 2 4 4 3 0 3 2 2 3 4 2 4 3 4 0 0 2 1 1 0 3 3 4 3 1 0 2 0 2 2 3 4 1 2 0 3 0 2 2 1 3 4 0 1 1 2 3 0 0 0 3 3 0 2 2 
4 2 1 1 0 3 4 1 0 4 4 3 0 1 2 2 4 1 2 4 4 0 4 0 0 4 0 3 3 2 2 2 3 2 3 0 2 3 1 0 4 0 1 4 2 3 2 1 1 1 3 1 1 4 1 3 3 3 2 1 2 1 0 1 3 0 1 2 3 2 3 3 0 4 2 4 4 1 2 1 4 0 4 0 4 0 1 0 0 0 3 4 1 4 0 0 1 3 2 0 3 2 0 3 3 4 2 3 1 1 4 2 2 3 3 3 0 1 0 2 1 4 1 2 0 2 2 1 2 2 3 0 4 0 0 0 0 4 3 3 1 4 0 0 2 0 0 4 1 1 1 2 0 2 2 2 1 1 0 1 3 4 1 0 1 4 0 3 3 0 1 4 4 4 4 1 1 0 2 0 3 3 4 0 2 1 2 1 3 2 2 1 3 0 3 0 4 3 3 3 
3 2 2 2 3 4 0 1 1 0 4 1 4 2 1 4 2 2 1 3 2 0 0 1 4 0 4 1 2 3 1 0 3 0 4 3 3 3 0 2 4 0 3 0 2 1 4 1 1 2 4 3 0 1 4 4 4 4 2 1 4 3 1 4 1 2 2 1 1 3 3 2 3 2 3 2 3 4 4 1 4 0 0 4 2 4 0 3 0 2 4 1 2 2 1 3 4 3 0 2 3 0 2 3 2 0 3 3 1 4 4 2 4 1 1 3 3 1 3 3 0 4 2 3 1 3 3 3 3 0 0 4 1 4 2 0 1 2 0 3 1 2 0 3 3 4 3 1 2 2 2 3 1 4 3 0 4 3 3 4 4 0 3 0 0 3 2 1 0 3 1 2 0 4 2 3 3 0 2 0 2 4 3 4 0 3 4 1 2 4 0 1 4 4 3 1 4 2 0 4 
0 1 3 0 0 0 1 0 1 0 0 1 0 4 1 1 1 0 0 2 4 1 2 2 3 3 0 4 2 4 4 4 0 3 2 2 3 0 0 4 1 0 2 1 4 3 3 2 0 0 1 4 4 4 1 2 4 3 3 4 0 0 3 0 3 2 2 3 2 3 4 0 0 3 4 2 2 4 4 4 1 1 1 0 2 4 4 1 0 3 2 0 0 2 0 3 0 4 3 4 4 0 0 0 3 1 2 2 0 3 2 3 4 0 4 3 4 3 0 1 3 4 1 3 2 3 3 4 0 2 3 4 4 0 1 2 1 0 0 3 4 4 2 0 4 3 4 3 3 1 2 4 0 3 4 2 2 3 3 4 2 2 3 1 4 2 3 3 2 0 3 3 4 2 4 3 0 3 4 1 4 1 0 1 1 4 1 0 4 4 4 3 3 0 4 3 2 0 3 1 
0 1 2 2 4 1 2 1 1 3 4 0 2 1 1 0 0 1 1 0 2 3 0 1 1 0 2 1 4 2 4 2 0 3 4 4 2 2 1 0 3 2 0 2 0 1 3 0 4 1 1 2 4 3 0 1 0 2 4 4 2 1 3 2 4 3 1 3 2 4 3 3 3 0 0 4 2 0 4 1 2 0 0 1 3 2 4 3 0 4 4 2 0 0 1 1 0 4 4 2 0 4 0 4 0 3 3 2 3 4 0 2 0 3 4 0 0 0 1 2 1 2 4 3 2 2 4 2 1 3 0 2 3 2 3 3 0 1 2 1 0 4 0 2 2 4 0 0 2 1 2 3 3 4 2 3 1 3 0 0 4 2 2 4 0 2 2 2 0 1 0 0 0 1 0 0 2 0 0 4 3 2 0 3 1 2 1 0 0 2 0 1 1 2 0 1 1 4 1 1 
0 3 3 3 4 3 3 4 0 3 0 3 0 0 0 4 4 4 0 4 2 4 4 3 1 3 4 4 4 3 0 0 4 4 3 2 0 4 2 1 1 0 2 0 2 2 1 1 2 1 2 1 1 3 4 4 1 3 3 2 2 1 4 3 0 0 2 2 4 4 4 0 1 3 2 3 0 3 2 4 2 4 0 0 3 0 4 1 0 2 1 2 3 0 2 0 0 1 0 1 0 1 4 1 4 1 2 4 2 4 1 1 0 1 1 0 3 0 4 4 2 0 3 3 0 3 3 3 4 3 4 0 4 3 3 0 2 2 0 1 3 3 2 4 1 3 1 0 0 0 1 2 2 1 2 0 4 1 3 4 1 4 1 3 0 1 3 4 4 0 0 2 3 4 3 0 4 0 2 4 2 3 3 2 4 1 2 1 2 2 2 0 1 0 3 3 1 4 2 2 
4 2 2 3 3 0 0 2 2 2 1 2 2 0 0 4 3 1 3 4 0 0 3 0 3 3 1 2 0 0 4 4 1 4 1 4 2 2 1 2 1 0 3 3 2 0 4 3 1 2 2 3 4 1 1 3 1 2 2 1 2 1 3 3 2 4 0 2 3 3 4 0 4 4 0 3 0 2 1 3 4 1 4 1 4 0 4 0 2 1 4 1 4 2 1 2 3 3 1 2 2 2 4 3 1 1 3 3 3 0 4 0 1 3 1 2 3 0 2 2 3 1 3 4 0 1 3 4 0 4 1 4 1 2 2 0 3 2 0 2 2 4 2 0 2 3 2 2 0 2 4 0 3 4 4 4 1 3 0 1 2 1 0 1 0 4 3 3 1 3 0 1 3 4 3 2 2 1 0 4 3 1 4 3 1 4 4 2 4 4 3 3 2 0 4 2 1 4 1 4 
3 3 0 1 3 1 0 2 2 0 4 2 2 3 0 2 0 4 2 2 0 3 2 4 1 4 0 0 0 0 3 1 3 4 4 1 2 0 1 1 2 4 0 1 3 1 3 3 2 2 0 3 1 2 2 4 1 4 1 3 4 0 4 4 1 3 0 3 3 4 1 2 3 4 3 1 0 4 4 2 3 1 2 4 3 4 0 1 4 4 1 0 1 0 0 2 4 2 2 4 1 3 2 1 2 2 4 4 1 3 4 0 1 1 1 4 3 4 2 4 0 3 4 1 1 1 3 0 1 0 1 4 0 3 1 0 3 0 4 1 1 3 3 2 0 2 4 0 1 3 4 3 4 0 4 0 2 4 2 3 1 3 2 1 4 0 1 2 3 3 3 4 1 4 3 3 1 4 3 4 3 4 2 4 0 3 4 2 2 1 2 3 4 1 1 0 2 0 2 0 
3 3 1 1 4 1 0 0 1 0 4 1 0 3 0 0 0 1 1 4 3 2 1 3 3 2 4 4 1 1 3 1 4 3 4 1 4 1 3 4 4 0 0 2 2 0 4 4 1 0 3 1 4 1 1 4 4 3 0 0 4 1 4 4 1 0 2 1 3 2 0 4 4 3 3 2 3 2 1 2 4 0 3 0 1 0 0 2 3 2 0 2 3 1 3 0 3 2 1 2 4 3 1 4 3 2 3 2 1 4 4 1 1 4 3 0 4 0 4 4 3 1 4 1 2 4 3 1 2 1 0 3 2 3 4 0 0 2 2 2 4 3 0 2 3 3 4 4 4 4 1 4 0 0 0 0 4 1 3 3 2 3 2 4 3 1 0 4 1 4 3 0 0 3 4 0 3 4 4 4 3 2 3 0 4 1 2 1 2 0 4 1 0 3 1 1 0 3 2 3 
4 0 3 4 0 2 4 0 1 1 0 1 0 0 4 0 0 1 1 1 0 2 2 2 4 1 0 0 1 0 2 4 4 4 4 1 4 3 2 0 2 3 2 3 4 2 4 1 1 1 2 3 0 4 2 4 0 2 2 3 2 4 4 4 1 0 0 0 1 2 2 3 3 1 3 4 1 3 0 2 4 2 2 1 3 0 0 1 2 2 1 2 4 3 1 0 3 3 2 1 0 2 4 0 3 0 4 4 3 4 1 4 3 1 0 4 1 2 2 3 2 3 2 3 3 0 0 4 3 2 0 1 4 0 1 3 2 3 2 2 4 1 1 3 2 3 4 0 2 1 0 4 1 3 2 0 3 2 4 4 2 1 0 3 3 3 1 0 1 1 2 1 4 0 1 3 3 2 0 1 0 0 2 1 3 2 3 4 1 4 3 3 1 0 4 4 3 2 0 2 
3 4 0 4 0 1 4 0 0 4 3 0 0 1 1 0 0 0 2 4 1 1 4 2 2 1 1 4 0 3 1 4 4 0 4 0 2 2 0 3 2 1 1 2 1 4 0 4 4 2 0 1 4 0 0 3 1 1 4 3 1 0 2 0 3 3 1 0 0 3 0 2 4 4 4 3 3 0 2 3 4 4 1 3 1 1 4 3 2 3 3 3 4 3 1 4 1 4 4 2 2 2 4 3 1 1 1 4 3 0 4 2 0 0 3 1 1 2 1 0 0 2 1 1 0 2 0 3 1 2 0 0 4 2 3 0 0 2 1 3 4 1 2 1 1 0 0 0 2 1 0 0 0 3 1 0 0 4 1 3 1 3 0 2 0 1 4 2 3 0 2 2 3 0 1 2 2 1 2 2 2 4 2 3 3 0 0 0 4 3 1 0 2 1 2 4 2 1 2 2 
4 1 2 2 3 3 4 1 4 3 3 3 3 2 3 3 2 4 0 3 2 4 1 4 1 0 2 1 2 0 0 2 1 1 4 4 0 2 0 1 1 4 1 4 2 3 3 2 2 4 0 4 3 4 1 2 4 0 3 3 0 3 0 2 4 4 3 4 1 3 2 4 2 0 4 1 3 4 3 3 0 1 2 0 0 0 2 1 0 0 4 3 3 0 2 0 4 0 1 3 0 4 2 3 4 3 1 0 4 0 3 4 3 2 0 3 0 2 4 0 0 3 3 0 0 0 0 0 0 4 3 1 0 0 1 1 1 2 1 0 4 1 0 2 1 2 2 1 1 3 1 1 4 2 2 4 2 4 4 0 0 2 1 0 0 4 2 1 3 3 3 3 2 3 2 0 2 0 3 4 3 4 2 2 3 1 2 1 1 3 1 1 3 4 4 3 0 1 1 3 
1 4 3 3 0 1 0 4 3 3 3 1 0 1 1 3 2 0 4 0 0 3 2 4 1 1 3 1 3 1 2 2 2 4 0 3 1 3 3 0 1 2 1 0 2 4 3 0 3 3 2 1 1 4 2 0 3 0 1 1 1 1 0 0 2 3 3 0 1 2 2 0 4 0 0 3 4 0 0 0 3 2 1 1 4 3 1 4 0 0 2 3 1 3 3 0 1 2 0 4 1 2 4 2 3 1 0 4 3 2 4 1 2 2 3 3 0 1 2 2 1 4 0 4 4 1 1 2 0 1 2 1 1 3 3 1 2 0 2 0 4 4 4 1 1 4 4 2 0 3 1 4 3 2 0 4 0 2 2 0 0 1 3 3 1 3 1 3 0 4 1 4 3 0 1 4 1 2 3 1 1 0 2 1 4 3 0 1 0 4 1 2 0 1 1 2 4 2 2 4 
1 0 3 1 2 1 3 3 1 1 2 2 3 4 0 4 2 0 0 4 0 0 3 4 2 4 0 1 3 4 4 4 3 1 0 4 4 1 4 2 4 1 1 1 1 1 1 3 0 4 3 2 1 2 1 3 3 1 2 2 2 1 3 0 4 3 2 3 2 1 3 1 2 4 3 1 0 1 4 3 2 4 0 3 3 1 4 2 4 1 1 1 4 4 2 3 3 4 2 0 0 2 3 0 3 3 1 1 0 2 4 2 1 4 3 2 0 2 4 4 3 0 0 2 1 4 0 4 3 4 1 1 1 2 1 0 0 4 1 0 3 2 0 1 1 3 3 1 0 2 2 0 4 4 2 3 1 2 4 4 4 1 2 0 0 3 2 0 4 0 3 2 2 3 4 3 3 4 1 0 4 0 0 3 2 2 3 3 1 3 4 2 1 2 0 1 2 2 1 2 
0 4 4 4 4 0 0 2 2 3 4 1 4 4 1 3 3 0 1 2 3 0 0 4 4 2 4 0 2 4 1 4 1 3 0 0 2 3 0 2 0 4 1 1 0 3 2 3 3 2 4 0 0 1 2 1 1 1 1 3 2 0 2 3 3 4 4 2 2 1 1 2 0 3 3 0 3 3 0 1 2 1 2 0 3 4 1 1 2 3 4 0 3 3 0 3 2 1 0 2 3 4 4 3 4 0 1 2 0 1 0 2 3 4 2 3 0 4 4 3 4 0 0 4 3 0 4 2 2 1 4 2 0 1 0 4 3 3 1 0 2 4 2 2 3 2 0 4 3 1 2 2 1 4 3 1 1 2 0 0 3 2 2 1 0 0 0 3 3 4 3 2 3 2 4 1 4 1 0 4 4 4 3 2 0 1 3 2 0 4 4 1 3 2 2 3 4 4 3 4 
3 3 2 3 0 3 2 2 2 4 1 1 1 0 4 1 3 4 0 4 0 0 0 0 3 4 4 1 3 3 4 2 4 4 1 4 0 0 3 4 2 3 2 3 4 2 4 2 3 4 3 2 4 3 4 3 2 0 1 2 0 3 4 1 2 1 1 2 3 4 3 0 4 1 0 3 0 2 3 3 1 1 2 2 1 3 2 0 0 4 2 1 2 3 2 1 1 0 1 4 2 4 1 1 2 4 2 3 1 0 3 4 1 3 3 2 3 1 4 4 0 1 0 4 4 4 0 3 0 1 2 2 3 1 0 0 2 2 0 3 2 4 4 0 4 2 4 2 0 3 1 2 1 3 3 3 3 4 1 0 2 0 4 2 1 4 3 3 4 3 3 3 4 4 4 3 4 0 1 4 4 4 2 0 3 0 0 3 1 1 3 1 2 4 3 3 0 1 4 4 
2 2 3 1 2 4 2 1 4 3 2 0 4 4 3 2 2 3 0 3 0 0 1 0 4 4 0 2 2 3 3 1 0 1 1 4 0 2 1 3 4 1 0 1 0 2 4 0 1 0 2 1 2 3 3 1 4 3 0 3 1 4 0 4 2 3 3 4 1 4 2 2 2 4 3 2 3 0 4 4 0 2 1 4 2 1 0 3 4 2 2 2 1 2 1 0 2 1 4 0 2 3 2 4 3 1 4 3 1 3 3 3 0 1 2 4 2 4 3 3 1 0 2 0 4 1 0 1 2 0 4 0 3 1 4 3 4 0 2 2 4 2 0 1 3 2 1 2 3 4 2 0 4 4 0 3 0 2 1 3 4 0 0 0 4 1 3 3 2 2 1 1 4 3 2 4 3 0 1 1 4 3 1 0 0 3 3 0 1 2 0 0 4 0 0 3 2 1 2 1 
3 0 2 0 3 1 4 1 2 1 3 3 1 1 4 1 0 4 4 3 1 4 0 1 0 2 3 4 1 4 3 2 4 0 1 4 4 2 4 2 1 2 2 0 0 4 4 2 1 3 3 4 0 4 1 3 1 4 4 2 0 0 1 0 0 2 4 1 0 0 4 3 2 1 3 3 0 2 2 3 3 2 2 0 1 1 3 0 0 4 2 1 4 1 3 2 3 4 3 0 0 2 4 4 1 2 4 1 2 3 2 0 0 1 0 2 2 0 2 3 4 1 1 1 2 4 3 3 3 1 3 0 1 2 0 2 2 4 0 1 3 2 1 3 4 3 2 1 0 4 1 1 3 2 4 2 3 2 0 2 1 4 2 2 3 4 1 2 4 1 3 4 1 1 4 0 1 2 3 3 3 0 0 1 2 4 1 1 4 1 0 0 2 4 4 3 4 0 0 0 
3 1 1 4 4 0 1 1 4 0 4 3 0 1 1 4 1 2 2 2 1 2 2 3 4 0 3 1 0 0 4 0 3 0 3 0 4 3 1 2 3 1 4 3 1 0 1 3 3 1 0 0 2 0 4 0 4 2 4 4 2 0 1 3 0 4 3 1 2 4 1 2 3 0 2 1 2 4 4 1 0 0 1 2 0 3 4 1 0 0 0 0 0 3 3 2 2 3 1 1 4 4 1 2 4 3 4 1 4 3 4 1 0 3 0 2 1 0 3 3 2 0 3 0 3 3 4 2 1 2 1 3 1 2 0 0 2 1 4 4 0 3 0 2 1 1 0 4 3 0 3 0 3 3 2 1 4 2 1 0 4 4 3 1 3 1 3 0 2 2 1 4 3 2 2 1 3 4 3 1 4 1 3 2 1 1 1 0 0 4 3 4 3 3 2 1 4 1 3 2 
0 2 3 0 4 0 2 2 1 2 0 3 3 3 0 1 1 3 2 1 4 0 3 4 3 0 0 2 0 3 1 4 4 0 2 1 4 0 0 3 1 2 3 4 2 3 2 4 2 2 3 3 2 3 1 1 3 4 4 3 2 2 4 3 2 2 2 3 2 2 1 3 0 1 0 4 1 2 3 3 1 1 2 3 1 0 2 2 1 3 0 4 0 2 4 4 4 1 2 1 1 0 1 1 3 3 0 4 0 1 3 2 4 2 2 1 2 4 3 4 2 0 0 4 2 1 0 3 0 4 4 1 1 3 4 4 1 1 4 4 2 2 3 2 1 2 0 3 4 0 4 1 0 1 3 0 0 0 3 0 0 0 1 1 3 2 1 1 3 2 2 3 1 2 2 2 0 2 2 4 2 4 2 4 0 2 4 2 3 3 2 3 3 0 1 3 2 4 1 1 
1 4 1 4 3 3 1 3 2 4 4 4 0 2 0 2 4 0 0 4 0 2 2 3 3 1 3 0 0 2 4 3 4 0 4 3 4 4 2 4 1 3 4 0 3 1 3 0 2 3 0 2 3 3 1 3 3 2 3 0 2 4 1 1 0 0 1 1 0 0 0 1 3 1 4 1 2 2 4 2 2 4 4 2 4 2 2 2 2 0 0 4 4 1 2 1 3 3 2 0 4 0 4 4 1 3 3 1 2 2 3 1 1 4 3 3 1 0 2 3 2 2 2 1 0 4 3 4 0 2 4 1 4 3 0 1 3 3 2 2 2 2 3 4 1 1 4 4 3 1 3 0 1 2 4 1 4 4 0 1 3 2 2 3 2 4 4 1 0 3 0 2 0 4 1 3 2 2 2 3 4 2 0 0 2 1 3 1 0 4 4 4 3 1 2 0 0 3 3 0 
3 1 3 0 0 1 3 4 4 2 4 0 2 0 2 4 1 0 2 4 1 1 3 1 4 2 2 4 0 2 2 2 0 3 2 0 0 0 0 2 1 4 1 1 1 3 0 0 0 3 4 4 4 0 4 3 4 3 0 1 2 4 0 2 0 2 4 2 4 1 4 1 0 3 4 2 1 0 4 3 3 4 4 4 1 3 2 3 3 4 1 0 1 1 4 3 0 0 0 4 1 0 0 2 3 0 1 1 2 0 0 2 1 4 3 3 0 3 3 3 2 4 1 0 2 2 3 2 0 4 1 3 1 4 0 1 1 3 2 3 4 4 2 2 4 0 2 4 3 0 4 3 1 2 0 3 2 4 0 2 0 4 0 1 3 3 4 1 3 3 1 4 3 3 2 2 0 4 3 1 2 2 4 3 2 1 4 4 0 4 3 0 0 0 3 0 0 2 1 4 
1 2 3 1 2 0 3 3 2 1 4 1 0 0 1 2 1 0 3 4 2 3 1 2 4 0 0 1 4 0 1 0 2 4 4 3 1 1 3 1 0 1 0 1 2 2 3 1 4 0 2 0 2 0 1 2 1 3 2 3 0 3 0 2 4 4 3 3 3 3 4 3 0 2 0 4 1 0 0 2 0 4 2 0 0 4 2 3 2 1 1 2 1 4 2 1 3 2 1 3 0 0 2 2 4 4 1 1 1 4 3 1 3 1 1 3 2 0 4 1 1 2 1 3 1 0 1 2 2 2 0 4 4 4 4 1 3 0 4 4 4 2 3 0 0 1 0 4 4 4 1 2 2 4 2 0 4 3 2 3 2 3 2 4 2 3 0 3 4 4 4 0 3 2 0 4 1 3 0 0 2 1 2 1 0 0 2 1 0 4 4 3 2 4 2 2 2 4 0 3 
3 4 4 1 4 1 2 0 4 3 2 4 1 4 0 4 1 2 2 2 4 2 2 1 1 1 0 0 0 2 0 4 0 2 0 3 3 3 3 3 0 1 2 4 4 1 4 0 0 4 3 4 3 2 1 1 3 4 4 0 4 1 4 1 0 1 4 3 0 2 3 0 0 0 1 2 4 2 4 1 1 2 0 1 4 3 0 4 2 4 0 3 0 1 4 3 3 0 1 0 0 0 2 0 2 3 4 3 0 4 4 4 3 4 0 3 4 2 4 1 3 1 4 4 3 0 2 3 1 0 3 3 2 0 3 2 0 0 0 0 4 0 4 2 1 2 2 1 1 2 2 0 3 4 1 3 1 0 1 4 0 1 2 0 3 3 2 3 3 2 4 2 4 0 1 1 4 4 2 3 3 1 3 1 2 4 0 4 4 3 0 1 0 3 1 3 1 0 2 4 
3 3 3 2 3 1 3 0 0 2 3 3 1 3 2 3 2 2 4 3 0 0 1 2 0 0 1 1 0 3 2 0 3 3 2 3 3 3 3 3 4 1 3 4 4 1 1 2 0 0 4 0 3 1 4 0 1 4 1 4 4 1 1 0 4 3 3 3 1 3 3 2 4 2 4 0 0 0 3 3 3 4 3 1 0 2 1 1 1 0 0 3 3 3 0 3 3 0 3 1 3 1 4 0 0 3 0 3 0 0 1 3 4 4 1 1 4 3 2 0 0 4 0 3 4 0 3 2 2 3 4 1 2 0 1 2 0 1 0 0 2 1 1 3 3 2 0 2 2 4 4 4 1 2 0 0 4 3 0 2 2 1 3 4 1 1 3 1 4 1 3 3 4 4 2 4 4 4 1 1 3 3 3 4 0 3 2 1 1 2 3 0 3 3 1 1 1 2 4 1 
3 2 4 4 4 3 4 0 2 0 3 3 0 1 2 2 4 1 4 3 0 2 3 0 3 2 1 4 4 2 2 4 0 0 4 3 1 4 2 1 2 0 4 0 0 1 4 3 0 3 4 3 3 3 4 1 1 3 4 3 2 2 2 3 4 1 1 0 1 1 1 0 1 2 2 3 3 1 3 1 1 2 1 2 1 0 3 4 0 2 2 2 1 2 2 0 3 4 2 1 2 0 1 3 3 3 3 3 2 2 1 3 1 3 0 2 0 0 2 1 0 1 0 1 0 3 4 4 4 1 2 1 2 1 1 2 4 4 2 3 3 4 4 0 2 1 4 4 2 3 0 4 2 3 0 2 1 1 3 2 3 1 3 2 2 1 1 3 2 3 4 1 2 3 3 1 1 4 1 3 3 3 2 0 1 0 4 4 1 3 1 1 4 1 0 3 2 1 1 2 
0 0 0 4 0 3 1 2 4 2 0 2 2 0 4 4 2 4 0 0 4 2 2 0 0 4 3 0 1 4 2 3 0 0 2 2 0 2 3 4 1 2 0 1 0 2 2 4 1 3 1 1 2 3 0 2 1 0 0 1 1 2 0 4 4 4 1 1 1 2 1 4 4 3 2 4 0 0 0 3 0 2 4 3 2 0 2 3 2 0 1 0 2 3 4 1 2 2 4 0 4 0 0 1 3 4 0 0 4 1 3 2 3 0 0 0 2 4 1 4 4 2 4 3 1 0 4 0 4 1 1 1 1 3 2 2 2 2 4 4 0 3 1 3 0 3 1 2 2 2 1 4 1 2 2 4 2 4 2 3 0 3 4 1 1 1 0 0 1 0 4 1 0 2 2 0 0 3 2 0 2 0 4 0 2 1 2 1 0 4 4 0 2 1 4 0 2 1 0 3 
1 2 2 1 1 4 1 2 4 0 2 3 0 3 3 4 4 2 2 0 1 4 2 0 0 3 2 4 0 0 0 1 2 2 0 0 3 1 3 2 2 4 1 0 1 4 3 3 4 1 2 1 4 1 0 0 3 4 2 0 4 2 0 2 1 4 2 2 0 3 4 2 2 3 2 0 2 2 3 3 0 3 1 0 1 2 2 0 3 1 2 4 1 2 1 4 1 1 1 3 1 3 2 3 1 1 0 0 0 1 4 1 4 2 3 0 4 0 2 4 3 4 3 1 3 2 1 1 0 4 1 1 2 0 1 0 1 1 3 4 4 4 0 3 1 3 1 3 0 3 2 0 0 3 2 0 0 3 4 0 4 0 3 2 3 4 4 4 2 2 3 2 1 0 2 3 0 3 3 2 4 0 0 1 3 2 3 0 2 2 2 1 0 0 0 3 1 2 4 4 
4 0 3 3 0 2 3 3 3 1 2 2 3 2 0 4 4 3 4 3 1 4 2 3 4 4 1 3 1 0 4 3 0 2 1 0 3 4 4 1 2 2 3 1 0 3 3 4 2 2 1 3 0 0 2 3 1 1 1 4 3 1 3 1 4 2 4 2 4 3 0 1 2 0 0 2 3 3 2 3 2 0 3 4 0 0 4 1 1 0 3 1 4 1 4 3 1 3 2 0 3 4 3 0 4 3 0 0 4 4 3 3 4 1 0 4 1 4 2 4 2 2 3 3 4 2 3 0 3 0 2 3 1 0 4 0 1 4 0 2 3 0 0 4 1 2 0 4 2 2 1 1 2 4 1 1 3 4 3 1 1 2 0 2 2 1 4 3 0 0 0 0 2 3 1 4 0 1 0 4 0 1 2 2 0 3 0 4 2 0 2 0 2 2 2 0 0 2 0 0 
4 1 2 1 1 3 2 1 1 3 1 2 4 3 4 2 4 0 3 3 2 2 4 0 2 1 0 2 0 2 0 4 0 2 1 1 0 3 0 3 1 3 1 3 0 1 0 4 2 2 4 1 4 1 0 4 3 1 1 1 2 4 3 3 4 2 1 1 0 2 1 2 2 4 2 2 2 2 3 0 4 2 1 1 1 1 0 1 2 2 4 1 3 2 2 2 0 3 0 2 0 3 1 0 2 4 2 0 3 3 0 0 0 1 1 3 2 1 0 1 0 4 0 3 2 2 3 2 0 0 4 3 4 3 3 1 2 2 1 2 0 3 2 3 4 3 3 3 2 3 0 4 0 0 0 2 4 0 1 1 0 2 4 4 0 4 1 4 4 4 2 1 3 4 4 4 0 0 3 2 3 0 3 3 2 3 2 1 3 0 2 1 3 4 0 0 3 3 0 4 
3 4 1 3 3 2 2 3 2 2 2 1 4 3 1 1 1 1 4 2 1 2 3 1 3 0 4 1 4 1 3 2 0 4 2 3 1 0 1 4 4 4 3 0 3 3 3 2 0 1 1 4 3 0 4 1 3 4 0 2 3 1 0 2 3 4 4 4 0 3 3 4 2 3 1 2 2 2 4 4 3 3 0 3 3 4 0 2 0 2 4 4 4 1 3 2 0 0 1 2 3 1 2 2 2 0 4 1 2 1 2 3 4 2 1 4 3 1 1 3 4 2 4 0 0 3 4 0 0 3 3 3 1 2 0 3 2 4 1 2 2 3 0 3 0 1 3 0 0 1 4 1 1 0 1 1 0 2 4 0 0 2 3 2 1 3 2 3 0 4 2 4 4 4 0 2 1 3 2 3 1 3 4 4 4 2 3 1 1 2 2 2 1 2 1 2 1 0 2 3 
1 2 4 1 1 4 0 4 4 2 2 3 3 3 2 4 2 2 0 4 1 4 3 2 2 4 1 0 1 1 0 3 3 4 1 1 4 3 0 1 3 0 0 1 0 4 1 4 1 3 2 2 0 1 0 4 0 1 3 0 3 4 0 3 4 0 1 0 1 4 3 1 1 4 0 2 3 1 3 1 1 2 4 3 4 4 0 4 3 3 2 1 4 2 1 0 4 2 0 0 3 1 4 4 0 4 3 0 2 4 1 0 1 2 4 2 4 1 2 2 4 1 0 0 3 1 0 0 3 2 2 1 3 1 2 3 0 1 3 4 0 2 0 3 1 1 1 2 2 0 4 3 1 1 3 1 2 3 1 2 0 4 0 4 2 3 4 0 1 0 4 3 4 4 1 2 2 2 0 4 2 1 2 3 3 2 2 2 0 3 0 3 4 0 4 2 0 3 2 1 
0 3 4 4 3 3 2 2 0 4 4 0 0 1 0 0 1 2 3 1 3 3 4 2 0 0 4 1 4 3 4 4 2 1 1 2 4 3 4 0 1 2 3 1 4 2 2 0 3 1 3 1 4 1 3 2 3 3 3 4 4 2 1 4 1 2 0 3 1 0 4 2 4 0 1 3 4 3 3 2 4 1 0 4 4 0 3 3 4 1 4 0 0 0 4 1 2 1 1 0 3 3 0 2 3 1 1 2 1 4 1 2 1 3 1 2 4 4 0 0 3 0 0 3 0 2 2 0 0 0 2 4 3 2 3 1 0 4 0 1 1 1 4 2 2 2 4 1 4 2 3 2 2 3 2 4 2 1 1 3 2 4 4 0 3 2 4 4 4 4 0 0 3 1 4 0 4 0 3 3 2 1 2 1 4 1 1 4 3 2 4 0 3 3 2 2 2 1 1 1 
1 3 3 1 0 2 1 1 3 4 1 0 0 3 2 1 4 0 0 2 4 1 4 3 1 2 2 4 3 0 2 1 0 1 2 2 0 0 3 3 0 1 4 1 1 4 0 0 1 2 2 0 1 4 0 1 0 4 0 1 2 0 1 1 1 2 0 3 4 1 4 0 4 3 1 3 0 3 3 1 0 2 1 3 1 1 2 4 2 2 0 0 0 1 3 3 0 0 1 2 1 2 2 3 3 3 1 3 3 1 4 0 3 2 3 2 1 2 1 3 0 3 0 2 2 3 0 4 4 3 1 2 1 3 0 4 3 3 2 1 4 3 1 3 0 2 2 1 1 3 0 1 3 2 0 0 1 0 0 2 4 1 1 2 2 4 1 0 2 0 2 4 3 0 2 0 4 1 4 1 4 1 4 2 3 0 0 1 2 0 0 3 3 2 0 0 1 3 1 0 
3 0 4 3 2 3 1 4 4 0 0 3 3 1 3 3 3 0 0 1 0 0 1 0 2 4 1 0 2 4 1 3 1 0 3 3 4 1 4 0 1 0 4 4 1 3 4 0 1 4 0 4 1 2 1 3 2 2 1 2 4 0 0 4 1 3 0 2 4 1 1 4 0 3 3 1 1 4 1 4 0 3 4 3 3 2 2 0 1 3 4 2 1 0 2 4 0 2 1 4 3 0 3 3 0 4 2 3 3 0 2 1 4 3 4 4 2 3 4 3 2 0 1 0 0 3 4 2 2 1 1 2 3 0 3 3 4 0 1 4 0 0 0 1 4 2 0 1 2 1 2 1 2 3 1 4 3 1 2 2 2 3 4 2 0 2 0 4 4 3 1 0 3 3 3 4 0 1 3 0 2 0 1 4 3 3 1 3 4 3 0 3 3 1 0 4 1 2 0 0 
2 1 2 0 0 3 2 2 4 0 2 1 0 4 3 0 4 1 3 3 4 0 3 4 3 3 3 4 2 1 2 4 2 1 1 4 4 3 4 3 0 1 0 2 0 2 2 0 3 3 0 1 4 2 1 3 3 4 4 2 3 0 1 4 4 3 3 4 2 1 3 3 2 1 2 4 1 4 2 4 4 4 3 3 4 4 3 2 1 2 4 1 4 1 1 4 1 4 0 0 2 0 3 1 3 2 3 1 1 0 3 2 1 3 0 0 4 1 2 0 3 4 4 0 2 2 4 3 1 1 3 0 3 4 2 1 1 2 0 0 2 3 2 3 1 0 1 0 3 3 3 1 4 2 3 1 1 2 4 2 0 0 4 3 1 3 2 2 0 4 4 4 2 4 0 0 1 1 0 4 1 0 2 1 4 1 2 0 0 4 4 1 1 4 1 2 2 0 1 3 
4 1 2 3 2 2 3 3 0 1 2 2 1 1 3 3 2 2 3 3 1 3 1 2 4 4 1 1 2 3 1 1 4 1 2 1 0 0 1 1 1 0 0 0 0 1 3 3 1 0 3 1 4 3 4 3 2 3 0 1 0 3 4 4 4 0 1 2 3 3 3 4 2 0 1 2 3 4 2 4 1 0 0 2 1 1 1 0 0 1 3 2 1 3 3 0 0 1 2 3 2 2 4 4 2 0 1 0 4 0 2 3 2 4 2 3 1 3 1 3 1 4 0 2 2 1 4 3 4 3 3 1 0 3 0 4 3 3 2 0 3 4 3 1 3 2 1 1 1 2 4 4 4 2 4 1 3 3 1 4 4 0 1 4 3 1 1 1 2 0 1 2 4 1 3 4 4 2 1 2 1 2 1 0 4 2 4 4 3 0 4 2 2 0 3 0 3 4 4 0 
1 2 3 0 1 3 2 0 2 0 4 4 4 2 1 4 0 0 3 3 3 2 0 0 2 0 1 3 0 2 0 3 4 3 1 0 4 3 2 3 0 1 4 4 0 1 1 0 1 1 4 1 1 1 3 2 1 3 0 1 0 2 1 4 3 2 0 4 1 0 3 1 2 2 1 1 3 2 2 1 0 3 2 2 1 2 4 2 0 4 0 3 3 2 2 1 4 4 2 2 4 1 3 3 0 4 4 3 3 3 4 4 3 3 3 0 0 2 2 2 3 0 0 3 2 4 4 3 3 4 0 4 2 0 2 2 2 4 0 0 4 4 1 3 4 4 3 4 1 2 1 1 2 2 4 1 3 1 4 2 0 1 3 2 2 3 4 4 2 1 1 3 2 3 1 1 4 1 0 1 4 3 4 3 2 1 0 1 2 4 0 2 1 3 1 0 3 2 1 0 
3 2 1 2 2 2 3 2 1 0 0 0 3 1 0 3 2 0 4 4 2 4 3 3 4 1 0 3 3 1 0 3 0 1 2 0 1 0 4 2 2 4 4 1 0 0 4 4 0 2 0 4 4 1 0 4 0 1 4 0 2 2 3 2 2 1 0 2 2 0 1 1 3 2 0 1 0 2 2 0 4 4 1 3 0 1 4 2 0 3 0 2 0 3 4 4 4 4 4 4 2 2 0 2 2 3 0 2 0 4 4 1 3 0 1 3 4 0 2 4 0 2 3 2 2 2 1 2 4 2 1 3 0 3 0 2 1 0 1 1 4 0 2 4 2 3 4 1 0 1 2 0 1 0 2 3 0 4 2 4 1 3 2 3 2 4 0 3 1 1 2 2 3 1 1 1 0 0 4 0 3 2 3 4 2 0 3 4 1 0 3 0 1 2 3 0 3 1 0 4 
4 2 1 3 1 2 4 3 4 3 0 3 2 3 2 2 4 2 1 0 0 0 0 3 4 1 3 3 2 0 4 1 0 1 4 1 0 0 4 0 1 4 0 3 3 4 0 0 4 2 2 1 4 4 2 2 0 3 2 0 2 2 0 3 2 1 0 0 3 0 4 3 3 1 0 4 1 0 4 0 4 3 1 3 4 0 2 2 0 4 2 2 3 2 1 3 0 3 3 4 0 0 4 4 3 0 3 4 0 4 1 4 0 4 4 1 2 1 3 2 2 1 0 2 3 3 0 1 1 1 0 1 3 4 2 1 4 0 0 1 2 3 2 2 4 1 0 1 4 4 4 3 2 1 1 0 1 3 3 2 4 3 0 2 3 0 0 4 2 2 1 4 0 3 3 0 2 4 1 1 3 2 0 0 3 1 2 4 4 1 3 1 1 1 0 4 1 1 1 0 
3 2 0 1 2 3 1 4 4 4 1 4 2 1 1 2 4 1 4 0 4 4 3 0 2 4 2 0 2 3 1 2 2 1 3 4 1 1 4 1 1 2 2 0 0 4 4 0 1 0 3 1 4 3 2 1 2 1 3 3 0 1 4 2 3 0 3 0 3 4 1 1 2 3 4 4 0 3 4 1 0 4 4 1 4 1 2 2 4 1 0 4 4 4 4 0 4 2 0 4 1 1 1 1 4 0 0 1 0 4 2 2 4 1 3 0 3 2 2 2 0 2 4 0 1 3 0 2 2 0 2 3 1 0 1 2 0 2 3 2 3 2 4 4 3 4 0 3 1 2 3 2 2 4 4 3 2 4 3 4 1 2 4 4 2 3 3 2 2 1 1 0 0 0 2 0 4 4 4 2 3 4 1 0 3 0 1 2 1 4 3 2 1 4 3 3 2 1 2 4 
4 3 2 4 0 1 0 1 0 1 3 3 0 0 1 0 2 2 4 4 3 2 3 1 3 4 1 1 0 3 2 0 3 1 1 0 2 3 1 4 4 4 0 1 1 1 1 1 0 0 0 2 3 4 0 4 3 4 0 1 2 0 3 4 3 2 0 3 1 4 1 1 0 0 1 2 4 4 0 2 4 1 4 2 0 4 3 3 1 3 1 0 3 0 4 3 4 1 1 0 2 2 3 3 4 1 2 0 0 2 2 1 3 1 3 1 3 3 1 1 1 3 1 4 0 2 2 4 0 0 1 3 4 0 3 1 1 0 3 4 2 3 0 3 1 1 1 1 4 2 2 1 2 0 2 2 4 2 3 0 4 2 0 1 2 3 2 0 0 2 4 2 0 0 2 4 3 3 0 2 3 0 0 0 2 3 0 2 2 0 4 1 2 4 2 4 4 1 2 4 
4 1 3 1 3 3 0 1 1 1 1 4 1 1 2 0 1 2 2 3 4 3 0 2 2 4 3 3 1 0 2 2 4 3 3 2 1 4 1 4 2 2 4 0 3 3 0 0 2 0 0 3 1 3 0 3 3 0 2 1 3 4 1 0 3 4 3 1 2 4 2 1 3 1 2 0 4 0 1 1 4 3 2 1 3 2 1 1 4 3 0 4 0 3 4 3 2 0 1 1 1 3 2 0 4 0 2 1 0 0 2 2 3 1 3 2 1 4 0 0 0 0 0 0 0 1 0 2 1 2 0 0 2 3 2 4 3 4 0 0 0 4 2 3 1 2 2 2 2 3 4 4 0 1 4 1 3 1 0 1 3 1 3 1 1 0 0 4 0 2 1 2 1 4 0 4 1 0 1 0 0 3 4 2 4 0 0 4 2 3 3 2 1 1 3 2 2 0 3 4 
4 4 1 3 0 3 2 4 3 1 4 0 4 1 3 0 3 0 0 2 3 0 0 4 1 0 1 3 3 4 4 2 1 0 0 1 4 0 0 4 1 2 0 2 0 0 2 3 0 4 0 1 1 4 3 0 3 3 4 3 3 0 3 1 1 3 3 0 4 3 2 1 1 4 3 3 4 3 3 0 0 4 3 1 1 1 4 4 1 0 2 0 0 2 3 4 3 1 4 4 2 1 0 3 3 3 4 4 3 4 4 1 3 4 4 1 2 3 0 4 3 0 1 1 4 1 0 2 2 1 2 4 2 2 0 2 3 4 2 1 3 3 4 3 3 4 0 0 4 2 1 0 2 4 1 4 0 3 1 3 4 0 4 3 3 1 3 3 0 0 1 0 0 1 4 0 0 1 3 4 3 4 1 3 4 2 2 1 2 3 1 3 1 3 4 4 4 2 4 2 
4 0 2 4 1 3 2 3 4 0 0 3 4 1 1 0 1 0 4 0 0 0 4 1 3 3 2 3 2 1 0 3 2 2 4 0 3 1 1 2 1 3 2 3 1 3 0 2 0 4 3 0 1 0 4 2 0 4 0 3 3 3 0 1 2 0 0 0 3 2 1 0 0 4 3 3 0 3 4 0 4 0 0 2 2 4 4 3 0 1 1 3 0 2 4 2 4 4 4 2 3 0 4 4 1 2 4 4 3 0 1 4 1 1 1 3 2 0 1 2 4 0 2 1 4 1 0 3 2 0 0 3 2 4 2 4 4 1 0 4 4 1 3 0 4 4 3 3 1 2 2 2 2 4 3 1 0 4 1 4 4 1 2 3 2 1 2 3 0 4 2 4 2 2 4 1 1 4 1 0 1 3 2 3 2 1 1 4 2 2 4 3 0 1 1 0 3 1 0 0 
0 0 4 3 2 3 1 1 2 3 1 1 3 0 1 1 3 3 0 0 2 4 0 0 3 2 0 3 0 2 3 0 2 2 0 0 2 4 1 1 4 4 2 2 4 4 0 3 4 1 0 1 0 2 1 1 2 0 3 0 0 3 3 2 0 2 0 2 4 1 0 1 2 4 0 1 1 4 2 1 3 0 3 2 4 1 0 2 1 1 2 3 4 3 3 4 2 0 4 2 1 4 0 0 1 0 1 4 2 3 0 0 0 0 4 0 2 0 4 0 1 3 1 0 1 4 1 1 1 2 0 4 2 0 4 0 2 0 4 4 1 1 2 3 1 3 3 0 3 2 1 1 1 2 1 4 3 0 0 4 2 2 3 1 2 4 3 2 1 2 3 2 0 2 3 4 1 1 4 4 1 0 1 4 4 4 0 2 1 3 3 1 0 3 4 0 2 3 4 1 
0 2 3 3 0 1 2 3 0 3 2 3 1 0 4 0 2 4 0 3 4 0 1 0 1 1 2 3 4 1 4 1 0 0 4 2 3 3 0 0 4 0 0 0 0 4 2 4 1 4 3 0 0 0 1 2 1 2 4 1 1 2 3 3 3 0 4 0 0 0 3 1 4 3 1 4 3 1 1 3 4 3 3 4 3 4 2 1 4 3 2 0 3 2 0 1 2 0 3 3 2 1 1 1 1 4 0 0 2 3 0 1 1 0 1 1 1 0 2 0 0 2 3 3 1 3 1 1 0 2 1 2 3 2 3 2 1 0 2 1 1 4 2 4 1 0 1 4 0 0 2 3 2 2 1 1 0 3 2 3 0 3 2 0 0 3 2 3 0 1 4 1 2 4 1 0 4 4 2 2 4 4 0 4 1 3 0 3 3 2 3 0 0 1 3 2 1 2 2 1 
1 4 3 3 3 1 1 4 2 0 1 1 4 3 2 2 2 2 2 0 1 1 1 3 4 4 0 0 1 0 1 2 4 1 3 4 4 1 3 1 1 0 3 2 0 2 1 2 0 3 0 3 1 3 0 2 0 2 4 2 0 4 1 0 0 2 0 4 4 3 3 0 4 0 0 3 0 3 4 0 0 2 2 3 4 0 0 1 4 0 4 4 1 2 1 2 4 3 1 0 1 1 1 2 3 1 0 1 1 4 1 1 4 3 0 3 3 2 1 2 4 2 3 1 4 2 0 1 0 3 1 4 0 4 1 0 3 2 1 4 1 2 3 0 2 0 0 2 2 4 1 4 1 2 2 3 4 2 1 1 0 2 0 2 4 2 3 2 1 4 3 4 4 1 2 3 1 4 1 1 3 4 2 2 1 4 0 2 1 1 4 3 0 1 3 4 0 1 3 1 
2 2 3 3 3 0 2 2 4 0 0 3 4 2 0 3 3 2 0 4 0 1 4 0 0 2 2 0 0 0 4 3 4 2 3 0 2 2 4 1 4 4 1 1 3 3 4 1 0 1 2 2 0 1 3 0 0 1 2 0 1 4 1 1 4 3 0 4 2 4 3 1 4 4 2 0 4 3 1 2 3 4 4 1 4 2 1 4 3 0 2 0 4 3 3 3 4 0 4 1 0 4 2 1 0 0 1 4 3 4 1 3 3 2 1 3 0 4 4 0 4 1 2 1 2 1 1 1 1 1 2 3 2 0 4 3 2 2 4 2 1 1 2 2 0 4 2 2 0 1 0 2 0 2 3 2 0 4 3 4 2 2 2 0 2 4 3 1 3 4 3 0 0 1 4 3 2 1 0 2 2 0 4 2 0 4 1 0 4 4 1 1 4 4 3 1 0 3 0 3 
3 3 0 3 1 4 3 0 0 1 3 0 1 4 4 3 4 1 4 0 2 0 1 1 1 0 0 3 3 0 2 1 0 2 2 4 4 2 4 1 3 4 1 2 4 3 0 0 4 1 0 3 4 3 0 2 0 0 2 1 4 4 0 2 4 4 1 0 3 4 0 0 4 4 3 1 0 3 4 2 4 0 2 3 1 1 0 4 1 2 2 2 1 2 2 2 3 3 3 2 4 0 4 4 4 4 2 2 3 1 4 2 4 4 2 0 0 2 1 3 4 0 1 2 4 0 0 3 0 0 2 0 0 1 1 1 2 0 3 2 2 0 2 3 4 4 0 1 2 4 4 3 4 2 1 1 2 3 4 3 3 1 0 0 4 3 1 1 3 2 4 2 4 3 0 3 2 3 4 1 2 0 0 3 0 3 4 4 3 0 4 3 1 4 3 2 4 1 4 0 
0 0 2 4 3 0 2 2 3 3 4 2 1 1 2 1 1 2 2 4 4 2 2 1 3 2 0 3 3 1 3 4 1 2 0 1 2 0 1 2 3 0 1 1 3 4 4 4 3 2 3 2 4 2 0 4 4 0 1 2 4 2 2 0 1 2 1 4 4 1 0 4 1 2 2 3 0 3 4 4 1 1 4 1 2 1 3 2 2 4 1 4 4 1 4 2 3 2 3 4 3 4 0 2 3 3 2 1 1 1 2 0 0 2 1 2 0 4 1 0 1 0 4 2 1 3 1 4 3 4 3 1 0 4 0 4 4 2 2 0 4 4 0 1 1 3 3 4 0 2 4 3 2 3 0 3 3 3 4 1 2 4 0 3 0 0 4 4 0 3 2 1 2 4 2 1 3 2 0 3 4 4 3 1 4 0 1 2 3 0 1 0 2 1 0 2 3 1 4 3 
4 1 4 2 0 3 0 3 1 0 3 0 1 1 4 0 1 2 4 1 0 2 2 2 0 4 4 4 3 3 4 2 1 1 1 2 4 1 2 0 3 3 3 4 4 2 1 3 1 3 1 1 0 3 3 1 0 0 0 2 3 3 1 2 0 2 4 4 4 2 1 4 3 4 2 4 1 1 1 1 3 1 2 1 3 3 0 1 3 0 3 3 0 2 0 2 1 1 1 2 4 3 2 2 4 1 1 2 0 4 3 0 2 3 1 1 1 1 4 1 3 0 4 4 2 1 1 0 3 0 3 4 0 2 1 4 3 4 4 0 1 2 0 3 0 2 1 3 0 1 1 4 1 2 0 0 4 3 2 2 3 2 1 3 4 4 0 0 0 4 0 3 3 1 2 1 0 0 4 0 1 1 1 4 3 1 4 4 0 2 3 3 4 1 4 1 0 4 1 3 
0 1 1 3 4 0 4 4 1 1 0 4 4 3 4 4 0 0 4 2 2 2 2 4 4 1 0 1 2 3 1 2 1 3 3 1 0 2 0 3 3 2 0 4 1 4 4 3 4 3 0 4 0 2 0 1 1 2 3 0 3 0 4 3 1 4 1 4 2 0 0 2 1 4 2 0 2 1 4 0 3 2 2 4 0 2 1 3 3 3 1 3 0 3 1 3 4 4 3 1 0 0 4 1 4 3 1 4 2 1 1 2 0 4 3 2 1 4 1 1 4 4 4 4 4 3 4 4 2 2 2 2 2 3 0 4 2 4 0 4 2 1 1 2 2 4 2 3 0 3 1 4 4 1 0 4 4 4 3 3 2 2 3 1 1 3 2 0 4 2 1 1 4 4 4 1 0 3 2 0 1 3 1 2 1 1 1 2 2 1 1 1 1 1 0 4 1 2 4 1 
0 2 2 4 1 3 2 1 1 1 3 4 0 4 2 3 2 0 1 1 2 4 3 3 2 3 2 3 2 3 4 2 0 2 3 1 0 3 4 4 4 4 3 1 0 2 0 4 3 3 0 2 4 0 0 1 0 4 4 3 0 4 4 2 4 3 1 2 0 4 3 4 0 2 0 2 2 2 2 3 0 2 3 2 1 1 4 2 1 0 1 1 4 2 4 0 0 2 4 3 1 2 2 3 1 2 0 0 0 4 3 2 1 4 2 2 0 3 1 1 4 0 3 0 2 4 3 0 1 2 3 4 2 2 2 0 2 3 1 4 4 4 1 1 3 0 0 3 4 2 2 0 4 2 2 1 1 0 3 2 0 3 1 4 1 0 4 0 3 0 4 3 2 0 1 2 3 3 1 2 0 0 2 1 4 1 0 0 2 3 4 4 4 0 3 2 0 2 2 1 
0 1 1 2 3 2 4 1 2 2 3 0 4 2 1 3 4 1 3 3 0 2 4 1 4 4 3 2 1 0 0 3 1 1 2 4 0 2 1 2 1 1 2 1 4 1 1 0 2 2 0 4 1 4 0 1 3 3 0 1 3 0 0 2 1 3 4 1 0 3 4 4 0 0 2 3 1 0 4 3 2 1 0 2 3 4 2 1 4 3 3 3 3 3 0 0 3 4 3 3 0 4 4 0 1 1 0 0 1 1 0 1 0 1 3 0 0 2 1 2 2 1 2 1 1 2 3 4 3 3 4 3 4 3 0 2 2 2 2 0 4 3 1 4 4 1 1 1 1 4 0 3 0 2 1 1 1 1 2 2 1 1 2 2 1 3 0 3 0 2 1 1 2 4 2 3 1 3 2 4 2 2 4 2 2 3 0 3 1 2 0 0 3 3 2 2 3 2 2 0 
2 3 4 1 3 1 0 1 2 2 2 4 1 1 4 3 1 4 2 3 2 4 3 2 4 0 4 4 0 2 2 4 2 1 0 0 4 2 3 1 4 2 1 1 4 0 1 0 1 3 0 3 0 3 1 1 1 2 1 1 1 3 0 0 4 4 2 1 3 0 0 2 1 2 3 4 3 0 1 1 1 1 1 0 1 2 3 3 3 2 1 1 4 4 3 3 0 0 4 0 2 1 2 4 1 2 0 1 2 1 2 1 3 1 3 1 3 3 1 3 0 2 4 4 3 2 4 0 4 1 3 4 2 2 0 0 0 0 2 4 2 4 2 2 0 0 3 0 3 2 3 1 4 2 2 0 1 2 2 3 3 0 2 2 0 4 3 2 4 0 1 1 4 1 0 2 1 4 2 2 3 1 3 4 0 0 4 4 4 4 2 2 4 1 0 1 0 0 3 4 
0 2 3 4 3 3 3 4 4 1 1 2 4 1 2 4 4 3 3 3 2 2 1 4 0 3 0 0 3 4 2 3 1 0 4 4 0 0 0 0 1 4 4 0 0 1 1 1 2 2 0 4 4 3 3 0 1 1 2 1 2 4 1 0 3 1 2 4 4 2 1 1 0 0 0 0 3 4 4 1 1 1 1 0 2 4 1 2 2 4 2 0 1 1 1 1 0 1 2 4 3 3 0 4 1 2 1 1 1 2 2 4 3 1 2 1 0 0 0 0 4 2 0 0 1 4 3 3 0 0 2 0 0 4 1 1 3 0 4 2 2 4 1 1 0 0 4 2 0 1 2 4 4 0 1 2 1 4 0 3 4 4 3 2 0 2 3 0 2 0 2 4 4 1 2 1 1 3 3 2 0 3 1 1 3 0 3 4 4 0 2 1 4 2 3 1 4 3 1 3 
0 1 0 1 2 2 2 3 1 1 0 1 1 4 4 4 4 2 0 0 2 4 3 3 3 1 1 0 2 4 3 4 0 3 1 2 3 3 1 1 1 1 4 2 0 3 3 1 0 0 2 4 4 0 4 0 4 2 0 3 1 0 2 2 0 1 3 4 1 4 2 2 0 4 1 0 1 4 3 0 1 4 4 2 0 4 3 2 0 0 2 0 1 0 0 0 3 0 0 4 4 4 1 2 3 4 2 2 0 2 4 3 1 3 0 4 4 0 3 0 0 1 2 3 3 2 4 1 3 1 0 2 0 3 4 1 4 3 0 4 1 4 2 4 2 4 0 1 4 4 3 1 2 3 4 0 0 0 3 0 1 0 3 4 3 4 0 2 0 2 3 1 3 0 0 0 1 1 3 2 2 4 3 4 2 4 4 4 0 4 0 3 4 0 2 2 4 4 1 1 
3 4 2 1 1 0 3 4 3 2 1 0 3 1 4 2 0 0 1 2 4 1 1 3 1 0 2 3 2 3 4 0 4 4 2 2 4 0 1 4 4 2 1 4 3 0 1 0 2 3 3 3 1 1 1 3 1 0 3 3 0 4 1 4 3 0 3 3 4 0 4 3 2 3 1 1 3 1 3 3 0 3 3 3 4 4 1 4 1 1 4 1 1 4 2 2 4 2 0 4 3 4 4 0 4 1 3 2 4 3 1 0 1 4 0 3 1 2 4 2 3 4 0 2 0 3 4 4 0 0 3 0 1 0 2 1 1 1 0 2 1 1 4 0 3 0 3 1 2 4 0 2 3 0 4 3 3 4 0 1 1 3 3 4 0 1 2 1 4 3 1 0 1 0 0 1 0 0 2 4 0 2 2 0 3 3 1 3 4 1 1 0 1 0 2 2 3 4 0 2 
4 1 4 1 2 2 4 4 2 2 1 4 1 0 0 1 3 3 2 3 4 3 0 0 0 4 2 0 4 0 2 3 1 4 1 0 1 1 2 3 0 3 0 1 0 2 0 3 0 2 3 4 2 1 1 3 0 1 3 1 1 3 2 4 4 3 0 2 0 1 4 0 3 4 0 2 4 2 2 4 4 1 0 0 3 1 2 3 3 0 4 0 3 4 2 4 3 2 1 3 1 0 0 4 1 1 3 2 0 0 2 0 1 4 0 2 2 4 0 0 1 1 2 4 0 1 4 3 1 2 3 2 3 4 3 1 2 4 4 2 4 3 2 3 2 0 2 4 1 2 1 3 1 1 4 1 2 0 2 3 3 0 2 3 4 3 4 1 2 3 1 3 1 0 3 3 0 0 4 2 0 3 2 1 4 1 2 1 2 1 2 0 2 1 0 3 1 4 2 3 
0 3 4 1 3 2 2 1 3 3 0 0 1 4 1 0 0 0 4 4 2 3 4 1 1 1 4 3 1 3 3 1 1 2 4 2 2 1 0 2 2 2 2 3 1 0 1 1 0 2 1 4 2 2 2 3 4 4 1 2 2 2 3 4 4 4 3 0 1 1 0 3 0 2 2 3 3 2 1 1 3 3 4 4 0 4 2 4 3 1 2 2 3 4 2 4 1 1 4 4 4 4 0 4 1 2 3 1 0 1 3 3 0 4 4 2 3 1 3 3 4 3 0 3 4 2 4 0 4 1 2 3 0 2 0 4 4 0 0 4 1 0 4 3 2 4 1 0 2 4 4 4 4 4 4 4 4 3 1 3 4 3 3 2 0 3 1 0 3 3 1 2 1 3 0 3 4 1 0 3 3 1 2 4 1 1 3 2 0 0 2 1 3 0 0 1 1 1 3 1 
2 4 3 0 4 1 0 3 4 0 2 4 2 4 4 0 1 2 2 3 4 4 1 3 1 2 1 4 0 4 1 4 0 1 4 0 2 4 0 2 2 2 1 4 4 0 1 2 0 0 2 4 1 3 4 2 2 2 2 3 1 0 4 4 1 4 4 1 0 0 4 3 2 4 1 3 3 4 4 2 4 4 4 0 0 2 2 0 2 4 4 2 1 4 1 2 2 0 1 3 1 2 1 0 3 0 4 3 4 3 0 0 0 4 0 2 4 4 4 1 4 3 0 2 4 1 4 2 4 2 0 2 1 4 2 0 4 1 3 3 2 1 0 2 0 0 1 1 0 1 4 1 1 4 3 1 3 4 3 2 1 0 1 2 4 3 4 0 2 0 0 4 1 0 3 1 1 1 0 3 2 4 1 4 1 1 0 4 0 0 3 3 0 4 2 2 4 2 2 1 
2 3 2 0 3 2 3 1 4 3 1 3 3 2 2 4 3 4 0 0 1 3 0 4 2 3 1 1 2 3 0 1 3 4 1 2 2 4 3 3 3 2 1 3 4 1 4 0 2 4 0 4 2 1 3 1 1 4 4 3 4 4 1 3 4 2 2 3 3 0 0 1 3 2 2 3 4 3 2 4 3 1 1 2 0 4 2 1 0 3 3 0 2 2 1 2 3 0 4 1 1 2 2 4 1 2 3 0 2 2 1 0 1 0 4 1 1 1 0 2 4 3 4 4 2 3 1 1 0 3 4 1 0 2 3 1 4 3 4 1 0 2 4 1 2 3 0 4 0 2 3 1 2 4 0 1 2 4 2 0 2 2 3 2 1 1 0 2 1 4 0 2 2 4 0 1 3 2 2 0 4 0 1 3 2 4 0 1 3 4 1 0 3 0 4 4 3 4 1 0 
1 4 4 3 3 4 4 3 4 2 0 3 4 2 4 1 3 4 3 1 3 1 3 2 3 2 3 2 3 2 4 4 1 3 4 1 4 4 2 3 3 2 4 4 1 3 3 4 4 3 2 4 4 0 3 0 4 2 2 0 1 1 4 4 1 4 0 0 0 2 0 4 0 2 0 4 0 0 4 0 4 4 4 0 1 0 4 1 1 3 3 1 4 1 1 0 2 2 0 4 2 0 0 2 4 0 3 4 0 0 1 1 4 1 2 0 3 3 1 4 1 1 3 2 4 1 2 1 3 4 1 2 1 1 1 0 4 4 0 4 1 3 3 1 4 0 3 2 3 2 4 1 3 2 0 3 3 4 1 3 3 4 0 2 1 1 2 2 2 4 3 4 3 1 2 2 3 2 2 3 4 1 4 3 0 1 3 3 0 4 3 1 1 3 3 2 1 2 1 0 
2 4 1 2 1 3 1 4 1 3 3 2 1 4 2 1 3 0 4 3 2 4 1 3 4 1 2 0 4 3 1 3 4 2 0 0 3 1 2 1 2 0 3 3 1 1 0 4 3 1 0 2 1 1 2 0 0 1 3 4 4 1 2 4 3 4 1 3 2 3 4 0 4 0 0 0 4 3 0 0 1 3 0 1 4 4 3 2 4 0 2 0 1 3 2 2 1 1 4 2 3 4 3 0 2 3 0 1 1 2 1 0 0 4 1 2 0 1 1 4 1 3 4 0 1 3 2 4 1 3 1 1 0 2 1 2 0 3 3 4 0 1 1 1 2 4 0 2 0 1 3 4 4 4 4 2 2 3 1 3 2 0 2 2 2 0 1 4 4 1 3 1 2 1 4 2 0 4 4 3 0 3 4 1 2 3 0 2 3 2 2 2 4 4 1 3 0 2 2 1 
3 3 2 3 1 2 0 2 3 1 2 1 1 1 4 1 1 0 3 4 4 2 2 3 2 3 1 4 3 0 2 1 0 4 1 2 3 3 1 4 0 3 0 1 4 4 2 0 4 2 1 3 0 3 3 4 4 1 0 4 2 4 0 4 0 4 1 4 2 2 3 2 0 2 0 1 1 4 0 3 1 3 0 1 0 0 0 1 1 1 3 0 0 2 3 2 2 2 3 3 4 3 3 4 0 3 0 2 0 0 2 3 0 2 4 2 0 4 0 1 3 3 4 0 2 2 2 0 1 3 0 2 1 4 1 3 4 3 2 1 4 0 1 1 4 1 4 4 2 4 3 2 0 2 3 2 4 2 4 2 2 0 4 3 1 1 2 2 4 1 1 0 1 2 4 1 0 0 2 3 1 0 0 1 2 0 1 3 0 0 0 2 2 2 3 0 3 2 3 4 
3 1 2 0 0 1 3 1 1 0 4 2 3 1 1 0 4 2 1 1 4 3 3 2 0 1 4 0 0 4 0 4 0 2 1 1 0 4 2 3 1 3 0 4 1 3 2 0 2 0 3 2 3 2 1 1 0 0 1 1 0 1 2 2 0 3 3 0 4 2 3 2 2 0 1 4 4 1 3 1 4 3 0 1 3 4 4 4 4 4 1 2 1 2 4 4 0 2 4 2 1 2 3 1 1 4 0 0 2 3 4 1 1 1 4 4 0 3 4 1 0 0 4 1 4 3 2 1 3 2 4 1 1 2 2 2 3 2 0 0 2 1 2 3 2 3 0 2 2 1 0 2 3 4 0 4 0 3 1 3 2 0 4 3 4 2 2 2 1 2 4 4 3 3 4 2 2 4 1 4 0 2 3 0 3 0 0 3 0 1 1 2 3 1 0 2 0 0 4 1 
2 3 2 3 2 2 2 4 3 4 0 4 3 0 1 1 0 1 0 3 2 3 0 0 1 3 4 1 3 3 0 2 4 2 2 3 1 0 4 0 1 1 1 4 1 2 0 3 4 2 1 3 1 2 1 2 2 0 1 0 1 1 2 2 0 0 0 4 2 1 4 3 2 0 0 2 3 2 4 3 3 2 2 4 0 1 2 4 3 4 0 3 0 3 2 4 1 4 1 0 1 2 4 4 4 1 3 4 0 3 0 4 2 2 0 4 3 2 3 1 3 4 1 4 4 3 0 0 0 2 0 1 4 1 3 1 2 1 0 3 1 0 4 3 4 4 2 2 3 3 3 1 4 4 2 3 0 3 4 0 2 1 3 1 3 1 4 2 0 0 0 1 2 4 2 2 0 4 1 3 4 0 2 3 1 4 2 3 4 3 3 1 4 4 0 4 0 4 4 0 
1 4 4 1 1 1 3 3 2 4 4 2 1 1 0 0 0 2 3 0 0 4 3 2 3 3 3 0 3 2 3 4 4 2 0 0 0 0 0 2 2 4 4 0 0 0 0 3 4 1 3 2 0 3 1 0 2 4 2 0 4 2 1 3 1 2 0 1 4 0 4 3 0 3 4 0 0 0 4 0 2 2 0 4 4 4 0 1 1 1 4 3 0 1 4 3 3 3 3 1 3 4 0 1 1 1 2 3 1 4 4 3 1 4 4 1 3 4 2 1 1 3 4 3 2 4 2 2 4 0 3 4 1 4 1 4 0 0 3 3 4 4 4 1 0 3 4 1 0 3 2 3 2 2 1 4 3 3 1 2 1 1 4 4 0 0 4 2 2 4 3 2 0 2 3 0 2 4 1 2 2 4 0 4 3 2 0 3 2 3 2 3 0 1 0 2 3 4 2 1 
0 0 3 0 4 3 2 1 2 4 1 4 0 1 1 0 0 1 3 3 0 2 3 2 1 3 4 4 4 3 2 4 3 0 1 4 0 4 3 4 0 4 1 0 2 2 2 0 0 2 3 2 4 3 1 0 2 1 2 1 1 4 3 2 2 1 1 2 0 4 4 0 0 0 2 0 0 4 1 0 1 3 0 1 0 3 2 0 2 3 4 1 2 4 4 4 3 0 0 2 3 2 1 0 4 3 3 4 4 1 4 1 0 1 2 0 0 4 2 4 0 2 0 2 3 1 1 1 4 3 3 2 2 0 2 2 0 2 1 0 4 3 3 1 4 0 1 4 1 0 1 3 2 1 2 0 3 0 3 2 4 2 1 1 4 0 0 1 0 2 1 1 0 4 2 1 1 0 1 0 0 4 3 0 0 1 2 0 3 1 4 2 0 0 1 4 3 1 0 0 
0 4 1 2 0 0 4 2 2 2 4 2 1 2 4 1 0 2 2 4 3 1 3 3 4 1 4 4 3 1 4 0 2 0 3 3 2 2 2 4 4 1 3 0 0 3 3 1 0 2 2 0 1 0 0 0 2 1 4 2 2 3 2 2 0 0 0 2 4 4 3 3 0 1 0 0 4 0 4 3 1 1 0 1 2 1 1 4 0 4 0 2 4 0 4 1 0 2 1 4 1 0 2 0 2 4 2 2 0 3 1 2 2 3 3 4 4 2 1 4 1 1 3 0 4 0 3 4 2 4 4 3 1 3 0 0 2 0 0 0 3 3 2 0 1 2 2 3 1 3 4 3 1 3 0 0 3 4 2 0 0 3 0 4 1 3 4 1 3 1 1 1 4 0 2 1 2 1 4 4 4 3 4 2 3 1 3 1 2 2 3 3 0 4 4 1 4 0 4 2 
2 0 0 3 2 4 4 0 0 0 1 1 1 0 4 4 3 4 1 1 1 4 1 1 0 0 4 4 2 4 3 4 1 4 3 4 3 4 4 1 0 2 2 1 2 1 2 0 0 3 3 3 0 4 4 2 4 4 4 2 0 2 3 1 3 3 0 4 3 1 0 0 3 2 3 2 1 0 0 0 1 1 3 0 1 3 1 0 4 2 4 3 2 4 2 4 4 2 1 3 0 0 0 0 3 0 0 3 1 1 3 4 2 3 1 0 1 3 2 3 2 4 1 0 3 0 1 4 0 4 0 0 4 0 3 3 0 3 3 3 1 1 3 0 4 1 2 3 1 0 3 4 4 1 4 4 4 2 3 4 1 3 4 1 1 4 1 1 0 4 2 1 2 0 2 3 1 4 1 3 1 1 4 0 3 0 1 2 2 0 1 0 0 2 1 1 2 4 0 4 
0 2 0 2 4 4 1 2 1 4 2 2 1 1 0 1 1 1 3 0 3 1 1 1 3 4 4 2 4 4 1 4 3 4 2 2 3 0 2 1 1 4 4 2 1 1 0 4 4 3 0 3 1 1 4 2 0 3 4 4 0 3 1 3 4 0 3 4 0 0 1 1 4 2 1 2 3 1 2 0 2 2 4 2 3 0 3 0 2 4 2 4 4 2 0 4 1 0 4 0 2 1 3 3 1 0 1 0 0 3 4 0 0 3 4 3 0 3 1 3 2 0 4 3 2 4 2 3 1 4 0 0 0 4 3 3 1 0 4 4 0 3 4 0 4 0 0 4 3 1 2 2 1 3 0 0 2 0 0 0 4 1 0 1 2 1 0 3 3 1 4 3 1 0 3 0 1 0 0 4 4 4 4 2 3 1 3 2 1 3 0 2 1 0 4 3 3 4 4 1 
2 3 4 3 4 4 4 0 2 4 1 1 0 2 3 0 4 3 3 0 4 3 0 0 0 4 4 4 0 3 2 2 1 2 2 2 3 1 2 0 2 1 3 3 3 2 3 2 2 3 0 1 1 0 2 4 1 3 3 3 1 2 2 4 1 4 2 0 1 1 2 0 4 1 0 0 0 4 2 2 0 4 4 4 3 4 3 2 2 1 2 0 4 4 4 3 1 4 2 3 2 1 0 4 2 1 0 2 3 4 2 1 0 1 2 3 1 2 0 0 3 4 3 2 4 2 2 2 3 2 0 2 0 0 2 4 4 2 2 2 3 4 0 3 0 4 2 3 1 4 4 1 4 4 0 0 1 0 2 2 4 4 4 4 1 3 0 0 0 2 0 0 3 2 4 4 4 3 4 0 4 0 4 0 4 4 0 3 1 4 0 0 3 1 1 0 0 2 2 2 
4 4 3 3 4 4 4 3 2 3 0 3 4 4 4 3 1 1 3 2 3 3 3 3 0 4 0 2 1 0 4 3 4 2 3 0 1 2 3 0 2 4 1 3 3 0 4 1 3 2 4 1 1 2 2 3 3 2 0 2 2 1 0 4 4 0 4 2 2 3 0 1 2 1 0 2 3 4 1 1 1 0 0 0 4 2 2 2 2 1 4 4 4 1 4 3 2 4 2 4 3 0 4 2 4 2 2 4 0 1 0 4 4 2 1 4 1 0 3 3 1 3 3 2 1 4 0 3 1 0 4 1 2 1 3 4 3 0 0 1 3 0 2 3 4 3 4 0 0 2 3 3 2 1 1 0 3 3 3 4 3 0 0 1 1 4 0 1 4 0 2 0 2 1 3 1 4 2 3 1 1 1 0 4 0 1 4 3 4 0 2 3 0 4 1 3 3 3 4 0 
0 4 0 2 0 0 0 2 2 3 3 0 1 3 4 1 1 1 4 1 1 3 1 3 3 4 1 3 2 2 3 2 3 0 1 4 2 3 1 1 1 1 2 2 2 1 1 3 4 0 4 2 4 2 0 4 1 3 2 0 3 3 2 1 0 0 0 3 3 3 4 4 2 1 4 4 0 0 2 1 2 4 0 4 3 1 4 2 0 0 2 0 3 0 0 4 0 0 2 0 4 0 2 0 4 0 4 3 2 1 1 4 4 2 3 2 3 4 2 0 4 4 3 2 4 0 4 1 0 1 4 1 3 1 2 3 1 3 1 4 2 4 3 3 1 1 0 2 2 2 4 2 3 2 1 2 4 2 1 0 3 0 3 4 1 2 2 2 3 0 3 0 2 1 3 3 4 0 2 2 0 2 1 3 1 4 3 1 2 4 1 2 1 1 1 2 4 0 1 4 
3 0 4 0 3 4 0 3 4 3 2 4 0 3 0 1 4 3 2 1 2 0 4 0 4 2 2 0 3 0 4 3 0 3 3 1 2 3 4 3 1 3 0 3 3 0 2 2 3 1 1 2 2 2 2 3 4 1 3 4 1 2 2 4 0 2 0 4 1 1 4 4 4 4 0 4 1 2 1 4 3 2 3 0 2 4 2 0 1 0 3 0 4 0 0 0 2 2 2 3 0 3 3 0 4 4 0 0 1 4 1 2 2 1 3 0 2 0 2 3 3 1 1 2 3 1 4 3 3 1 1 1 1 4 1 2 1 3 2 2 2 0 4 1 1 2 3 4 0 1 4 3 4 0 2 2 3 1 0 4 2 4 0 0 0 1 2 1 1 1 3 0 1 0 1 3 2 0 4 2 3 0 2 2 1 4 1 4 2 4 3 1 3 0 1 3 3 0 2 4 
1 0 1 3 0 3 3 0 0 2 4 0 4 2 2 0 3 3 2 3 4 2 4 2 3 3 3 1 3 0 3 0 2 4 0 0 2 3 0 4 2 4 4 1 3 3 4 4 4 1 2 3 0 1 3 3 1 1 0 0 3 0 2 2 4 2 2 4 2 4 3 4 1 0 2 4 3 1 0 4 4 2 3 0 0 1 3 3 2 4 0 2 4 0 1 1 0 3 1 1 0 0 4 1 3 1 4 3 2 0 0 1 0 3 1 2 4 4 0 1 0 3 1 4 3 2 3 0 3 4 1 0 1 3 2 0 1 3 0 3 0 0 0 2 3 3 4 2 3 0 1 3 3 4 0 3 1 3 1 1 2 2 2 3 2 1 3 4 4 0 2 1 1 4 4 4 3 3 4 3 0 2 1 0 1 1 4 4 1 2 1 0 4 0 4 4 1 4 3 2 
0 2 3 3 2 2 2 2 3 3 0 3 0 3 1 1 2 2 3 0 4 4 1 0 4 2 4 2 3 2 4 0 0 4 3 4 2 1 3 2 4 0 0 2 3 3 3 2 0 3 3 4 2 4 0 3 3 4 2 1 4 3 2 4 3 0 0 0 3 3 2 3 3 4 2 3 3 0 3 3 4 1 0 3 2 0 2 4 0 1 1 3 2 0 0 3 0 1 3 0 4 3 4 4 1 0 1 2 0 4 0 1 0 3 1 0 2 3 4 4 1 3 2 4 0 0 2 0 1 3 2 2 1 3 4 0 3 2 2 1 1 4 2 3 4 0 4 1 0 0 2 1 3 4 2 3 1 2 0 2 0 2 2 3 0 1 3 1 0 2 2 2 3 1 0 2 1 1 0 1 2 2 4 2 4 4 3 0 3 3 0 3 1 4 3 3 2 4 1 2 
1 3 1 2 1 4 1 2 0 2 0 4 1 2 2 2 3 0 0 1 0 2 1 3 1 4 2 0 3 3 2 2 4 4 1 2 3 2 0 0 4 2 0 3 1 4 0 1 1 0 2 1 2 0 0 0 2 4 0 2 4 0 4 0 4 0 3 4 3 0 1 4 4 3 2 1 2 3 2 0 0 2 2 0 2 4 0 0 4 3 3 2 4 3 3 0 4 1 3 0 1 0 1 0 4 0 0 0 4 0 0 0 0 4 4 2 1 0 0 3 0 3 2 4 3 2 1 2 3 1 2 1 1 0 2 1 0 4 3 2 4 0 4 1 4 0 4 3 0 4 1 0 2 0 1 0 4 3 4 3 4 1 1 1 1 0 4 4 4 2 3 3 3 2 0 4 2 4 2 4 0 0 4 2 0 2 4 0 0 3 0 0 1 1 3 4 2 4 0 3 
3 3 2 3 2 4 3 1 0 0 0 0 1 1 4 1 4 3 3 4 3 0 1 1 2 1 0 1 2 1 4 1 4 3 4 2 4 2 0 4 3 1 1 1 2 0 4 3 0 3 0 0 0 3 1 4 0 2 0 2 0 2 0 4 2 0 3 2 4 4 3 4 2 2 0 1 2 0 0 0 0 0 2 0 3 4 0 0 0 3 2 0 3 1 0 4 1 0 3 3 2 4 3 1 1 0 2 2 0 4 2 2 4 4 4 1 0 3 1 0 3 1 2 1 2 3 1 3 0 1 3 2 0 4 4 3 1 3 0 1 2 0 0 1 1 0 4 1 0 1 4 4 4 1 2 1 1 0 2 4 1 2 1 3 1 2 1 3 0 4 1 4 1 2 2 2 4 2 1 1 0 2 0 4 0 0 2 2 0 4 1 2 2 4 2 0 2 4 0 4 
0 2 4 1 1 1 0 2 3 3 3 3 0 1 4 3 1 2 0 3 3 3 0 2 4 0 3 3 1 3 3 1 2 4 4 0 0 4 2 1 3 1 1 0 4 1 3 0 3 0 3 1 0 1 4 0 3 4 3 4 4 1 0 4 0 4 4 3 0 4 4 0 2 0 1 1 3 4 3 1 2 3 0 2 4 1 2 2 0 2 1 1 1 4 3 2 2 4 2 0 0 3 1 0 0 3 1 1 2 3 4 0 0 2 2 2 4 0 2 3 2 0 2 1 4 2 3 1 2 2 3 2 0 4 4 0 0 1 3 4 1 4 4 3 4 4 2 3 4 4 3 4 4 2 0 1 0 0 4 2 3 3 1 3 4 0 1 4 3 4 3 4 4 0 4 3 4 2 3 0 3 3 4 0 1 4 1 1 0 2 0 0 0 1 3 0 1 1 1 0 
1 2 1 2 4 3 2 3 2 0 0 0 0 0 2 1 1 0 4 3 3 4 3 0 0 4 0 4 0 4 1 3 3 2 0 2 2 2 2 4 4 2 2 0 2 1 3 4 2 3 4 2 2 3 2 0 2 0 4 4 4 0 3 4 4 3 1 2 3 3 3 4 0 0 4 0 4 0 1 1 3 0 3 2 3 2 4 2 2 0 0 2 3 0 0 2 2 0 3 1 0 3 4 0 1 2 1 1 1 1 2 4 1 4 4 1 3 1 0 2 1 3 4 4 3 1 2 2 4 2 3 4 3 0 4 4 4 1 0 2 4 4 3 1 3 2 2 3 0 4 3 1 2 2 3 3 1 0 2 0 4 1 1 2 3 1 1 4 4 3 3 3 2 1 4 3 0 3 3 0 0 1 4 4 1 2 2 2 4 0 4 0 3 0 3 3 3 1 4 4 
2 2 3 1 3 4 4 3 0 0 0 0 1 1 1 2 3 4 1 4 1 2 0 1 0 0 1 3 3 0 0 0 2 3 2 2 4 3 0 4 3 2 1 0 4 3 4 4 4 3 4 2 0 4 0 0 1 1 1 4 1 1 0 0 1 4 2 2 2 4 4 1 1 0 3 2 0 4 2 1 2 1 3 0 2 3 0 3 4 3 0 2 2 1 4 4 4 3 1 2 1 2 1 4 4 3 2 3 4 3 0 2 1 1 1 1 0 1 3 3 1 4 3 0 2 2 0 2 1 3 1 2 1 2 1 2 2 0 0 1 3 1 4 1 4 2 4 0 3 0 0 1 1 3 2 3 1 4 0 2 2 1 1 3 0 4 0 3 1 3 1 1 4 2 3 0 4 4 2 0 4 3 1 0 1 0 1 4 4 1 1 4 0 4 2 0 0 0 0 1 
0 2 0 4 4 0 1 1 4 4 1 1 4 2 3 0 3 4 0 4 3 3 3 3 0 3 0 2 0 1 4 0 3 1 1 4 1 2 0 2 3 1 3 2 1 4 0 1 3 0 0 3 0 1 1 2 4 4 0 4 0 1 1 0 2 2 1 0 4 2 2 0 0 1 2 1 0 2 2 0 4 0 4 2 1 2 4 2 3 1 3 0 3 2 4 0 1 1 4 1 2 1 4 2 3 2 2 2 4 4 1 4 1 1 0 0 4 0 4 1 3 1 4 4 0 3 1 2 1 0 3 1 3 2 3 2 4 2 1 3 4 2 0 0 1 2 0 0 2 1 4 1 4 0 0 0 4 1 4 2 2 2 3 2 2 4 4 3 1 2 4 0 0 1 2 1 3 2 3 1 1 2 4 0 3 4 2 4 2 3 3 1 3 2 4 0 3 0 0 4 
3 1 2 0 2 4 1 1 4 4 2 0 4 1 2 2 2 2 3 1 0 1 0 3 3 4 0 1 1 3 3 1 4 0 1 2 4 4 3 0 1 2 0 0 0 0 4 2 2 4 0 4 0 0 3 1 1 0 4 3 3 2 1 3 4 3 0 1 4 0 1 0 2 4 2 2 4 3 1 3 2 3 2 3 4 0 4 0 3 0 0 1 0 3 2 1 4 2 3 0 3 3 2 4 2 1 3 4 0 2 2 3 4 1 2 2 2 0 3 4 3 4 0 4 4 4 3 3 3 1 4 1 0 1 2 2 4 1 4 4 3 3 4 4 1 1 2 3 3 2 0 1 1 2 3 2 1 1 1 1 2 0 4 4 3 2 2 2 0 3 3 0 1 4 4 0 2 3 3 1 3 3 2 1 2 0 4 3 3 0 1 1 2 1 0 0 0 4 2 2 
2 2 4 1 1 0 1 0 4 1 1 4 2 1 0 4 1 4 0 2 4 1 3 1 4 0 3 1 2 2 0 4 4 4 2 2 0 3 3 1 2 4 0 4 0 0 0 4 0 0 1 1 4 1 0 3 3 3 2 0 1 2 0 0 4 4 0 4 0 3 0 2 4 2 3 0 2 3 1 4 4 4 1 3 2 3 3 0 1 0 1 2 0 0 3 0 4 2 0 0 2 0 0 1 4 2 4 1 1 3 2 1 4 3 4 2 0 2 2 1 3 0 2 3 0 0 0 1 2 2 1 2 2 3 3 1 2 0 3 3 3 2 1 4 1 0 1 1 4 0 2 0 0 4 3 2 1 0 3 1 2 1 3 4 4 3 2 1 3 2 2 3 0 3 2 1 1 0 2 2 1 2 2 3 3 2 1 0 2 1 1 1 3 1 2 4 4 0 3 0 
2 0 3 4 0 1 0 3 3 0 1 4 4 3 3 2 1 1 2 0 2 0 2 0 1 4 0 3 1 3 3 1 0 1 0 2 4 3 1 0 0 2 1 4 2 4 1 0 2 1 1 0 1 0 2 0 1 2 3 3 2 1 1 4 4 1 2 1 1 3 1 1 2 2 0 4 4 4 2 1 0 0 3 3 0 1 3 1 3 1 1 3 4 4 0 2 1 1 4 2 4 4 0 1 1 4 1 3 3 2 0 2 2 0 0 1 2 1 4 0 2 3 4 2 2 3 4 3 4 1 2 1 2 2 2 1 4 0 1 4 3 3 1 0 0 4 3 2 2 0 2 4 0 1 1 4 2 3 0 1 1 2 4 0 2 1 1 1 2 2 0 2 0 4 4 0 3 3 4 0 0 2 2 0 0 0 4 2 0 4 1 1 4 0 2 1 4 0 4 3 
3 1 0 0 0 4 3 0 4 2 3 1 1 2 1 4 2 3 3 3 2 1 1 3 2 0 4 3 3 0 1 3 2 1 3 4 2 3 2 4 1 2 0 2 4 4 3 3 2 2 3 1 3 2 0 2 2 1 0 2 2 3 0 1 4 1 2 4 4 4 3 0 3 0 0 2 4 3 3 1 2 1 3 1 3 0 3 3 1 1 0 3 4 3 1 0 1 4 4 0 3 0 0 4 1 2 1 3 2 1 3 0 4 0 0 0 0 0 0 0 2 1 3 2 1 1 4 4 0 0 1 3 2 3 4 3 0 0 4 4 2 2 0 3 4 0 3 0 3 0 2 0 2 0 4 0 1 3 4 1 0 0 0 3 0 4 3 0 2 2 0 4 2 0 2 1 2 2 3 0 2 1 2 1 1 2 3 3 2 2 4 3 4 1 3 4 1 3 2 3 
3 2 4 0 4 3 3 3 2 2 4 4 3 1 3 1 0 1 1 3 1 1 3 2 4 3 4 0 1 1 0 4 0 1 1 4 4 0 2 3 2 3 0 2 2 3 0 4 4 2 2 2 0 2 0 4 0 1 2 4 4 2 0 4 1 2 0 2 4 4 1 3 0 1 2 2 4 2 1 0 4 1 0 4 3 2 1 1 3 3 2 2 2 2 3 3 0 1 3 1 0 4 4 3 4 0 0 3 1 0 2 3 4 3 3 1 3 0 4 1 0 2 3 4 4 3 2 0 4 2 3 2 2 2 0 1 4 3 2 0 3 4 3 4 4 4 2 4 1 1 3 2 0 1 1 0 1 1 0 3 3 0 0 0 2 2 4 1 0 3 3 0 2 3 2 3 2 4 2 1 3 0 3 3 4 1 0 0 4 2 3 3 2 0 0 4 3 1 2 0 
4 0 1 3 4 0 1 3 1 1 4 4 1 4 0 2 3 0 0 2 3 0 2 2 1 3 4 4 1 1 1 1 4 4 1 3 4 3 3 1 4 0 2 2 4 2 2 2 0 2 2 0 2 4 2 0 4 1 1 1 0 3 4 4 2 0 4 2 0 2 0 1 2 2 4 4 2 3 3 4 0 0 4 4 2 3 2 1 2 3 2 2 1 1 3 1 4 0 2 0 4 1 0 3 1 4 4 0 3 2 3 2 2 1 3 3 3 2 0 4 1 4 4 3 2 2 3 0 1 0 0 3 3 2 1 4 4 0 4 2 4 0 2 3 1 2 1 4 1 2 0 2 3 4 0 2 2 0 3 3 0 0 3 4 0 1 0 4 3 0 3 2 0 2 0 3 0 2 2 1 1 4 4 1 4 1 0 1 2 0 1 4 1 0 0 1 1 1 2 0 
3 0 4 0 0 0 3 0 4 2 3 2 1 2 0 0 1 0 3 0 1 0 4 4 0 2 0 3 3 4 0 3 1 0 3 1 0 3 1 1 0 2 3 3 1 3 1 2 0 4 4 1 4 4 0 1 3 2 0 1 1 0 1 0 2 4 1 4 2 0 0 4 2 0 2 3 0 3 3 1 3 2 2 4 3 0 1 1 2 3 4 1 0 0 1 3 4 2 0 2 3 4 0 2 1 0 0 2 1 0 0 2 0 4 1 0 3 1 1 4 1 1 1 2 1 1 0 1 3 4 4 1 4 1 1 2 1 1 1 4 3 1 3 4 3 0 4 1 3 2 2 4 3 0 3 1 2 3 3 2 0 2 0 1 0 1 3 3 4 0 3 3 3 3 2 3 3 1 4 2 3 4 3 3 4 2 4 3 2 2 2 2 1 3 3 1 4 4 0 4 
1 0 2 4 3 4 0 4 2 1 1 2 0 1 0 2 3 4 2 1 4 0 0 0 3 1 4 4 0 4 3 1 1 2 2 4 3 2 3 0 4 1 2 1 3 2 0 1 4 3 4 3 0 0 0 0 1 4 4 3 0 0 1 1 4 3 1 3 3 1 0 4 3 0 0 1 4 3 4 3 3 1 3 3 3 4 0 1 0 1 4 1 3 0 2 3 0 0 3 0 0 2 0 4 2 0 2 3 0 0 4 0 0 0 1 0 3 0 0 1 2 1 0 3 2 2 3 2 3 3 2 0 2 2 0 4 0 4 4 0 1 4 2 1 1 3 1 2 0 3 3 3 1 1 3 3 3 1 0 3 2 2 4 4 2 1 1 2 0 0 4 1 1 1 4 0 0 2 2 0 0 2 3 1 3 2 0 2 0 2 0 2 2 1 4 4 4 2 1 4 
4 0 2 1 1 3 1 3 0 0 4 0 2 4 2 1 3 4 0 1 1 2 0 3 4 4 4 3 3 0 0 3 2 4 4 1 3 2 4 3 2 0 1 1 2 3 2 2 4 2 3 0 0 4 1 1 0 0 1 4 3 1 2 0 1 1 1 1 0 3 1 4 0 2 0 2 2 0 0 1 4 0 4 1 4 0 2 0 2 4 4 0 2 1 3 0 4 1 1 1 0 1 3 0 2 2 2 1 0 2 3 1 2 4 0 3 3 2 3 0 0 4 4 2 1 2 2 2 3 4 0 4 0 0 1 4 3 4 1 3 3 4 1 0 3 2 1 4 1 1 4 1 0 1 1 1 3 3 0 4 4 3 3 0 3 2 1 3 1 2 1 4 4 3 2 4 2 0 3 3 1 0 2 1 1 3 2 1 3 0 2 3 3 1 0 1 0 1 0 1 
1 3 2 0 3 4 4 0 4 0 1 0 0 0 3 3 0 1 1 3 1 4 3 4 2 3 2 2 2 4 0 3 3 2 0 3 4 4 1 0 1 2 1 3 2 4 1 2 2 0 2 0 4 1 1 3 1 1 2 3 0 2 3 0 1 3 4 0 0 0 1 1 4 4 0 3 0 3 2 3 3 1 0 4 4 2 4 1 3 1 1 3 0 2 1 2 0 0 2 2 2 0 3 4 3 2 1 1 3 4 0 3 0 1 3 1 1 2 3 4 0 4 2 1 2 4 2 4 2 4 1 4 1 2 3 4 1 1 2 1 1 2 1 3 0 0 1 3 4 4 2 0 1 0 3 0 4 0 4 1 4 2 3 2 4 1 1 3 3 0 4 1 2 3 1 4 0 4 3 4 1 2 4 4 2 2 4 4 4 3 2 0 0 0 2 2 4 0 0 4 
0 1 2 4 4 3 1 4 2 4 1 0 1 0 4 1 0 3 2 1 1 4 2 4 0 1 1 1 4 3 0 4 1 2 1 3 2 2 4 1 1 0 2 4 3 1 2 0 0 4 1 3 4 0 2 1 4 0 2 3 3 4 2 2 1 0 0 3 2 4 4 0 2 1 0 0 3 4 0 0 4 3 3 0 4 3 3 3 3 0 1 4 1 0 1 2 1 3 2 3 4 1 0 4 1 0 1 1 0 0 3 0 1 2 0 1 1 3 4 1 2 1 4 3 2 4 4 1 2 4 3 3 3 0 4 0 2 2 3 2 4 2 2 1 1 2 4 4 3 1 0 2 4 1 0 4 2 1 0 0 0 4 0 3 1 4 0 3 1 1 0 0 0 4 3 1 3 0 0 1 1 2 3 0 3 3 1 0 4 2 2 1 3 2 0 1 1 2 4 4 
3 1 2 3 2 0 1 0 2 1 2 3 0 2 1 3 3 2 1 4 1 3 1 4 3 3 0 1 0 1 1 1 2 0 4 4 2 1 2 0 4 1 3 0 3 1 0 3 4 1 3 0 2 4 2 2 4 2 3 4 4 1 2 3 1 4 0 4 0 2 4 1 3 4 3 3 1 4 2 2 2 0 4 1 1 1 3 0 1 4 1 2 0 1 0 4 0 2 3 2 4 4 3 0 4 3 2 0 1 3 2 3 0 4 0 2 2 1 2 4 4 1 2 1 4 3 4 3 3 1 1 0 3 2 1 4 0 3 4 4 1 1 4 3 2 4 2 4 3 0 3 2 3 1 1 2 1 0 0 0 3 3 2 1 2 3 1 0 3 2 4 1 4 3 2 3 3 4 3 3 1 3 0 0 1 1 4 3 3 2 0 2 0 2 0 3 3 3 0 3 
1 4 2 2 2 4 0 2 3 0 0 0 4 3 2 0 4 1 0 0 3 0 4 1 3 4 1 3 0 1 1 1 0 3 0 4 2 2 2 3 3 4 0 4 2 4 1 4 0 2 4 1 4 3 4 4 4 0 2 4 3 1 2 0 4 4 4 4 2 3 4 2 3 1 3 0 0 1 4 2 0 0 3 0 0 2 4 2 4 2 1 2 0 1 2 4 2 4 0 1 2 1 3 0 0 2 3 3 2 0 4 0 0 0 0 2 2 0 2 4 4 1 3 4 1 1 1 2 3 0 0 0 0 1 0 0 1 4 0 3 1 0 0 3 2 3 1 1 3 3 1 4 1 4 3 2 0 2 1 0 4 1 0 4 0 1 2 1 2 2 4 3 4 2 1 3 0 2 0 0 2 1 4 3 2 0 2 4 2 4 4 1 2 2 1 2 3 3 3 0 
2 0 0 2 2 1 0 4 1 2 4 0 3 0 4 2 0 3 3 2 4 0 1 2 2 2 1 2 2 0 4 1 0 4 3 4 2 1 3 0 3 4 1 4 4 2 1 2 0 2 4 2 2 2 4 4 1 0 3 3 2 2 0 2 3 0 3 0 3 1 1 2 2 2 3 2 4 1 4 1 3 0 3 0 0 4 1 1 2 4 2 1 1 4 4 4 4 2 2 0 1 3 2 3 2 0 0 2 3 1 3 1 2 1 2 2 1 1 4 2 0 0 4 2 2 0 3 3 2 2 0 2 0 0 1 4 4 3 3 2 4 2 1 3 3 3 1 4 1 2 3 2 2 0 1 1 0 1 0 2 3 2 1 1 0 2 0 4 0 0 4 2 2 0 0 2 3 1 3 4 0 2 3 3 4 1 4 1 2 1 1 3 4 2 4 4 0 1 3 2 
1 4 4 1 4 0 3 4 3 2 1 1 1 4 4 0 3 0 1 0 2 2 0 1 0 4 2 2 2 2 4 4 2 4 0 3 1 0 3 1 2 4 2 3 0 3 3 3 4 2 1 1 4 1 4 1 1 3 3 3 0 3 4 4 4 1 3 2 2 1 0 4 2 0 0 2 3 3 3 2 2 4 0 2 0 1 3 3 1 2 4 2 2 0 1 3 2 1 2 1 2 4 2 4 4 2 0 4 3 3 4 2 0 3 0 2 0 3 3 1 0 2 0 4 1 2 2 1 1 4 0 2 3 4 0 0 4 4 4 4 4 3 3 0 3 3 4 3 4 4 1 1 1 3 0 4 1 4 0 2 3 0 2 2 0 4 2 1 3 3 0 3 3 0 0 1 1 4 1 0 1 3 3 2 1 3 2 4 2 4 4 3 0 1 0 2 0 4 3 0 
2 0 0 2 0 0 3 3 2 1 3 3 1 1 2 0 1 1 4 1 1 0 4 1 1 1 0 3 2 0 4 1 0 4 3 2 2 3 3 4 4 1 2 3 0 1 3 3 3 4 4 4 0 0 2 1 1 2 2 3 2 1 4 4 2 4 3 4 2 1 3 2 0 2 0 0 1 0 0 4 4 0 3 4 0 0 3 4 4 2 4 3 3 1 2 2 0 2 2 0 4 2 4 1 2 4 3 0 3 1 3 2 0 3 2 2 1 4 2 2 3 4 3 3 4 4 0 1 2 4 0 2 3 3 3 1 2 4 4 0 0 3 4 2 3 1 1 4 0 3 3 0 4 2 3 0 3 0 2 2 4 4 1 0 2 4 1 4 3 1 1 3 1 0 1 4 1 2 1 3 3 4 0 4 1 3 0 0 0 2 2 2 3 4 2 1 0 0 2 4 
3 4 2 4 1 0 4 3 3 2 3 3 1 4 2 0 4 2 2 0 1 1 4 0 2 1 3 3 1 2 2 0 1 4 1 0 2 2 3 0 4 3 3 3 2 2 3 2 0 0 4 1 3 3 3 1 1 1 1 4 4 3 1 2 4 3 2 1 2 2 3 2 1 3 0 0 1 0 4 1 2 0 4 0 3 0 3 1 3 4 1 4 4 4 2 4 4 1 2 2 1 1 4 4 4 1 4 2 0 1 1 0 0 1 2 0 2 2 1 3 0 0 1 0 0 3 4 1 2 2 3 4 3 4 0 4 1 3 1 3 4 2 1 1 3 3 2 0 0 3 1 2 0 4 2 0 2 3 1 0 1 2 1 1 3 2 1 4 0 4 0 2 1 1 3 1 4 2 4 1 2 2 3 3 1 3 0 1 1 4 1 2 1 4 1 4 1 4 1 4 
3 1 3 1 4 3 2 3 3 3 1 0 0 4 0 2 2 3 3 1 2 1 0 3 0 1 4 4 0 0 0 0 3 0 1 2 3 1 2 1 4 3 4 0 0 1 4 2 4 2 0 3 0 1 1 2 2 3 1 0 3 3 0 2 3 4 4 4 2 2 2 1 2 3 3 2 0 2 2 1 1 2 0 1 3 3 4 3 1 2 3 0 3 0 4 3 1 3 2 3 2 2 0 2 0 3 4 2 3 0 3 4 4 1 4 3 1 4 4 4 1 1 4 3 1 2 2 0 3 2 4 4 2 1 1 4 2 1 0 1 4 4 0 4 2 1 2 3 1 1 3 2 4 4 0 3 1 4 3 2 1 4 1 3 1 2 2 0 3 3 1 3 4 4 4 1 0 3 4 3 1 4 2 2 1 4 0 2 3 0 1 0 0 2 0 3 4 3 3 0 
3 1 0 4 0 4 0 3 2 1 1 3 3 4 0 4 3 3 3 4 3 0 4 0 4 4 3 1 4 1 1 4 0 1 3 0 2 0 3 4 2 2 4 0 1 1 1 1 4 4 0 0 4 1 0 1 3 4 2 2 2 3 4 2 1 2 0 3 3 3 4 2 2 3 2 0 1 3 2 1 4 4 3 1 1 3 2 4 4 4 1 2 4 2 1 0 0 1 0 0 2 4 2 4 2 1 0 0 1 2 0 1 0 1 1 1 4 0 0 3 4 4 2 3 0 4 0 2 1 1 2 1 3 1 3 0 0 1 0 1 2 4 4 0 2 1 1 2 3 4 0 4 0 4 3 1 4 3 3 0 1 3 4 2 4 4 2 2 1 2 3 3 1 4 3 3 0 2 2 0 3 0 0 3 4 3 4 3 3 0 1 1 3 0 3 4 4 0 1 2 
4 1 3 0 1 3 1 1 2 0 4 0 0 4 4 0 4 3 0 4 0 3 0 3 0 1 3 0 1 1 4 1 3 2 3 4 1 1 2 3 2 1 4 4 0 0 4 1 0 2 0 1 0 1 1 1 4 1 3 0 3 4 3 1 2 4 2 0 0 4 0 4 1 1 4 3 1 0 0 2 4 0 0 2 3 1 0 2 3 0 0 3 4 3 1 1 4 3 3 0 2 4 1 0 0 2 4 4 0 1 3 0 4 3 3 1 4 1 3 3 1 3 3 4 3 4 2 1 3 0 0 0 0 1 4 0 3 1 1 2 1 2 2 3 1 0 1 2 4 0 0 0 3 4 2 1 0 1 0 0 2 0 1 2 3 0 2 1 3 4 1 0 3 0 0 1 3 1 3 2 3 4 4 2 0 3 0 0 0 0 0 2 2 3 1 2 3 3 4 2 
4 2 4 0 2 1 1 0 4 0 4 3 4 4 0 1 4 2 1 4 0 1 3 2 2 4 2 0 0 3 4 4 0 0 1 4 3 3 2 3 0 1 1 4 2 3 0 2 0 3 1 0 1 2 0 3 1 2 1 1 0 2 3 2 0 4 3 3 4 0 1 4 4 2 0 1 0 2 0 3 0 4 0 2 1 2 2 2 4 3 1 1 3 1 0 3 0 4 1 2 1 0 1 0 2 2 4 0 4 4 0 0 0 0 0 4 1 3 1 1 4 2 4 1 2 0 3 0 2 4 3 4 1 3 1 3 3 0 2 3 4 4 3 1 4 0 0 3 3 4 1 3 3 0 1 0 0 4 2 4 4 0 4 2 4 2 0 4 2 0 2 3 1 2 0 0 2 2 0 3 1 1 1 1 1 4 3 3 3 0 3 4 1 4 1 2 3 4 3 2 
4 0 0 0 4 0 2 3 3 0 1 1 1 4 0 0 3 3 0 2 4 0 3 2 1 2 1 4 1 4 1 2 1 2 4 0 4 3 0 4 3 2 1 2 1 1 4 0 1 4 4 2 2 4 4 3 1 2 0 4 3 1 3 4 0 2 1 2 1 2 1 1 1 4 3 2 2 4 4 4 4 0 1 3 0 3 1 3 2 1 3 1 0 1 0 2 1 4 4 4 1 3 0 4 2 1 3 2 2 3 1 3 3 0 4 1 3 4 3 2 2 1 2 3 3 0 0 1 1 4 2 2 2 0 0 1 0 3 0 2 0 0 0 4 3 1 0 4 1 0 3 3 4 0 3 2 0 3 3 4 0 1 1 2 3 3 1 3 1 1 0 2 1 2 1 1 4 3 0 0 4 3 0 0 0 0 2 3 3 1 4 3 4 0 3 2 1 4 1 2 
2 3 4 3 1 2 1 0 1 4 2 2 2 4 2 0 4 4 3 4 2 2 0 1 4 3 4 0 2 2 0 4 0 4 4 1 2 2 3 0 1 0 2 1 1 1 1 0 0 1 0 0 0 0 1 1 0 2 4 4 4 4 3 2 3 4 0 2 3 1 2 0 1 4 1 0 0 4 0 3 2 2 3 2 4 1 3 4 4 4 3 0 3 3 4 4 4 0 1 3 1 4 3 4 0 1 1 3 0 2 3 4 4 1 0 1 1 2 1 0 3 1 4 1 4 4 0 0 4 2 2 2 0 3 2 2 3 0 3 3 2 2 1 1 4 2 2 0 2 0 2 2 1 1 3 3 3 1 3 2 0 2 1 3 0 0 0 4 0 0 4 2 0 1 3 4 0 2 1 4 2 3 2 4 2 2 4 0 3 2 4 1 2 0 4 2 2 1 3 2 
3 3 4 3 4 2 4 1 4 0 1 1 4 3 2 3 0 3 3 1 3 4 2 0 1 3 2 3 4 1 0 2 1 4 1 2 3 2 3 4 3 4 2 4 4 2 2 2 0 2 0 3 1 2 3 2 2 1 0 1 4 0 0 0 1 3 2 1 1 2 0 4 4 4 3 3 1 2 2 2 4 2 0 0 1 4 4 3 2 4 1 1 1 2 3 2 0 2 0 3 1 0 2 0 4 2 1 1 4 0 0 0 3 0 0 0 1 1 4 0 3 0 1 1 1 0 1 0 1 0 0 4 2 2 4 4 4 3 0 2 0 3 2 0 1 2 3 2 1 4 4 1 0 3 0 3 3 3 4 1 4 1 1 3 4 2 2 3 0 0 2 0 3 4 3 1 3 1 0 4 0 0 3 2 3 3 1 1 1 2 3 2 3 1 0 4 0 0 4 2 
2 1 0 0 0 3 3 1 1 3 2 1 3 0 1 3 0 2 2 2 4 2 1 4 0 4 4 0 4 0 4 1 2 4 3 4 4 1 0 0 4 0 4 0 0 0 0 1 2 2 0 3 4 1 4 1 0 3 1 1 1 1 4 3 2 2 4 2 3 2 2 0 2 1 2 4 3 2 0 2 0 0 2 1 4 2 3 1 2 1 0 3 4 4 3 2 2 0 4 2 2 3 2 1 2 4 0 0 2 3 0 4 0 2 0 4 0 4 0 3 2 2 3 2 1 2 1 3 1 1 4 4 0 0 1 1 2 3 3 4 2 1 1 1 2 4 3 3 0 4 1 4 3 1 2 4 4 0 0 0 1 1 4 3 1 3 4 0 3 4 2 0 1 3 1 0 2 1 3 3 0 2 4 3 3 1 0 4 1 2 2 4 3 1 2 2 1 3 2 4 
3 4 4 1 3 2 1 2 4 1 0 1 3 0 2 4 3 4 3 2 1 0 1 4 4 4 1 2 2 1 2 2 0 3 3 0 3 4 3 4 3 0 2 1 2 1 0 1 0 1 3 1 1 1 3 2 0 1 0 0 2 4 2 0 4 3 0 4 4 0 3 2 1 3 1 3 4 3 1 0 4 1 3 3 3 3 2 0 0 2 2 4 3 2 1 0 0 4 4 1 4 3 4 2 3 2 3 2 0 1 4 2 3 3 0 3 3 0 4 0 3 4 3 0 2 2 3 2 2 2 2 0 4 2 4 1 0 3 4 4 4 3 4 1 1 4 3 1 2 2 1 3 1 1 0 1 3 3 0 2 1 4 3 0 3 4 3 0 3 0 0 4 3 1 0 4 0 0 2 4 4 0 2 3 2 2 4 0 1 1 0 4 1 3 4 4 4 4 0 4 
4 2 3 2 3 0 3 0 0 0 4 2 1 2 0 0 1 4 2 2 2 2 1 3 2 2 3 4 4 0 3 3 2 2 3 2 2 1 2 0 4 1 2 2 0 2 2 2 3 1 1 0 1 0 1 3 4 1 4 3 1 3 2 0 0 0 4 4 3 1 1 2 4 3 1 0 2 0 4 2 2 0 3 3 0 1 3 0 2 3 3 3 1 2 0 3 4 4 4 3 2 1 2 3 1 4 3 4 4 4 3 3 0 1 1 2 2 2 0 2 1 0 3 1 3 2 1 3 2 2 4 2 1 2 4 0 4 0 0 0 2 0 3 0 0 2 4 2 1 3 2 3 0 2 4 3 4 3 3 3 2 4 2 4 2 4 4 3 4 4 3 3 4 3 1 1 0 2 4 4 0 3 4 0 0 3 0 1 3 3 2 1 4 4 0 1 3 4 4 0 
0 2 0 0 3 1 1 0 3 2 4 0 0 3 0 2 4 2 1 2 2 3 0 2 4 0 3 0 1 3 2 2 2 2 4 2 1 2 3 1 2 2 2 4 3 4 2 4 2 0 1 4 0 2 1 4 4 2 4 1 0 3 0 4 1 1 2 4 3 0 0 0 4 4 0 4 4 4 3 3 4 2 2 4 1 1 0 0 3 2 3 0 0 3 4 3 4 3 2 0 3 3 0 0 4 2 4 3 3 3 3 2 2 1 3 3 4 4 0 0 4 1 4 4 3 4 3 2 1 2 4 1 2 4 3 2 4 3 4 4 1 2 3 1 4 1 4 4 2 0 4 1 3 3 0 2 0 0 4 1 4 0 4 2 2 2 1 3 2 0 4 4 4 4 0 0 2 1 4 4 2 4 0 2 4 2 4 4 3 0 0 4 3 1 1 2 4 0 0 3 
0 1 2 0 1 4 2 3 3 2 3 2 1 0 4 2 0 1 2 0 3 4 4 1 1 3 0 2 3 0 0 3 4 0 0 0 1 0 0 4 2 0 3 0 1 0 2 3 1 1 3 4 1 2 3 4 0 3 1 3 1 3 4 0 3 1 2 2 1 2 3 0 3 2 0 1 4 0 4 0 1 2 1 4 4 1 3 0 2 1 0 3 0 1 0 0 3 2 2 1 1 1 2 4 0 2 0 4 4 4 1 1 1 4 0 3 1 1 0 0 0 2 2 3 2 4 0 3 2 4 2 0 0 0 2 0 0 2 2 1 1 2 4 2 0 4 0 0 2 1 0 2 0 0 2 3 4 2 3 3 3 2 3 3 3 1 0 0 0 3 4 1 2 3 1 4 2 1 0 1 4 2 3 4 2 2 4 1 4 4 1 4 2 0 3 0 3 0 2 3 
0 1 4 2 0 2 2 4 0 4 3 1 3 1 1 3 4 2 1 0 2 3 2 1 3 0 3 1 2 0 4 3 4 0 2 1 3 4 0 0 0 0 2 4 4 0 2 3 2 3 0 1 1 2 2 1 4 2 4 4 3 3 2 2 1 4 3 1 1 0 1 1 1 0 2 2 0 1 0 3 2 2 1 0 2 1 2 3 3 1 2 1 2 4 0 0 1 0 3 2 3 1 0 1 2 3 3 2 1 0 2 3 2 4 1 1 0 3 0 3 1 0 2 2 0 2 4 2 3 0 0 2 0 2 2 1 4 2 4 3 4 4 1 4 3 2 0 0 2 0 2 2 4 4 1 1 3 1 4 3 3 1 0 3 3 3 4 4 2 0 0 3 1 1 3 4 0 0 1 4 3 3 1 2 3 0 0 1 3 4 2 1 1 2 1 1 2 2 3 0 
2 3 3 3 1 3 4 1 4 1 0 2 1 1 1 4 3 1 3 1 3 0 4 1 4 2 2 2 4 0 4 3 0 4 3 1 0 3 2 4 1 2 3 2 1 1 4 4 4 2 3 2 4 2 3 0 0 3 4 1 0 3 2 1 0 0 2 0 0 0 1 1 2 1 1 0 4 0 0 3 4 3 3 3 2 3 0 4 1 0 3 4 0 0 0 0 0 2 2 1 4 3 4 4 1 0 4 0 2 4 1 1 4 4 1 4 2 2 0 1 2 3 0 2 2 0 2 0 1 1 2 4 3 3 0 2 4 1 1 2 3 3 3 2 4 4 3 0 1 0 1 4 4 1 3 4 2 2 4 0 4 3 4 4 1 4 1 3 2 4 2 3 4 0 0 1 4 0 3 2 1 4 4 2 3 2 1 0 2 2 0 1 1 1 2 4 2 0 4 2 
1 1 0 1 3 2 4 4 2 2 4 0 4 3 3 2 2 1 4 4 4 4 2 2 2 4 3 4 1 3 3 3 1 3 1 0 0 0 1 0 4 0 0 0 3 0 2 3 4 3 4 0 4 2 2 1 3 0 3 0 0 1 3 2 2 1 4 4 1 0 4 2 1 2 3 1 4 2 4 3 1 1 3 0 3 2 4 3 3 2 0 0 0 0 2 2 1 3 2 4 4 1 4 2 0 2 3 0 1 0 3 2 3 4 0 1 1 4 1 1 3 4 2 0 3 4 1 1 3 0 0 2 1 1 1 0 4 0 0 4 2 0 4 1 3 3 3 1 2 2 0 3 2 4 2 1 0 4 4 3 1 4 3 4 2 4 4 3 2 4 2 1 2 4 2 2 2 1 4 4 0 1 0 3 2 2 1 2 3 2 3 4 1 1 3 0 2 2 4 4 
4 3 2 1 2 0 3 2 3 4 3 3 0 3 3 2 3 4 2 1 1 2 3 4 3 3 2 2 3 3 4 2 1 1 3 1 1 1 3 4 1 1 0 3 2 3 3 0 0 0 3 3 2 1 0 2 0 2 4 3 2 0 0 0 2 3 1 0 1 1 0 2 3 2 3 2 2 1 2 2 1 0 1 0 4 1 4 4 0 0 4 2 1 1 2 3 1 1 3 2 2 0 2 0 4 0 2 2 1 1 4 4 4 2 1 3 3 2 4 0 2 0 2 0 0 1 2 3 4 3 4 1 0 1 0 3 1 2 2 3 3 1 2 4 0 0 2 0 0 4 1 1 4 1 0 4 4 4 3 3 2 4 1 0 0 2 0 1 1 2 4 2 0 2 1 0 4 1 2 1 0 3 4 4 1 2 4 0 1 4 0 1 3 2 3 0 1 3 2 2 
2 1 4 3 0 3 0 1 4 3 3 1 3 4 1 2 1 2 2 3 3 0 1 3 4 4 3 0 4 0 4 1 4 1 1 1 1 2 3 0 2 3 1 2 2 4 4 4 3 4 4 3 1 2 1 0 3 0 2 2 2 1 0 3 4 2 0 0 1 0 2 0 3 1 2 2 2 4 3 1 0 4 4 1 1 3 1 4 3 3 3 2 1 4 1 1 1 3 3 2 3 1 4 3 2 3 0 4 2 4 2 4 3 4 0 0 2 1 1 2 1 0 4 3 4 0 2 1 2 0 4 1 0 0 0 3 4 3 4 1 3 3 3 2 3 2 0 3 1 1 2 3 0 4 0 3 0 2 4 2 0 0 0 0 1 0 1 2 0 0 3 0 0 2 0 3 1 0 4 3 3 3 3 3 2 3 1 2 1 2 1 3 3 1 0 1 3 1 0 0 
3 4 1 0 3 1 4 4 1 0 4 4 3 3 0 2 1 3 1 4 1 2 2 1 3 3 4 1 1 4 1 2 0 4 2 3 0 3 3 3 3 4 0 3 2 0 2 1 0 3 0 1 0 0 4 0 0 0 1 3 2 0 0 2 4 3 1 2 1 1 2 2 2 4 2 0 1 0 3 2 3 0 0 1 0 2 1 2 2 0 1 1 0 1 4 1 4 2 0 3 0 3 0 2 4 2 4 1 4 4 3 0 0 3 1 2 0 4 2 0 4 3 1 1 1 2 0 3 3 1 0 1 1 0 3 1 0 2 2 1 4 2 4 4 4 4 2 1 2 1 3 2 1 3 0 4 0 3 4 0 1 0 3 0 0 1 1 0 0 0 3 4 2 4 3 1 4 0 0 1 4 0 0 0 4 0 4 1 0 4 1 2 1 4 2 1 2 0 4 2 
0 4 2 0 4 2 3 0 3 3 1 2 4 1 4 0 3 0 1 4 1 2 1 2 3 0 1 0 0 2 2 2 1 1 4 2 4 3 2 4 1 0 3 2 3 2 2 2 4 0 1 1 2 4 3 2 4 1 2 1 3 2 3 2 3 3 4 2 1 2 1 4 2 4 4 1 3 3 3 3 4 1 1 1 0 1 4 1 3 3 2 3 0 0 0 4 0 0 3 3 2 0 3 4 1 4 2 2 2 2 0 1 0 1 0 0 2 1 1 2 4 3 1 2 1 1 1 0 1 1 4 0 0 1 0 0 0 4 4 2 3 4 2 0 4 0 2 0 4 3 3 2 4 4 0 1 2 1 4 3 0 1 0 0 2 2 2 2 3 2 4 2 1 3 4 2 0 1 2 0 1 3 4 0 4 4 4 1 2 0 1 2 1 2 0 1 4 2 0 0 
1 0 2 4 0 1 2 1 4 1 3 0 4 4 2 0 3 3 1 2 4 3 2 0 2 2 1 3 4 4 3 1 1 2 0 1 3 2 4 2 4 2 4 0 1 2 1 1 0 4 1 4 4 3 2 3 0 0 2 4 4 2 2 0 0 0 4 0 4 3 0 0 3 4 1 1 1 4 3 4 0 4 0 0 4 2 0 4 0 4 0 4 2 3 2 4 3 1 1 4 4 1 0 4 1 3 1 4 2 1 0 4 0 1 1 4 3 2 0 3 1 0 0 3 0 2 4 0 0 3 1 0 4 4 0 4 2 3 2 2 2 3 4 1 0 0 3 1 1 0 1 4 1 1 1 2 4 3 3 4 3 4 4 0 1 4 4 3 2 1 2 4 4 2 1 1 2 1 2 3 1 3 0 4 1 1 1 0 0 2 0 0 3 4 0 4 1 1 3 3 
2 0 0 3 2 1 4 2 4 3 0 0 1 0 1 0 4 0 0 1 2 2 1 0 4 2 0 0 3 3 3 3 0 3 3 0 1 0 2 0 3 4 2 0 0 4 2 1 4 2 2 1 2 3 3 1 2 3 3 1 3 3 1 4 2 4 1 0 1 3 3 0 4 2 2 1 1 4 2 2 3 4 0 0 3 4 3 0 2 1 3 3 0 1 2 4 3 0 1 4 0 4 4 4 2 1 1 0 2 3 0 1 3 0 3 3 4 2 3 4 0 4 2 2 0 1 3 3 1 0 0 3 1 1 4 0 0 1 1 3 0 0 3 1 0 3 0 3 3 4 1 4 1 2 1 4 3 2 2 3 3 2 3 1 1 3 1 1 1 3 4 1 0 2 3 0 1 0 3 1 1 1 2 2 4 3 1 4 0 1 4 0 3 3 1 1 1 4 3 4 
4 4 0 4 2 0 1 0 2 1 3 3 0 0 1 1 3 4 0 0 0 1 2 1 4 3 2 2 4 2 1 4 2 4 0 1 1 2 3 4 3 1 4 0 3 2 1 3 2 1 3 4 0 2 0 4 2 0 4 1 4 0 0 1 1 1 4 3 0 2 4 0 0 3 1 3 3 2 1 0 1 1 4 1 3 2 0 0 4 4 4 3 2 4 2 0 2 1 0 2 1 4 3 1 0 4 0 3 3 3 0 4 0 1 0 0 0 3 3 4 4 2 0 3 3 4 4 1 2 4 0 0 3 1 0 0 3 1 2 3 0 0 3 4 0 1 0 1 2 3 4 3 4 3 0 3 1 4 2 4 2 3 0 2 4 2 4 4 4 1 2 4 2 2 3 4 4 0 2 1 0 3 1 0 1 2 3 0 3 0 4 2 0 1 0 2 4 4 1 3 
1 4 4 0 1 2 4 2 0 4 0 0 2 2 0 4 1 3 4 4 0 0 2 1 4 4 3 0 0 1 3 1 0 4 3 4 1 0 3 1 4 4 4 1 1 4 2 4 0 3 3 2 4 2 0 0 3 0 0 4 2 0 2 4 4 1 0 0 1 4 4 2 3 3 3 1 4 3 0 4 1 0 4 2 3 4 2 1 0 2 0 4 2 3 3 1 1 4 4 4 3 0 1 3 3 1 4 4 4 4 1 1 1 0 3 4 4 3 3 1 0 0 0 3 0 4 1 1 0 0 2 0 0 0 3 3 0 2 4 0 3 3 1 4 1 3 0 1 2 0 1 4 0 1 1 0 2 0 2 0 0 4 3 0 2 3 0 2 0 4 4 4 4 2 0 1 0 2 4 3 2 0 4 0 3 0 0 2 3 4 0 0 1 3 3 3 3 3 0 1 
0 2 0 4 4 2 0 0 2 1 0 1 3 1 1 2 3 4 4 3 0 1 4 1 4 4 4 0 2 2 1 4 4 1 4 0 0 1 2 2 3 2 4 1 0 2 0 4 1 2 2 4 3 3 0 0 2 2 0 2 1 1 1 2 4 2 2 4 4 0 4 4 4 0 2 0 4 3 1 1 0 0 2 0 1 2 0 3 4 0 2 2 1 4 4 2 3 2 2 2 4 3 1 3 0 1 0 4 4 1 2 1 4 4 1 0 2 2 0 3 4 3 1 1 4 0 3 2 4 2 2 3 0 2 0 2 2 1 4 2 2 1 4 3 2 4 0 2 3 4 4 1 3 2 4 1 3 2 2 3 1 1 0 0 4 0 4 3 4 3 0 1 1 2 0 0 3 2 2 1 1 2 4 1 1 1 3 2 3 2 0 4 3 0 1 4 2 2 3 1 
3 0 3 1 2 3 2 2 2 1 3 0 0 0 1 2 1 1 4 4 3 1 0 4 1 4 3 3 1 3 2 1 4 0 3 3 0 0 1 2 3 1 2 4 3 0 3 4 2 4 0 2 0 3 3 1 2 4 1 0 2 3 2 3 0 0 2 0 2 0 2 0 3 1 1 2 2 4 1 1 3 4 0 3 2 1 1 4 0 3 4 4 3 3 3 4 3 2 4 2 2 4 0 0 2 1 2 1 1 1 4 4 0 0 3 4 3 4 3 3 4 4 2 3 3 2 4 3 4 3 1 3 4 0 3 1 2 4 0 3 0 1 0 2 3 0 0 2 0 1 2 3 1 4 2 1 2 2 0 2 3 0 0 2 0 3 0 4 3 0 4 0 4 4 2 4 1 4 2 1 1 1 4 4 0 4 0 4 1 0 2 4 2 2 3 2 3 3 1 3 
1 3 3 2 2 1 1 4 2 0 0 3 2 2 2 4 3 2 4 1 4 3 2 2 2 1 1 0 1 0 3 4 3 4 1 2 2 3 1 4 0 4 3 4 3 2 4 1 2 0 4 3 3 1 0 2 2 4 3 1 4 3 0 4 4 4 1 1 4 0 3 4 1 3 4 4 0 0 2 4 0 1 3 0 2 0 2 2 4 2 0 0 3 2 4 2 1 3 1 0 3 4 2 4 4 1 0 4 3 4 1 0 2 4 0 4 1 4 3 1 4 3 3 4 3 0 3 4 3 4 2 3 0 4 0 4 4 2 1 1 0 0 4 0 2 3 2 3 4 3 4 2 2 4 3 3 2 3 2 2 3 3 4 1 4 3 2 0 2 3 3 2 0 2 4 2 2 3 2 4 1 1 3 1 1 1 4 3 1 3 2 4 2 3 2 3 3 4 3 0 
2 4 4 2 1 3 1 1 1 4 0 0 2 3 3 0 2 4 1 3 3 3 3 0 2 0 3 0 2 3 3 4 2 2 4 1 3 2 2 1 3 4 1 3 2 1 3 4 1 4 3 4 3 3 1 2 3 1 4 0 4 2 2 4 2 3 2 0 2 4 1 3 0 0 1 2 1 4 4 2 1 4 3 1 2 1 3 2 2 4 0 4 4 4 3 1 4 0 3 1 1 4 1 1 1 2 0 0 4 1 2 0 0 3 1 4 4 1 4 4 0 4 3 4 0 3 2 4 3 0 2 1 2 4 4 0 0 1 4 0 0 3 0 2 0 0 3 0 4 4 4 0 0 0 3 1 2 1 1 1 1 3 0 2 2 4 3 3 3 0 3 0 3 0 3 3 0 1 0 2 3 1 2 3 3 1 1 0 4 4 1 1 3 4 0 0 3 4 0 3 
1 1 4 4 1 2 4 4 0 0 1 3 3 3 3 2 1 2 2 1 1 1 4 1 0 1 4 0 2 4 4 3 2 0 4 1 4 4 0 4 1 3 0 4 3 0 3 0 2 3 3 1 1 4 2 3 0 1 3 3 3 4 1 2 4 1 3 3 2 0 0 3 3 2 4 2 2 3 4 0 3 2 3 4 1 0 2 3 4 2 1 4 4 3 1 3 1 2 4 3 2 1 3 3 3 2 2 0 2 1 2 0 0 0 4 3 3 3 1 2 1 0 1 0 3 4 0 1 1 1 1 1 2 4 4 2 0 3 3 3 1 4 2 1 1 0 3 1 0 1 2 2 2 2 0 4 2 1 0 0 3 1 1 4 1 2 0 3 1 3 1 2 4 1 0 2 3 3 3 3 0 0 2 4 0 4 4 4 0 1 0 0 2 3 4 3 1 1 2 2 
1 0 1 0 3 1 2 1 2 0 1 4 3 3 3 0 2 4 4 3 2 1 0 0 0 2 0 1 3 4 0 0 2 1 2 2 4 0 4 3 2 0 2 2 1 3 2 3 4 4 3 2 0 4 2 0 1 4 3 1 1 3 1 3 1 1 2 3 3 3 1 0 4 4 0 2 4 4 0 3 3 1 0 4 2 4 1 3 1 0 4 2 0 3 2 4 4 4 2 4 3 0 4 4 1 1 1 0 1 3 4 4 1 1 0 3 1 2 1 2 4 3 4 1 3 3 2 4 2 1 3 2 2 4 1 3 1 0 4 4 4 3 0 3 4 1 1 3 2 3 1 1 4 1 2 2 1 0 0 0 3 1 0 2 3 0 4 4 3 3 0 2 3 0 2 0 3 3 0 3 3 3 4 4 0 2 2 1 4 2 4 2 3 4 2 4 1 1 3 1 
1 3 0 2 0 3 2 3 3 2 1 4 0 1 3 2 0 0 1 4 4 0 4 3 1 1 4 0 4 2 1 2 2 2 4 2 2 3 0 2 0 4 1 3 2 0 2 2 2 3 3 2 0 2 2 4 0 1 1 1 0 2 4 2 1 3 4 0 2 1 3 4 0 1 4 4 3 4 1 1 4 2 0 2 1 2 1 2 0 2 0 0 1 4 4 0 0 0 0 2 1 0 3 4 4 0 3 2 4 2 0 3 1 0 0 2 4 3 1 4 0 2 1 4 3 0 4 3 0 1 2 2 2 1 3 1 1 3 0 0 2 2 1 0 0 1 3 3 3 1 1 2 4 3 4 0 4 4 4 2 0 0 0 4 4 1 4 2 4 4 3 1 4 4 3 4 2 1 2 0 0 4 3 1 4 4 1 3 3 2 3 0 2 3 1 4 1 0 1 2 
2 4 3 1 3 3 0 1 2 0 1 4 1 1 0 2 0 3 3 1 0 1 1 2 4 3 1 2 0 0 4 4 4 4 0 3 4 3 1 1 3 4 0 4 1 2 1 3 0 4 4 0 2 3 0 3 3 3 0 3 3 1 0 3 0 0 3 0 3 1 3 3 0 1 2 3 3 1 2 1 0 1 1 3 4 3 1 4 2 4 0 2 0 0 2 3 0 2 3 1 3 1 4 4 4 4 4 3 0 1 4 2 0 2 2 1 3 1 1 2 0 1 4 2 1 4 0 3 1 3 1 0 2 1 1 1 0 0 1 0 2 4 2 4 4 0 2 2 3 3 3 2 0 1 1 2 4 0 3 3 4 3 4 4 0 2 2 4 4 4 0 1 3 3 3 4 0 0 2 0 0 2 2 0 4 0 4 3 3 2 3 2 1 0 3 3 2 0 4 4 
4 2 2 0 2 0 4 2 2 3 4 2 1 3 4 0 3 4 0 1 3 4 0 4 1 3 0 0 3 1 4 0 3 2 0 0 4 1 4 2 0 0 1 1 3 1 3 2 2 0 0 0 1 1 2 2 4 4 3 0 0 4 0 4 3 2 1 3 3 1 2 0 1 3 1 2 1 1 1 0 4 1 1 0 4 0 3 1 4 3 1 4 2 3 3 1 0 2 4 0 3 3 1 1 1 4 3 0 3 4 0 2 3 1 2 4 3 2 0 2 0 3 2 3 1 2 1 3 4 2 1 4 0 2 1 3 3 1 3 1 0 3 4 0 3 2 0 2 1 2 0 0 0 3 4 0 2 2 1 2 3 3 3 0 3 2 1 1 3 4 2 1 4 3 2 2 0 2 2 3 1 2 1 1 2 0 1 1 4 4 4 3 2 4 3 2 4 1 4 4 
2 3 0 2 1 2 4 3 1 3 4 3 0 0 1 3 0 3 4 0 2 0 0 2 2 0 4 3 3 0 2 0 3 2 2 1 2 4 0 3 2 4 3 0 4 0 0 1 0 1 3 4 2 3 1 1 0 3 4 3 0 1 4 4 0 3 0 2 4 2 3 2 1 3 4 2 3 4 4 0 0 4 0 4 0 3 2 0 3 1 4 4 4 3 0 0 3 2 2 3 0 2 2 3 1 1 1 1 0 2 4 2 1 1 4 1 1 1 2 0 0 3 4 4 3 1 4 1 3 4 4 0 1 1 4 4 4 0 3 1 2 0 2 4 0 3 0 2 4 1 1 1 1 4 2 3 2 3 2 0 4 1 0 4 0 3 3 1 3 0 4 4 4 3 0 0 3 0 4 3 4 0 1 2 1 4 0 0 2 3 0 1 1 2 3 3 1 3 2 1 
4 3 2 0 2 3 2 0 0 1 0 1 3 4 4 1 3 1 1 0 1 2 4 0 4 4 3 2 2 2 3 3 1 1 4 0 1 3 2 3 2 0 0 0 4 1 4 2 2 0 4 1 4 0 1 1 4 1 0 2 4 4 2 2 2 3 2 0 2 4 0 4 4 0 1 0 3 0 2 3 3 2 4 4 2 0 2 4 3 3 3 2 4 0 4 3 4 3 3 3 0 0 2 4 1 0 0 1 3 4 4 1 3 3 2 1 0 0 2 4 3 0 3 4 0 0 2 1 3 2 4 3 2 3 0 0 4 2 2 2 1 3 0 0 0 2 2 3 4 4 0 0 4 0 4 3 2 4 2 4 2 4 0 3 4 4 3 1 0 0 3 4 3 2 4 0 1 3 3 2 0 0 3 4 2 2 3 2 1 2 3 0 4 3 3 3 4 3 1 4 
0 0 0 4 4 1 1 2 0 2 4 0 2 2 1 2 1 4 4 4 4 2 0 3 2 0 3 2 1 4 3 1 1 4 2 0 0 4 4 2 1 4 4 0 3 1 2 0 2 3 4 1 2 1 4 0 4 2 4 0 4 4 3 0 3 1 3 1 2 2 3 3 3 3 0 2 1 0 4 3 0 0 0 3 2 4 0 1 4 1 3 0 0 1 0 1 4 3 2 1 3 2 1 1 0 2 0 3 2 4 2 4 0 2 2 4 3 4 2 4 0 0 4 3 3 0 4 3 0 1 1 3 3 3 0 1 2 2 4 1 2 1 0 0 4 0 3 0 4 4 2 3 0 4 0 3 2 2 2 2 2 0 4 1 0 4 3 1 1 2 3 2 4 1 2 0 2 2 0 3 2 2 3 4 3 3 4 1 0 3 3 3 0 4 1 0 3 1 4 4 
3 2 3 0 3 1 2 2 0 0 0 4 4 4 3 3 2 4 4 0 4 4 3 4 4 1 0 2 4 4 4 4 3 2 1 1 0 1 1 1 1 1 0 0 0 1 3 0 2 4 0 2 4 0 3 0 3 0 4 2 4 3 3 4 3 0 3 3 1 4 1 2 0 4 4 1 2 3 3 4 2 3 3 3 3 4 3 1 4 3 0 1 3 3 0 3 0 3 2 1 2 0 0 0 4 0 3 3 0 1 3 2 4 3 3 4 2 1 2 2 1 2 0 2 2 0 0 3 1 4 4 0 2 2 0 1 4 3 0 4 4 0 3 0 0 0 1 1 0 0 3 4 3 0 4 2 3 1 0 1 2 1 2 3 3 1 3 0 0 4 2 1 0 4 0 3 1 3 4 1 0 3 0 1 0 1 0 3 3 0 1 0 2 1 0 0 2 1 2 0 
0 1 3 2 2 0 0 4 4 0 0 1 3 3 4 3 4 0 4 2 2 0 0 4 3 0 2 3 1 4 0 3 3 3 1 0 4 1 4 0 1 2 3 1 2 3 0 1 0 4 1 2 1 3 2 2 3 4 0 2 0 0 2 3 0 3 1 4 2 2 4 3 4 3 2 3 3 2 2 3 3 3 0 1 3 4 0 3 0 0 0 3 2 3 1 3 3 4 4 0 2 4 1 3 4 3 2 4 2 4 2 2 4 4 3 2 1 4 0 1 1 3 4 1 1 3 1 4 2 0 2 1 1 3 0 2 1 4 1 0 3 0 2 2 0 0 2 1 3 1 1 4 0 4 1 1 2 1 2 4 0 4 1 2 1 4 4 3 2 3 0 2 1 0 1 0 2 3 1 0 2 2 2 2 2 3 0 1 4 4 0 4 3 1 3 4 2 2 0 4 
0 0 3 1 2 1 1 0 0 2 2 2 2 4 1 1 4 3 2 3 2 3 0 2 4 3 4 2 1 4 3 1 1 4 0 3 0 1 0 2 1 3 4 3 4 2 1 4 0 3 4 4 1 1 4 3 0 3 0 3 4 0 4 0 1 4 0 2 3 1 1 1 1 3 1 2 0 2 3 3 0 3 4 2 4 3 0 1 3 2 4 2 4 4 4 1 0 0 0 0 3 1 1 4 4 2 3 2 1 2 0 2 0 1 1 1 0 3 0 0 2 4 0 1 0 4 4 3 1 1 3 4 3 2 0 4 1 4 3 3 1 3 2 3 2 3 0 4 2 3 1 4 0 1 4 3 3 1 0 1 2 1 0 2 1 4 2 1 0 1 1 0 2 0 2 2 4 2 2 3 2 3 2 2 1 4 3 0 0 3 1 2 4 3 1 1 4 1 4 2 
4 0 2 2 2 2 1 1 4 0 4 2 4 4 1 2 3 1 2 3 4 1 2 1 1 1 4 1 2 0 3 1 2 2 0 0 4 2 3 1 2 0 0 3 1 3 1 4 0 0 4 1 3 3 4 2 4 3 3 1 3 3 0 3 2 0 3 2 2 3 3 2 0 0 0 1 3 3 0 3 1 1 2 1 0 1 3 4 0 3 3 0 3 3 3 1 3 3 3 3 4 3 0 4 3 2 1 1 3 3 2 1 0 4 2 0 2 1 1 4 1 4 0 0 2 0 1 3 1 4 3 2 4 0 1 2 2 4 0 2 3 4 3 0 0 1 2 0 3 4 3 2 0 0 4 0 2 2 1 2 0 2 0 2 1 0 3 0 0 3 1 4 3 2 3 3 3 1 0 3 2 0 0 2 0 2 0 0 4 3 2 4 1 0 1 2 2 1 0 4 
1 3 4 4 0 4 4 0 2 1 3 4 2 1 3 2 3 3 2 4 2 2 0 0 2 3 4 1 4 4 1 3 2 2 2 3 3 4 3 0 0 4 4 2 0 4 0 0 3 4 1 2 1 1 2 0 4 1 2 0 1 0 3 3 4 3 3 2 2 4 2 2 3 3 2 0 2 2 0 2 3 1 1 0 4 0 2 3 2 1 0 0 1 4 0 2 4 4 4 1 0 3 0 3 1 2 3 1 1 0 0 0 1 2 2 0 2 4 0 1 1 0 1 4 1 4 2 0 0 3 3 0 2 4 0 3 3 3 1 0 0 2 0 3 4 4 0 3 0 3 0 0 1 2 3 3 1 4 2 3 4 0 2 1 2 3 1 1 1 1 4 3 1 1 0 4 2 4 4 3 0 1 0 1 1 3 4 2 3 3 0 4 4 4 1 1 2 4 4 1 
1 4 1 2 2 2 4 0 1 3 0 1 2 0 0 3 3 1 0 3 0 2 0 4 2 3 0 1 2 2 4 3 1 1 3 3 3 2 0 1 2 0 0 4 0 0 2 1 3 4 1 3 2 1 4 1 1 2 2 4 4 4 4 0 0 4 0 0 3 3 3 1 3 3 2 1 0 2 4 4 1 0 4 0 4 4 1 0 1 1 1 2 0 3 2 2 2 4 2 1 2 0 4 3 1 1 4 3 0 3 4 2 0 4 4 1 0 1 4 3 4 0 0 4 0 4 1 3 3 0 1 1 2 0 4 3 3 0 2 1 0 1 0 0 2 4 4 2 0 0 3 2 1 0 2 0 1 1 3 1 2 3 2 3 1 4 4 4 4 4 3 0 1 2 0 1 4 0 2 4 2 0 1 4 3 4 1 4 2 0 2 4 3 4 4 1 0 3 3 1 
4 1 2 0 3 4 4 0 4 1 4 4 4 0 0 2 1 1 3 4 3 0 3 2 1 0 3 3 3 1 4 0 0 3 0 0 3 1 0 4 0 1 3 4 2 0 3 0 2 3 4 0 0 0 4 3 0 0 1 0 3 2 0 3 1 3 1 4 4 1 3 4 0 4 0 2 4 3 2 3 1 4 4 1 4 0 4 1 0 2 1 1 0 4 4 3 2 2 2 1 1 2 3 1 3 3 3 3 4 2 3 0 3 4 4 4 0 0 0 2 3 4 3 0 3 0 3 2 2 2 3 3 1 3 4 0 4 4 0 3 2 3 0 2 3 4 2 3 2 2 0 2 0 3 1 2 1 1 2 3 3 4 4 4 0 4 3 0 3 3 0 1 2 1 2 4 4 3 1 4 0 1 1 2 4 2 4 3 0 1 3 1 2 4 0 3 4 3 0 2 
3 3 4 0 4 3 2 3 1 0 4 2 3 0 4 3 0 1 3 0 4 1 3 2 3 3 2 2 2 2 1 2 0 2 0 1 0 2 1 4 4 0 1 3 3 2 3 3 0 1 0 0 4 4 4 2 4 1 1 1 0 3 1 3 0 1 4 3 0 1 2 4 1 0 4 4 4 2 4 0 3 2 2 0 1 1 2 0 4 4 4 4 2 2 4 4 3 4 2 3 0 4 4 3 4 4 0 4 1 4 1 2 1 3 2 4 1 1 2 2 0 1 3 4 3 3 1 3 2 3 3 4 0 2 4 1 3 4 2 2 4 3 1 2 3 3 2 1 4 4 3 0 2 2 2 1 2 2 4 0 1 3 3 0 0 2 1 1 3 1 4 2 2 2 3 4 3 1 3 4 2 4 3 4 1 2 3 0 1 2 0 2 2 0 4 2 0 0 4 0 
3 3 2 0 2 0 2 0 1 0 0 3 2 0 0 0 4 3 1 2 0 3 1 0 1 0 2 1 2 1 1 1 1 3 3 4 3 0 1 1 3 3 1 0 0 1 2 4 4 3 3 2 4 4 2 0 1 4 1 1 3 4 2 4 4 2 0 4 0 2 0 3 0 1 0 1 0 2 2 4 3 1 3 2 2 0 4 4 2 2 0 0 1 4 1 2 1 2 1 1 4 3 1 4 1 3 0 1 3 0 3 1 1 1 0 3 2 1 4 1 3 4 3 1 0 4 3 4 1 1 0 2 1 4 2 2 2 4 4 0 1 2 3 2 0 0 3 2 1 4 0 1 0 1 3 2 1 0 2 0 3 0 3 1 1 2 0 4 1 1 0 4 3 4 2 2 4 0 2 4 1 2 4 3 3 0 2 1 2 0 2 0 0 2 3 4 1 3 3 2 
2 0 1 2 4 1 4 3 1 4 2 4 1 4 4 1 1 2 2 3 4 1 3 1 0 4 0 1 4 0 1 1 0 4 3 4 0 0 0 3 4 4 3 2 0 2 3 1 1 2 4 2 1 0 4 1 1 4 0 0 0 1 2 2 2 2 2 3 2 4 1 3 3 1 2 4 1 2 0 2 0 2 0 3 4 1 1 0 2 1 0 4 4 4 2 4 2 1 2 1 0 0 2 3 4 4 2 0 2 0 4 4 4 1 2 0 2 0 0 2 4 2 1 0 4 0 4 3 1 3 4 1 1 3 2 0 3 1 0 2 3 1 1 2 0 0 2 4 0 4 1 1 4 0 0 2 3 0 1 3 4 0 4 2 1 3 4 3 3 3 0 0 1 1 3 4 1 0 3 1 2 0 4 4 1 4 1 1 2 4 4 1 1 3 3 4 1 3 2 1 
1 4 3 4 1 1 3 4 3 4 2 1 1 4 0 2 3 3 3 0 2 2 1 1 2 2 0 4 0 0 2 3 4 1 2 2 2 3 4 1 4 3 4 0 2 1 2 3 4 2 3 3 4 2 4 1 4 2 2 1 4 0 1 3 1 3 3 0 3 2 3 2 2 2 4 0 3 1 3 4 3 3 0 4 0 4 3 1 3 0 2 2 2 3 3 0 4 3 1 4 0 1 4 4 1 3 4 1 0 4 1 0 3 1 2 0 2 0 2 3 2 4 2 2 0 0 2 1 3 0 0 0 4 4 0 0 3 1 1 0 1 4 2 4 2 4 4 0 1 3 3 1 0 0 0 3 0 3 2 1 3 0 3 1 4 3 3 1 3 4 4 0 2 4 2 3 1 4 0 3 0 3 3 3 3 1 1 0 4 1 1 4 1 2 0 2 2 3 3 0 
0 2 0 2 3 4 1 0 3 1 0 1 1 4 4 0 0 1 0 1 4 4 0 0 3 3 2 0 3 2 0 3 4 2 3 0 1 1 0 2 4 2 3 0 1 2 2 1 0 3 2 4 4 0 1 2 3 0 2 1 2 4 2 4 3 2 4 1 3 1 3 4 3 1 4 0 1 2 3 1 2 3 3 3 3 4 2 3 0 4 1 2 0 0 3 0 2 2 1 0 0 0 4 4 3 1 1 1 0 1 0 4 4 3 2 4 4 4 4 4 0 1 4 2 1 2 2 4 2 3 1 2 0 3 3 1 1 1 2 1 3 4 2 2 2 1 4 2 2 3 3 4 4 4 1 0 3 4 3 4 1 3 2 0 1 0 1 2 3 2 1 4 0 1 3 0 0 4 4 4 1 2 3 0 4 4 3 4 3 1 3 1 2 0 2 3 3 0 0 1 
2 3 3 3 4 1 3 2 1 4 1 4 1 1 2 2 1 0 1 4 4 4 3 1 2 2 4 0 2 1 3 4 4 1 4 1 3 4 3 1 3 4 0 0 3 2 2 4 0 1 0 4 0 3 0 2 0 1 4 2 4 3 4 0 4 3 1 4 3 1 0 1 3 3 3 1 2 3 0 2 4 2 3 1 1 3 1 1 1 0 1 0 0 0 1 2 3 4 3 3 1 4 0 1 4 0 2 3 3 4 3 4 1 1 1 2 2 2 1 0 4 4 1 2 4 4 4 4 0 2 3 3 3 0 4 4 0 1 3 1 2 3 0 4 1 1 3 3 0 1 4 0 0 2 2 1 0 3 3 3 3 0 3 2 1 3 1 0 0 0 0 1 2 0 2 3 2 0 2 0 1 0 1 3 3 0 2 4 0 0 2 4 2 0 3 0 0 1 3 1 
3 3 4 1 4 3 1 1 4 0 3 2 1 2 2 4 4 4 3 0 1 3 1 3 0 4 4 1 2 2 4 1 2 3 4 3 4 0 1 0 1 2 2 4 4 1 3 3 0 3 0 1 3 1 1 4 2 2 2 0 1 1 3 4 1 2 4 0 4 1 2 2 3 1 3 4 2 1 4 2 2 0 0 0 1 2 1 1 1 3 1 3 1 1 2 0 0 3 2 4 4 0 4 4 1 2 0 1 1 2 3 3 2 1 0 0 0 4 1 1 4 4 4 3 0 3 3 0 2 2 2 3 2 1 0 1 0 0 2 1 4 2 1 1 3 4 4 3 3 0 0 4 2 1 2 2 0 0 2 0 2 0 2 0 4 0 2 0 0 0 4 4 4 2 0 3 2 1 2 1 4 4 3 1 1 4 0 1 4 3 3 3 3 0 1 4 2 3 0 4 
3 4 3 0 3 1 3 1 2 0 2 4 1 2 0 3 1 0 1 3 3 4 1 3 1 4 3 0 3 0 4 3 1 3 0 0 4 3 1 3 0 0 2 2 2 2 2 0 3 0 0 3 4 4 4 2 3 2 2 1 4 3 2 0 1 2 0 2 3 3 1 3 3 3 2 2 3 4 3 3 1 0 3 0 4 2 4 3 1 3 1 0 2 3 1 0 3 3 0 3 2 1 1 2 1 1 0 1 0 0 4 2 0 0 4 0 2 1 0 4 4 1 1 3 2 4 4 2 0 4 0 2 2 1 1 0 2 1 4 0 3 3 4 4 3 0 1 3 3 1 4 0 4 0 3 1 2 4 0 3 2 3 3 1 2 2 2 0 1 1 4 3 4 4 4 0 0 2 3 3 0 1 2 0 1 4 1 2 3 0 3 0 1 3 3 3 2 1 3 1 
2 4 1 3 4 1 4 4 0 2 2 2 4 1 0 2 2 1 4 1 3 4 3 4 0 4 0 2 0 0 0 4 0 2 2 4 0 3 3 0 3 2 4 2 0 4 4 4 0 0 2 4 2 3 0 2 2 0 1 2 1 4 3 3 1 0 2 3 1 2 0 4 1 4 3 1 4 2 2 1 4 0 2 3 3 3 2 0 3 4 4 1 3 2 4 1 2 1 4 0 0 1 4 1 0 2 4 1 1 2 3 3 2 0 1 2 3 4 2 4 0 1 0 0 3 0 1 2 3 2 3 1 3 4 4 3 2 4 0 3 3 0 1 2 0 0 4 1 4 1 0 1 4 0 1 4 2 2 1 0 1 1 1 4 4 1 3 4 0 2 1 3 2 1 2 4 4 4 3 0 3 1 0 4 0 2 2 1 0 4 3 3 0 1 2 1 4 0 2 4 
0 4 0 2 2 4 2 3 3 2 3 3 4 0 2 1 0 4 3 0 0 3 0 2 1 4 0 1 1 2 0 1 3 2 1 3 1 0 1 4 2 2 2 3 4 1 2 4 2 0 1 4 0 3 3 1 2 3 2 4 3 0 2 1 2 0 4 1 2 3 2 0 0 2 0 1 3 2 1 3 4 4 2 4 3 3 3 2 1 0 1 4 2 1 3 0 3 2 3 1 2 0 3 2 2 3 4 3 3 2 1 4 1 0 4 1 3 2 4 0 4 2 1 2 3 4 4 4 4 2 0 1 2 3 1 0 3 2 3 1 4 1 1 2 1 2 4 2 1 3 4 2 0 0 4 1 2 0 0 3 0 2 0 4 2 0 0 4 0 4 4 4 3 0 0 1 3 4 0 0 2 0 1 4 0 4 1 3 1 1 3 4 1 0 0 3 2 3 2 3 
2 3 2 3 3 4 4 3 3 1 1 2 3 2 1 0 1 2 4 4 1 2 0 2 0 1 0 2 1 4 2 3 2 4 1 2 3 2 2 3 0 3 0 3 3 4 4 1 1 3 1 2 2 1 1 4 4 1 4 0 2 1 1 1 1 4 0 1 2 3 0 4 1 2 3 1 1 4 3 0 4 4 4 3 2 1 3 4 4 2 4 2 3 2 0 1 2 1 3 1 4 3 2 2 2 0 4 4 1 2 4 0 1 0 4 0 1 4 4 1 1 1 0 1 3 0 3 2 1 1 0 0 1 3 3 3 0 4 4 4 1 0 4 4 1 0 4 2 1 1 3 2 2 0 1 2 1 4 2 2 2 0 4 0 3 2 0 3 0 4 3 4 2 3 0 1 1 3 2 4 4 3 4 4 0 0 0 0 1 1 2 0 3 3 2 3 1 2 1 3 
1 1 4 3 2 1 1 3 4 4 2 1 2 4 0 0 4 2 0 2 3 4 4 1 4 2 4 2 4 2 0 3 4 4 3 1 1 2 4 2 1 4 3 3 3 0 0 4 2 2 3 2 3 2 0 3 1 1 0 3 4 3 1 0 2 1 1 0 3 2 0 4 3 0 0 3 1 2 2 0 0 2 3 3 2 3 3 3 2 4 1 1 2 4 3 1 3 1 4 1 3 4 3 4 4 0 2 2 2 2 3 4 4 3 0 3 3 3 2 0 4 0 3 3 0 1 2 3 2 1 1 3 2 1 2 3 1 1 1 1 3 1 2 0 4 2 3 4 3 0 0 2 3 3 3 3 2 0 3 4 3 1 0 2 0 3 1 0 1 3 1 4 1 2 2 3 3 4 2 3 2 4 0 2 2 0 0 2 2 2 2 2 0 4 1 0 2 3 2 0 
3 4 0 1 3 2 0 4 3 4 2 1 3 4 0 3 4 0 2 2 2 0 1 4 4 2 1 3 2 3 3 0 2 0 2 3 2 2 2 1 3 1 4 3 0 4 1 1 1 1 3 0 1 4 4 2 4 2 2 1 0 2 2 0 3 4 3 2 3 2 0 1 0 4 4 2 0 3 3 3 4 2 0 2 3 1 4 2 3 1 4 4 0 1 4 3 2 2 3 0 1 3 3 1 0 2 3 2 2 1 1 1 0 1 3 4 3 4 1 1 2 0 2 3 1 1 3 0 0 1 0 1 0 0 4 2 0 4 4 2 1 0 1 1 4 4 0 4 1 2 2 3 4 0 3 1 3 2 3 4 0 4 2 0 0 1 4 2 1 3 4 4 4 4 0 3 0 1 0 4 4 2 4 0 4 4 3 0 2 2 3 3 3 4 3 0 3 2 0 4 
0 4 0 2 0 0 0 1 4 0 2 3 0 1 3 4 0 4 1 0 1 1 0 1 3 3 2 1 0 2 2 3 1 3 0 3 0 0 4 4 2 2 0 4 0 0 0 1 4 3 3 3 0 3 4 0 4 1 3 4 0 0 2 3 3 2 2 1 4 3 0 4 2 2 0 3 3 1 1 4 4 4 2 1 4 4 1 3 2 1 0 0 2 2 3 2 2 2 3 3 1 1 2 3 3 3 3 3 1 4 3 0 0 2 4 0 1 0 0 1 2 0 1 1 0 1 3 4 4 2 2 2 3 2 2 3 2 1 2 3 0 2 0 3 4 4 0 3 2 0 4 1 3 2 2 0 3 2 4 4 1 1 1 1 0 0 4 0 4 0 4 2 2 1 0 0 0 1 0 0 3 3 1 1 1 3 0 3 4 3 2 3 1 0 0 3 1 4 0 0 
1 4 0 0 0 2 1 2 3 3 3 4 1 4 0 4 0 1 2 4 1 1 2 2 2 2 2 0 3 2 2 1 1 4 2 1 1 0 4 0 3 4 4 2 0 1 3 0 4 3 4 2 4 4 0 3 3 4 3 4 2 1 0 3 0 2 2 4 2 3 4 3 4 0 2 4 3 0 0 3 3 1 0 0 0 2 3 1 2 2 0 4 0 0 4 2 0 3 1 4 1 0 4 0 2 1 2 1 2 2 4 2 3 1 2 1 4 1 2 3 0 2 2 0 4 3 2 4 2 1 1 0 3 0 3 1 2 0 4 4 2 0 3 2 1 1 0 2 4 2 0 4 1 2 1 1 3 0 2 0 1 3 0 0 4 0 0 3 1 0 2 2 4 2 0 2 3 3 2 1 2 2 1 1 3 1 2 1 4 3 4 1 1 2 3 1 1 4 1 4 
4 3 1 4 2 4 3 1 2 0 4 0 4 2 1 3 0 1 1 1 1 0 2 2 3 3 1 1 2 2 1 3 3 4 2 0 3 2 3 1 0 4 1 4 2 4 4 4 2 1 1 3 1 0 3 1 3 1 0 0 0 3 4 3 2 3 1 3 1 4 1 1 4 2 2 3 3 2 2 3 0 0 3 3 1 1 0 4 2 2 0 3 0 1 3 4 1 4 4 2 4 0 0 0 4 0 0 0 2 2 3 4 3 1 2 1 3 4 0 2 1 2 2 1 0 3 3 2 2 2 1 3 0 4 0 4 4 0 4 3 3 2 2 3 4 4 1 4 4 1 3 0 1 1 4 1 4 4 3 3 3 2 2 3 1 2 0 3 0 3 4 3 3 2 2 3 3 1 1 4 2 2 2 0 0 0 1 2 1 0 2 0 3 4 4 4 0 3 4 2 
3 3 2 3 2 4 1 0 3 2 4 0 2 4 0 2 4 3 1 1 3 4 3 4 3 2 3 1 0 4 3 4 2 1 2 0 2 1 2 0 0 2 3 4 1 0 4 2 4 0 3 4 1 1 3 0 3 3 3 1 2 3 2 2 1 1 2 4 4 4 1 2 3 4 3 1 0 2 4 1 0 4 0 1 1 1 3 1 4 1 4 4 0 1 1 1 0 0 2 4 1 4 1 0 3 0 1 0 4 2 1 4 2 2 1 0 3 4 1 4 3 1 3 3 4 1 1 4 1 4 4 3 0 2 0 3 4 3 4 1 1 0 0 0 4 3 0 2 0 1 2 0 4 2 0 4 1 1 0 2 2 1 2 2 1 2 3 0 0 3 4 3 4 1 1 1 1 4 1 0 1 4 4 1 4 2 1 0 3 0 2 2 4 4 2 2 0 4 2 2 
4 1 1 3 2 4 1 3 3 2 4 2 2 0 0 3 4 2 3 2 4 2 2 3 1 4 0 3 0 2 1 0 3 4 0 3 3 2 1 3 1 2 2 3 3 3 1 2 0 1 2 4 4 1 4 2 2 0 1 2 4 4 4 0 0 2 3 3 1 1 3 2 1 1 1 1 4 4 3 1 3 2 2 4 0 1 1 2 3 4 2 0 3 3 2 3 0 2 3 1 3 4 1 1 0 4 2 1 0 3 2 3 2 1 2 3 2 1 0 3 0 2 3 1 1 2 1 3 4 0 2 4 4 3 1 1 2 0 2 4 3 1 3 1 2 2 1 1 0 1 1 3 1 1 4 4 3 0 2 2 2 1 2 3 4 0 1 3 0 0 3 3 1 1 3 2 0 2 0 4 3 1 0 1 4 2 2 3 2 4 3 0 2 4 4 2 1 1 4 1 
1 4 1 4 3 1 3 3 4 3 2 2 0 3 3 1 2 0 0 4 1 0 1 0 1 2 3 4 3 4 1 2 0 4 1 3 1 0 2 0 3 1 2 0 1 2 2 3 4 4 0 0 4 1 1 2 4 1 2 2 2 0 1 2 4 0 3 0 0 0 2 0 3 4 3 0 3 2 3 4 1 0 0 2 2 3 4 3 1 3 2 3 3 4 2 3 4 0 0 1 2 3 1 1 4 1 1 3 3 1 2 1 2 4 0 1 4 2 4 0 0 1 0 4 2 3 4 1 3 4 2 1 2 1 4 2 2 2 2 3 0 1 4 4 1 2 0 2 4 1 0 4 3 0 0 0 0 4 4 4 4 1 2 1 4 3 0 4 0 0 2 4 0 1 0 0 4 2 2 1 1 4 1 1 2 4 1 4 4 3 3 0 2 2 4 0 3 2 3 2 
2 2 1 0 3 2 0 2 4 2 4 3 1 2 1 0 3 4 0 3 2 0 0 4 4 0 2 3 2 0 0 2 2 4 2 1 3 4 0 4 1 4 2 0 4 3 2 2 3 4 2 0 0 3 2 1 0 1 4 2 1 2 1 0 3 3 3 1 2 4 0 1 0 0 3 1 3 0 4 3 2 1 1 4 1 0 0 1 1 0 1 4 4 2 4 2 3 0 3 2 4 0 3 1 2 3 3 1 1 2 1 3 0 2 2 4 4 4 0 0 4 3 4 0 1 1 2 4 1 2 1 2 0 2 3 2 2 1 0 3 0 2 3 3 1 2 4 1 2 1 1 3 0 3 4 1 4 3 2 2 1 0 4 3 4 4 0 2 3 1 0 2 0 0 1 0 1 0 4 2 2 1 1 3 1 1 4 4 2 2 3 4 0 3 0 3 3 4 1 2 
4 2 4 0 4 2 0 0 0 2 0 2 3 3 2 1 4 1 0 3 4 3 2 4 3 4 0 3 0 1 0 0 0 2 0 4 1 2 1 1 4 3 1 4 1 3 0 2 0 0 0 1 0 4 2 4 3 4 2 4 0 0 4 0 2 1 1 3 0 3 2 2 3 3 1 0 3 2 4 3 4 2 1 0 1 1 1 2 0 0 3 3 0 2 0 2 0 2 3 2 2 0 4 0 0 3 2 3 2 2 4 1 1 0 3 4 3 4 1 4 0 4 4 0 3 4 0 0 1 0 3 0 0 4 1 2 4 3 0 1 2 4 3 0 2 1 0 0 3 1 1 3 3 0 0 3 0 0 4 3 2 4 4 2 0 0 4 0 0 2 1 0 0 1 4 2 3 3 2 4 1 1 2 1 4 3 3 2 3 1 3 1 3 2 0 3 3 2 4 0 
0 1 1 2 3 3 4 3 1 4 2 4 0 0 2 1 0 0 0 3 1 4 1 0 3 4 3 3 1 2 3 3 4 0 0 4 3 2 2 1 1 2 2 3 4 1 4 4 1 4 4 0 0 0 2 4 4 2 2 3 4 1 1 0 3 4 1 3 3 4 1 4 3 3 2 2 1 3 1 2 4 2 4 0 2 1 1 4 3 0 2 0 3 0 2 1 1 4 4 4 0 0 0 3 0 4 0 1 4 3 1 4 2 2 4 4 1 0 3 4 0 2 1 1 3 4 2 1 0 4 1 0 1 3 3 4 0 0 2 4 0 3 3 2 3 4 3 4 1 2 0 4 1 2 0 1 3 2 3 3 3 1 3 0 1 3 4 1 0 1 1 0 0 2 1 4 2 1 2 1 2 1 1 3 3 0 3 4 3 3 4 3 1 0 3 1 2 1 2 0 
1 1 3 3 0 0 2 2 3 2 3 2 3 1 1 3 4 4 3 2 2 4 3 4 0 1 2 4 3 2 4 1 3 3 2 3 0 1 0 3 3 0 0 4 3 3 2 2 3 2 2 2 2 0 3 4 3 3 0 3 0 4 2 3 4 4 3 4 2 3 4 3 0 2 2 3 0 1 3 0 4 2 3 3 4 3 2 2 1 2 1 1 3 3 1 0 2 4 4 1 4 1 4 4 3 1 0 3 3 0 4 4 2 4 2 1 2 1 3 4 0 4 2 0 4 4 0 1 0 2 0 0 3 4 4 1 3 1 4 3 1 3 2 3 4 1 1 2 2 0 3 2 1 2 4 1 3 0 4 4 2 4 4 0 4 0 1 4 4 2 2 0 1 0 4 1 2 0 2 4 4 2 4 3 1 2 2 2 0 2 3 1 4 3 2 4 4 3 2 3 
4 0 0 4 3 1 2 0 1 0 2 2 4 1 0 0 3 2 4 1 0 3 2 1 3 0 3 2 0 0 2 4 2 4 0 0 0 3 3 3 0 0 0 4 1 0 2 2 4 1 0 4 1 4 3 4 1 1 3 1 3 0 2 1 4 0 1 1 3 4 4 0 1 1 4 3 1 1 2 1 0 4 2 1 3 0 1 0 3 4 3 2 2 3 3 1 3 1 0 3 3 4 3 4 3 2 4 4 1 1 2 1 2 2 2 1 4 0 1 3 0 1 2 4 4 0 2 2 1 2 0 1 4 0 1 2 3 0 3 1 4 1 2 1 0 1 4 4 2 0 4 4 4 1 3 3 3 2 1 2 0 3 3 4 4 4 1 4 2 4 0 3 2 4 0 1 4 2 1 1 4 3 0 0 2 4 0 1 2 3 4 1 3 2 0 4 3 1 2 2 
3 3 2 3 3 3 0 2 1 1 3 2 4 1 3 2 2 0 0 1 0 4 3 3 3 0 4 2 1 1 4 2 2 4 0 0 4 0 2 0 1 3 3 3 1 3 2 0 0 2 3 1 3 1 1 1 3 1 3 0 4 0 4 1 4 4 1 0 0 1 1 3 1 1 3 4 4 0 4 1 4 2 2 2 1 4 4 4 0 4 1 1 1 0 3 2 2 1 3 4 2 4 2 0 0 1 4 1 3 0 2 3 0 2 0 1 1 1 2 3 3 1 4 4 3 2 2 0 1 0 4 3 1 4 1 3 0 0 1 0 3 0 3 3 2 1 1 0 4 0 3 4 1 0 4 0 4 3 0 0 0 2 1 3 1 2 1 3 4 4 3 2 4 4 2 0 4 0 0 4 1 1 3 1 4 3 2 1 2 0 4 0 2 1 1 0 2 3 3 2 
4 2 0 2 1 1 1 0 1 2 2 0 0 2 1 1 0 3 3 4 0 2 1 2 0 2 4 4 0 2 1 0 4 3 4 2 0 2 0 3 4 2 3 1 4 1 3 1 1 1 2 1 0 4 0 2 1 4 3 4 1 4 1 2 4 2 0 4 4 2 3 4 4 3 2 0 0 0 1 1 3 3 0 0 2 0 2 1 2 0 0 0 1 3 3 1 0 0 2 4 2 0 0 3 1 3 3 3 0 1 1 4 4 1 4 4 4 4 2 3 1 4 3 3 2 1 1 2 3 3 1 2 1 4 0 2 2 0 2 2 1 3 3 3 2 3 2 3 4 1 1 0 0 4 3 2 3 4 4 1 0 2 4 1 1 1 0 0 2 2 0 0 0 3 3 2 0 3 2 0 2 3 1 3 3 3 3 2 1 0 1 2 0 1 3 3 4 0 3 0 
4 0 0 4 2 0 0 2 4 2 4 1 1 1 1 1 1 2 4 2 4 2 4 1 3 0 4 0 2 2 0 1 4 2 2 1 2 4 3 1 2 3 0 0 1 3 3 2 0 2 1 1 2 0 2 2 2 1 2 4 0 2 2 4 1 2 3 4 1 3 2 0 1 2 2 4 1 1 3 3 0 4 2 2 2 4 0 4 1 4 4 3 4 3 0 0 0 3 4 4 1 2 4 0 1 4 1 4 0 0 0 2 4 2 2 3 1 2 3 4 1 4 3 2 2 0 3 0 0 2 1 1 1 0 3 3 1 0 4 3 2 4 1 3 1 3 2 0 2 0 4 0 1 4 3 0 4 1 0 4 0 1 3 2 4 3 2 0 0 3 4 2 3 2 3 1 0 0 0 1 2 2 3 4 3 2 2 0 4 3 1 0 1 4 3 3 0 4 2 3 
4 0 4 4 0 1 4 2 3 4 0 0 3 3 4 3 3 4 3 2 2 1 2 0 3 3 3 3 4 2 1 3 0 0 4 2 3 0 1 1 4 2 3 4 2 0 2 0 4 3 4 3 4 2 4 2 2 4 3 1 2 4 1 4 2 3 3 0 3 0 4 0 4 2 4 1 2 4 4 1 4 3 0 3 2 1 3 1 0 1 2 4 2 1 0 1 1 4 4 4 4 3 1 0 0 1 3 0 2 2 1 1 3 3 1 0 4 1 2 2 4 1 1 4 4 2 0 0 1 1 0 2 4 1 2 2 4 0 2 3 0 0 1 3 4 0 3 0 1 2 2 3 1 1 2 0 3 4 1 1 1 3 0 2 1 4 4 1 1 3 1 1 4 3 4 0 3 0 0 2 1 4 2 4 0 3 3 3 1 3 4 4 1 2 1 3 3 0 0 1 
1 3 3 0 4 3 1 1 3 1 4 4 3 3 1 0 1 4 3 4 4 2 3 0 1 1 4 2 1 1 0 4 1 0 4 3 3 1 4 1 4 0 3 2 3 1 3 1 2 3 0 2 1 0 4 4 1 3 1 2 1 4 2 3 4 3 1 3 4 2 1 4 0 1 3 0 2 3 2 0 2 2 4 0 3 3 1 1 4 3 4 0 2 3 0 3 1 3 1 3 1 0 4 3 1 4 0 1 3 2 3 2 2 2 4 2 2 0 3 1 0 4 2 4 2 4 3 1 3 1 4 1 1 3 1 0 2 1 3 2 4 1 1 3 0 0 0 2 3 0 4 3 0 3 3 4 2 3 2 2 4 3 0 3 3 1 3 3 3 3 0 4 4 4 2 4 1 4 3 0 4 1 2 3 3 2 3 3 2 1 2 4 2 1 0 0 4 1 0 2 
1 3 0 0 4 4 4 3 0 0 2 0 2 1 0 0 4 3 0 1 1 0 2 3 1 2 4 2 1 1 0 4 0 0 2 4 1 1 0 1 4 4 3 3 0 3 0 1 3 3 4 4 3 2 0 4 1 1 1 4 2 3 4 4 0 1 1 1 4 1 0 3 2 3 3 4 4 4 1 2 2 0 4 0 4 1 1 1 2 4 0 1 0 1 3 0 2 4 2 2 2 2 2 4 2 3 3 1 2 4 1 1 2 2 3 3 3 4 4 2 0 2 0 0 3 3 1 3 2 0 2 4 4 1 0 1 4 4 0 1 0 3 2 2 0 0 3 0 1 2 4 4 1 4 1 2 3 4 0 2 4 2 4 0 3 4 4 3 0 4 1 1 2 4 0 4 1 3 4 0 0 3 3 1 4 4 2 1 2 4 3 2 0 0 3 1 1 4 0 4 
0 4 0 3 3 1 3 2 0 4 3 2 2 1 0 3 0 2 2 0 1 0 4 2 1 2 0 4 3 0 3 3 1 0 3 4 4 4 3 1 3 1 0 2 2 0 2 4 2 4 1 1 2 0 0 0 4 0 4 3 2 2 3 3 4 2 4 0 1 2 1 1 0 1 0 4 1 2 3 1 4 0 2 1 2 4 1 2 1 0 2 3 4 0 3 3 2 4 4 0 1 2 1 3 4 1 2 2 1 2 3 0 2 2 1 2 1 2 1 4 2 3 2 1 3 2 1 3 1 0 0 4 3 4 2 4 0 4 1 1 2 0 3 1 2 4 0 1 3 1 0 0 4 0 3 0 2 0 0 1 2 0 0 2 4 3 1 2 4 0 0 3 0 4 2 4 0 2 2 4 1 0 3 1 2 0 0 4 2 2 4 3 4 2 1 4 3 1 0 2 
0 0 3 1 2 4 3 4 1 2 1 0 0 1 2 3 1 4 2 1 1 4 1 2 3 2 1 1 3 4 4 1 1 4 2 4 0 2 3 1 1 4 4 2 3 3 2 4 2 4 0 0 0 2 2 3 1 4 0 0 0 1 3 1 2 0 0 4 4 0 2 0 2 1 4 0 4 1 4 3 3 2 3 3 1 1 2 2 2 4 4 2 0 2 3 4 4 1 3 3 1 0 1 3 2 0 3 3 4 0 2 2 2 0 0 0 3 2 2 2 1 4 4 3 1 0 2 3 1 0 3 4 1 4 3 0 2 3 3 1 0 2 3 4 0 3 4 3 3 4 1 4 3 2 3 1 2 2 1 0 3 0 0 1 4 0 1 3 0 1 4 1 1 4 0 1 3 2 1 3 1 4 0 2 1 2 2 4 1 0 3 4 0 3 1 1 4 1 4 3 
3 2 4 4 3 4 2 1 2 1 3 0 2 2 4 0 1 4 1 0 1 4 4 1 4 0 4 4 3 0 2 1 2 3 3 3 2 0 4 1 1 4 3 0 4 3 2 0 4 0 2 0 2 1 1 1 3 2 0 1 2 4 0 4 3 3 4 0 0 1 2 3 0 0 0 4 0 4 2 4 4 4 4 3 3 2 0 1 4 2 0 3 2 2 0 2 0 4 4 2 0 3 2 3 1 4 2 1 3 4 3 4 1 4 3 4 4 3 0 0 0 2 4 4 4 4 3 1 0 3 0 3 1 2 1 2 1 0 1 1 2 1 1 3 2 1 2 1 4 4 2 1 4 3 3 3 4 1 2 4 4 2 2 3 2 0 2 0 1 0 2 3 1 0 1 1 1 0 2 2 4 1 0 0 0 4 3 4 3 0 3 0 1 0 2 4 2 3 4 3 
4 4 2 2 3 2 0 4 3 0 1 2 1 0 2 2 4 1 3 0 3 1 0 4 3 2 1 3 2 0 3 3 4 0 2 4 2 2 3 2 2 2 1 1 2 3 3 3 4 3 3 2 4 3 4 2 3 0 2 2 2 0 1 1 0 3 3 4 3 1 3 2 3 4 3 2 3 3 1 4 1 4 4 0 3 3 0 3 0 4 0 2 0 1 0 2 2 3 2 0 0 2 4 0 2 3 3 2 1 4 1 3 3 0 0 3 0 2 1 0 4 2 2 4 0 0 1 4 3 0 1 3 3 1 1 0 4 4 2 2 3 0 2 3 3 0 2 3 4 0 4 3 4 3 4 0 3 1 1 4 3 3 2 1 4 0 3 0 4 0 4 4 3 4 0 1 4 4 4 0 4 0 1 1 0 1 0 3 1 3 4 0 2 2 0 3 3 0 2 0 
0 4 0 1 4 1 1 0 0 2 2 2 2 2 3 3 0 4 1 2 2 2 2 4 0 2 0 0 0 4 1 0 0 3 3 0 4 2 0 1 4 2 3 3 2 2 1 4 3 4 1 2 2 1 4 4 3 4 1 0 0 4 2 0 4 1 0 0 3 3 1 4 2 2 3 1 1 1 1 4 3 2 1 2 3 0 1 4 1 4 4 1 4 2 2 3 0 4 4 0 2 2 4 0 1 2 3 2 1 4 3 4 2 2 1 2 4 4 3 1 3 3 4 2 2 3 3 2 3 4 4 2 3 3 4 0 3 3 2 4 2 3 0 1 0 1 4 4 2 2 2 0 2 2 0 1 2 0 0 2 4 4 2 4 3 1 4 3 1 4 2 1 2 4 2 4 0 3 3 4 3 1 4 2 0 0 1 4 4 1 4 2 2 4 4 2 4 2 1 2 
1 2 1 2 4 0 1 3 2 0 4 1 0 2 2 2 4 4 1 3 0 1 2 3 2 1 0 1 1 3 3 2 1 4 4 2 1 0 1 3 2 2 1 2 4 3 0 3 2 3 1 3 4 4 3 3 2 3 4 3 3 4 2 4 3 1 2 1 4 0 1 1 2 2 1 1 3 1 1 0 4 4 0 1 0 3 4 3 3 1 3 2 0 3 3 1 1 0 2 0 2 4 4 4 3 0 2 1 3 3 2 4 3 4 0 3 3 2 3 1 0 4 0 0 2 4 1 3 1 1 1 4 2 0 3 0 2 1 4 2 1 3 1 1 2 4 2 2 3 0 1 3 1 1 3 0 2 2 1 4 0 2 3 2 4 1 4 3 4 3 0 3 3 3 4 1 2 1 0 0 4 1 3 0 3 4 0 3 0 3 4 1 3 3 4 2 4 3 3 4 
4 2 1 2 2 4 2 0 2 0 1 4 4 2 0 2 2 4 0 0 4 1 1 4 1 3 1 2 1 4 1 0 3 2 0 3 1 4 3 0 4 4 0 1 4 0 3 1 1 0 3 2 3 2 1 4 0 4 3 1 3 1 3 4 3 3 2 1 4 0 4 4 2 1 0 1 1 0 4 4 2 3 1 0 0 4 1 2 3 4 3 3 0 3 2 0 4 1 3 3 4 2 2 1 0 4 4 1 4 3 2 1 3 0 3 0 4 4 2 4 3 2 3 0 1 2 0 0 1 1 3 0 0 3 3 1 2 2 4 4 2 2 2 3 4 1 3 1 2 3 0 3 0 0 3 1 3 1 1 4 4 2 1 4 0 1 0 4 3 0 3 2 4 3 0 0 1 1 1 3 4 2 1 4 2 2 3 0 2 0 1 3 4 3 1 3 0 2 1 0 
0 3 3 0 4 3 0 4 4 3 1 0 2 0 1 4 4 0 2 2 2 3 2 1 4 4 2 4 1 0 4 4 3 0 4 2 3 1 3 0 0 1 0 4 1 3 3 1 1 0 0 3 1 2 0 0 3 4 1 2 4 1 1 4 3 2 3 1 0 1 3 2 3 3 2 4 4 0 2 0 3 4 3 1 4 0 3 2 4 4 4 0 0 2 4 0 4 2 2 0 4 2 2 2 1 1 3 0 4 3 2 2 2 0 0 1 1 3 4 2 4 0 3 2 3 2 2 4 0 1 4 4 4 4 3 0 0 3 2 4 1 4 3 1 1 0 2 2 3 3 2 0 1 0 2 4 2 4 3 4 1 0 0 2 4 0 4 1 4 1 3 2 2 1 3 3 2 3 3 2 1 0 2 2 2 1 3 4 0 3 2 4 1 4 1 3 0 2 2 1 
1 0 1 0 2 3 4 2 2 2 2 1 0 2 1 3 1 2 3 1 0 0 2 3 1 3 1 1 2 0 0 3 0 1 1 4 1 0 4 3 4 1 0 4 1 3 4 2 0 3 0 3 0 2 1 2 3 0 0 0 0 2 1 3 1 2 2 2 4 1 3 3 0 0 2 1 3 4 0 0 2 1 3 2 0 2 1 3 2 2 1 2 4 4 2 2 3 2 0 2 3 0 2 0 0 1 3 0 0 4 0 2 0 4 0 0 1 3 1 0 0 4 4 2 3 2 4 1 4 1 0 4 1 2 0 3 3 3 3 4 2 4 3 4 0 0 0 3 4 3 3 4 2 2 3 0 4 3 3 3 4 3 0 3 2 0 1 0 0 0 1 0 1 0 4 3 0 1 1 4 4 4 1 3 1 4 0 3 2 0 3 3 4 3 3 2 0 0 0 3 
1 2 4 1 3 4 2 1 2 4 2 1 0 3 2 1 2 4 1 0 1 2 0 2 2 4 1 0 4 2 3 0 4 2 3 0 4 1 1 3 2 1 4 4 4 4 2 3 3 4 3 1 3 1 4 0 0 2 0 1 4 0 2 1 0 2 1 4 0 4 2 4 0 3 1 2 2 3 0 2 4 1 4 2 2 0 0 4 4 0 0 4 1 4 2 1 2 3 2 4 2 1 4 0 1 2 4 1 0 1 3 0 4 4 4 3 1 4 2 1 2 3 2 0 4 4 3 3 4 2 3 3 0 4 3 1 1 4 2 3 1 3 0 2 2 0 1 1 1 3 2 0 3 1 0 3 0 0 3 1 4 3 4 4 2 0 1 0 4 0 1 2 3 1 0 3 3 1 4 0 1 3 0 0 4 3 0 1 0 3 0 2 0 4 1 4 1 1 2 4 
3 3 0 0 1 1 0 4 0 3 0 2 0 3 4 2 2 2 2 3 0 2 2 0 1 4 4 0 2 4 1 0 2 1 1 3 4 3 0 1 4 0 3 1 4 0 3 3 4 2 4 4 4 1 4 3 2 1 0 0 0 1 0 2 4 3 2 0 4 2 4 3 0 4 4 1 4 4 4 4 1 0 3 2 4 0 2 1 1 2 1 3 0 4 2 1 4 4 4 3 4 3 3 1 2 4 2 2 3 3 1 1 4 1 4 0 1 1 1 4 1 0 2 3 4 4 2 3 1 1 4 2 4 2 3 3 4 2 0 2 0 3 1 1 0 0 1 3 3 3 3 1 3 0 0 4 2 2 4 0 0 3 2 1 3 2 4 2 4 2 1 1 0 2 3 2 4 1 1 3 4 1 1 4 3 1 0 0 0 0 2 0 0 0 1 3 0 3 3 2 
4 0 1 1 2 0 1 2 0 2 0 0 4 1 1 0 4 0 1 2 2 3 4 0 0 1 3 1 1 1 3 3 3 1 4 3 2 2 0 4 4 0 1 0 3 2 1 2 4 4 1 2 2 3 2 2 1 0 0 2 4 4 2 4 2 3 2 1 0 2 0 2 4 1 2 2 1 3 2 0 4 3 4 1 1 1 1 2 4 1 2 0 2 4 4 2 3 2 3 0 1 4 2 1 2 2 3 3 2 0 1 2 1 0 0 4 2 3 4 3 0 1 0 4 2 4 3 2 3 2 0 2 3 2 3 0 4 3 4 4 1 0 1 4 2 1 3 1 0 2 4 2 0 1 3 3 1 2 2 1 1 2 0 4 2 0 4 3 4 0 2 2 2 3 1 0 2 4 1 4 2 1 3 2 2 1 2 0 0 2 4 1 0 4 1 0 3 2 2 2 
3 2 4 0 2 0 3 2 2 2 3 3 1 1 1 1 1 2 0 3 0 2 2 3 4 4 1 2 3 3 4 1 2 1 3 4 3 1 1 2 0 2 0 4 3 1 0 4 0 0 3 0 0 2 4 4 3 0 1 1 0 3 2 4 1 2 4 4 3 2 1 4 4 1 3 3 4 0 2 4 2 2 2 2 0 3 3 0 0 2 2 0 0 1 4 3 1 0 2 4 3 3 0 4 1 0 2 0 0 2 4 0 1 3 4 3 1 3 4 1 2 3 3 4 1 0 2 2 2 4 4 0 4 4 2 0 0 4 0 2 3 1 4 0 0 4 0 3 4 4 0 1 4 0 0 1 2 4 0 0 3 4 2 2 4 4 4 1 1 1 3 4 2 0 1 4 4 4 3 0 3 0 1 0 2 3 1 0 2 3 0 2 3 0 2 1 4 2 0 0 
0 1 0 1 0 0 0 0 4 4 0 4 4 0 2 4 2 0 2 2 4 1 4 1 4 2 2 3 1 2 0 3 0 0 4 1 3 4 3 2 3 3 4 3 3 3 4 2 1 2 2 0 3 1 4 2 0 3 2 3 1 2 3 3 4 3 1 2 4 4 2 3 2 3 3 2 3 2 2 4 4 4 2 2 2 1 1 0 4 0 0 2 4 4 3 1 2 4 3 1 4 2 1 3 2 1 1 1 4 3 0 0 4 4 0 3 0 3 3 2 1 4 1 0 0 1 1 4 1 2 2 2 1 4 0 4 2 3 0 3 1 0 4 2 0 1 1 2 4 4 1 2 0 0 3 2 1 1 1 4 0 4 1 2 0 4 1 2 2 1 1 1 3 2 3 0 3 4 0 4 1 3 4 3 3 2 1 2 0 2 3 1 1 2 0 0 3 1 3 1 
3 1 4 1 4 1 0 2 1 4 2 2 2 0 1 1 1 0 2 0 3 4 3 1 3 0 1 3 3 4 4 4 0 0 0 1 3 0 0 1 2 4 4 4 2 2 0 0 0 4 0 3 1 3 4 4 1 0 2 1 1 4 0 3 1 1 1 0 3 2 1 2 3 2 4 0 2 1 0 2 1 2 0 2 3 1 3 4 3 0 0 4 1 3 4 3 1 0 0 4 4 1 4 3 1 3 0 3 4 3 2 0 0 4 4 3 0 2 4 3 0 2 4 1 0 0 1 1 0 3 2 2 0 1 2 3 4 2 1 4 2 3 1 3 4 1 1 4 3 1 4 3 3 0 2 0 0 0 1 2 4 3 4 1 0 3 4 1 3 2 2 0 2 4 0 1 2 2 0 0 0 1 1 0 1 0 2 1 0 3 3 4 3 0 0 0 0 0 1 2 
3 3 4 1 2 0 1 3 2 0 0 0 2 1 3 2 4 3 4 0 3 4 1 0 3 3 2 0 3 4 2 4 4 4 0 2 1 3 2 1 4 3 1 1 1 4 1 1 4 2 3 2 4 1 2 4 4 2 4 0 1 4 1 2 0 3 4 1 1 2 4 2 2 0 1 3 1 2 4 0 1 0 0 0 1 4 4 3 1 1 3 4 0 1 2 0 4 1 3 2 0 3 0 2 0 1 3 2 0 4 4 3 4 4 1 1 1 2 4 2 3 4 2 3 0 1 0 4 4 1 3 0 4 3 4 1 1 2 0 3 2 0 4 3 1 0 4 2 2 0 2 1 4 4 1 1 0 2 2 4 0 1 1 1 1 3 2 0 0 3 3 4 0 2 0 3 2 1 3 2 2 0 3 3 1 4 0 3 3 2 4 3 3 1 4 2 0 4 4 2 
1 4 0 3 4 0 3 4 4 4 2 1 3 4 1 2 0 3 2 3 1 1 0 2 2 3 3 4 4 2 1 0 3 3 0 2 3 0 4 0 2 1 1 0 3 0 4 3 3 3 4 1 0 4 3 4 2 4 3 1 3 1 3 2 4 1 1 0 1 0 0 0 4 3 3 2 3 2 2 1 1 1 3 3 2 3 2 1 2 0 4 3 3 0 0 2 1 3 2 4 4 2 2 0 3 0 4 1 2 1 0 3 3 0 3 2 3 0 4 3 2 0 1 0 0 3 3 3 1 2 3 2 2 0 4 0 0 3 1 4 0 3 0 0 3 3 4 4 4 3 2 1 1 0 4 1 0 4 0 3 1 0 3 3 2 2 3 4 3 2 3 3 2 3 0 1 2 4 0 3 0 4 1 1 4 0 4 1 1 4 4 3 1 2 3 0 2 0 4 4 
0 3 0 0 0 0 0 1 4 1 3 2 1 2 1 2 3 3 2 4 0 3 1 0 2 0 3 2 2 4 4 4 2 1 4 3 3 1 1 3 3 0 2 4 2 0 4 1 4 3 0 1 3 3 1 0 4 1 0 1 1 1 3 3 2 4 1 2 1 0 0 1 0 0 2 2 0 1 0 1 1 3 2 0 1 3 2 0 0 2 4 1 0 2 1 4 1 0 2 4 0 4 0 0 1 3 4 2 1 0 0 3 3 3 3 1 3 2 2 0 2 1 1 2 0 0 2 1 0 1 1 0 0 1 0 2 1 1 1 3 1 1 1 1 4 1 0 0 3 2 0 0 0 4 0 2 4 2 3 4 3 1 1 0 0 3 2 1 4 3 1 3 2 2 1 3 0 1 3 4 0 4 1 2 0 1 4 4 0 0 0 3 1 3 1 3 1 3 0 0 
2 4 3 0 1 1 2 4 3 0 0 2 1 1 1 0 1 4 0 2 0 0 4 0 3 2 1 2 0 2 4 2 1 2 0 4 0 4 0 4 4 0 3 2 1 4 3 4 4 0 1 4 0 0 1 3 4 3 2 4 0 1 4 3 4 4 2 1 0 2 0 4 3 4 4 1 3 4 1 4 4 2 3 4 0 0 4 1 0 2 3 0 0 2 0 1 3 2 3 3 4 3 4 4 2 3 1 3 4 4 2 3 1 3 4 3 0 4 0 0 3 0 2 0 2 2 2 2 4 2 2 0 0 1 2 0 2 3 0 1 4 2 0 0 2 1 1 2 2 3 4 2 3 1 3 2 0 2 1 1 4 3 4 1 1 1 1 3 1 3 2 0 1 4 2 3 0 3 3 3 3 2 0 3 1 0 2 1 2 3 0 3 1 4 0 3 0 3 3 0 
