100
910 280
482 1272
380 2129
428 2410
551 3391
831 4008
752 4832
783 5800
728 6644
467 6943
911 7570
589 7845
606 8153
514 8664
836 9524
734 10361
459 10774
733 11580
352 12531
304 13348
233 13625
277 13928
583 14419
485 15028
551 15228
694 15589
919 15846
304 16687
877 16968
429 17758
870 18723
288 19690
263 19919
308 20887
591 21539
470 22195
410 22436
508 22928
561 23664
851 24208
724 24914
654 25897
904 26479
961 27125
815 27460
641 28045
287 28621
593 29533
325 29802
626 30735
759 31600
859 31882
775 32210
355 32627
899 33548
253 34540
573 34946
980 35286
653 35785
542 36667
641 37080
956 37836
743 38321
588 38576
776 39480
557 40004
245 40641
879 40991
896 41467
889 42104
276 42687
424 42935
512 43562
632 44451
938 45126
997 46049
617 46467
755 46916
853 47769
460 48198
539 48617
600 48985
898 49667
236 50348
744 51314
602 52069
773 52419
298 52933
251 53527
491 53998
807 54942
904 55743
976 56178
438 56981
264 57782
876 58001
694 58644
531 58886
615 59660
967 60226
0 85 143 164 153 127 164 164 127 80 85 63 96 103 128 89 89 100 143 93 113 164 143 127 164 143 143 132 103 143 66 89 127 143 113 132 89 118 140 157 0 66 99 113 113 93 65 102 108 81 96 70 89 102 63 92 105 85 102 99 80 144 63 85 118 157 117 140 153 81 0 127 105 85 81 63 143 93 127 63 81 96 113 70 81 89 143 102 92 92 143 100 105 92 100 117 127 140 143 105
85 0 135 65 86 119 65 65 119 94 0 124 65 129 71 125 125 149 107 152 168 65 135 119 65 135 107 144 129 135 116 88 119 135 168 144 88 143 118 92 85 116 154 168 168 152 162 111 113 169 65 98 125 111 124 86 80 0 111 154 94 137 124 0 143 92 168 118 86 169 85 119 80 0 169 124 107 152 119 124 169 65 168 98 169 88 107 111 86 86 107 149 80 86 149 168 119 118 107 80
143 135 0 157 151 119 157 157 119 141 135 172 137 74 117 161 161 135 109 177 169 157 0 119 157 0 109 142 74 0 144 149 119 0 169 142 149 179 108 90 143 144 166 169 169 177 145 75 100 133 137 143 161 75 172 77 165 135 75 166 141 124 172 135 179 90 68 108 151 133 143 119 165 135 133 172 109 177 119 172 133 137 169 143 133 149 109 75 77 77 109 135 165 77 135 68 119 108 109 165
164 65 157 0 153 177 0 0 177 68 65 71 117 169 153 134 134 161 107 104 130 0 157 177 0 157 107 154 169 157 131 89 177 157 130 154 89 96 137 81 164 131 121 130 130 104 168 175 97 106 117 129 134 175 71 178 166 65 175 121 68 142 71 65 96 81 147 137 153 106 164 177 166 65 106 71 107 104 177 71 106 117 130 129 106 89 107 175 178 178 107 161 166 178 161 147 177 137 107 166
153 86 151 153 0 161 153 153 161 172 86 90 174 109 109 127 127 172 62 78 64 153 151 161 153 151 62 100 109 151 150 84 161 151 64 100 84 84 123 165 153 150 106 64 64 78 131 125 157 148 174 177 127 125 90 111 80 86 125 106 172 163 90 86 84 165 92 123 0 148 153 161 80 86 148 90 62 78 161 90 148 174 64 177 148 84 62 125 111 111 62 172 80 111 172 92 161 123 62 80
127 119 119 177 161 0 177 177 0 101 119 166 132 110 110 151 151 111 67 66 120 177 119 0 177 119 67 82 110 119 135 94 0 119 120 82 94 120 131 90 127 135 68 120 120 66 90 73 158 100 132 168 151 73 166 151 171 119 73 68 101 165 166 119 120 90 87 131 161 100 127 0 171 119 100 166 67 66 0 166 100 132 120 168 100 94 67 73 151 151 67 111 171 151 111 87 0 131 67 171
164 65 157 0 153 177 0 0 177 68 65 71 117 169 153 134 134 161 107 104 130 0 157 177 0 157 107 154 169 157 131 89 177 157 130 154 89 96 137 81 164 131 121 130 130 104 168 175 97 106 117 129 134 175 71 178 166 65 175 121 68 142 71 65 96 81 147 137 153 106 164 177 166 65 106 71 107 104 177 71 106 117 130 129 106 89 107 175 178 178 107 161 166 178 161 147 177 137 107 166
164 65 157 0 153 177 0 0 177 68 65 71 117 169 153 134 134 161 107 104 130 0 157 177 0 157 107 154 169 157 131 89 177 157 130 154 89 96 137 81 164 131 121 130 130 104 168 175 97 106 117 129 134 175 71 178 166 65 175 121 68 142 71 65 96 81 147 137 153 106 164 177 166 65 106 71 107 104 177 71 106 117 130 129 106 89 107 175 178 178 107 161 166 178 161 147 177 137 107 166
127 119 119 177 161 0 177 177 0 101 119 166 132 110 110 151 151 111 67 66 120 177 119 0 177 119 67 82 110 119 135 94 0 119 120 82 94 120 131 90 127 135 68 120 120 66 90 73 158 100 132 168 151 73 166 151 171 119 73 68 101 165 166 119 120 90 87 131 161 100 127 0 171 119 100 166 67 66 0 166 100 132 120 168 100 94 67 73 151 151 67 111 171 151 111 87 0 131 67 171
80 94 141 68 172 101 68 68 101 0 94 167 67 155 121 105 105 128 103 74 95 68 141 101 68 141 103 135 155 141 87 67 101 141 95 135 67 142 61 149 80 87 127 95 95 74 162 165 179 121 67 163 105 165 167 175 132 94 165 127 0 97 167 94 142 149 105 61 172 121 80 101 132 94 121 167 103 74 101 167 121 67 95 163 121 67 103 165 175 175 103 128 132 175 128 105 101 61 103 132
85 0 135 65 86 119 65 65 119 94 0 124 65 129 71 125 125 149 107 152 168 65 135 119 65 135 107 144 129 135 116 88 119 135 168 144 88 143 118 92 85 116 154 168 168 152 162 111 113 169 65 98 125 111 124 86 80 0 111 154 94 137 124 0 143 92 168 118 86 169 85 119 80 0 169 124 107 152 119 124 169 65 168 98 169 88 107 111 86 86 107 149 80 86 149 168 119 118 107 80
63 124 172 71 90 166 71 71 166 167 124 0 156 71 79 145 145 104 147 64 112 71 172 166 71 172 147 81 71 172 157 84 166 172 112 81 84 79 85 123 63 157 100 112 112 64 90 116 93 133 156 75 145 116 0 162 80 124 116 100 167 112 0 124 79 123 91 85 90 133 63 166 80 124 133 0 147 64 166 0 133 156 112 75 133 84 147 116 162 162 147 104 80 162 104 91 166 85 147 80
96 65 137 117 174 132 117 117 132 67 65 156 0 176 156 78 78 174 140 93 75 117 137 132 117 137 140 82 176 137 91 142 132 137 75 82 142 135 157 103 96 91 172 75 75 93 72 119 120 166 0 145 78 119 156 89 177 65 119 172 67 103 156 65 135 103 179 157 174 166 96 132 177 65 166 156 140 93 132 156 166 0 75 145 166 142 140 119 89 89 140 174 177 89 174 179 132 157 140 177
103 129 74 169 109 110 169 169 110 155 129 71 176 0 129 66 66 95 176 174 98 169 74 110 169 74 176 161 0 74 151 166 110 74 98 161 166 64 169 150 103 151 145 98 98 174 168 170 132 171 176 135 66 170 71 90 123 129 170 145 155 116 71 129 64 150 70 169 109 171 103 110 123 129 171 71 176 174 110 71 171 176 98 135 171 166 176 170 90 90 176 95 123 90 95 70 110 169 176 123
128 71 117 153 109 110 153 153 110 121 71 79 156 129 0 155 155 140 102 149 108 153 117 110 153 117 102 175 129 117 75 158 110 117 108 175 158 176 130 85 128 75 62 108 108 149 77 88 102 69 156 179 155 88 79 106 81 71 88 62 121 110 79 71 176 85 147 130 109 69 128 110 81 71 69 79 102 149 110 79 69 156 108 179 69 158 102 88 106 106 102 140 81 106 140 147 110 130 102 81
89 125 161 134 127 151 134 134 151 105 125 145 78 66 155 0 0 88 74 72 98 134 161 151 134 161 74 138 66 161 173 63 151 161 98 138 63 171 152 95 89 173 113 98 98 72 118 169 123 124 78 131 0 169 145 151 116 125 169 113 105 166 145 125 171 95 169 152 127 124 89 151 116 125 124 145 74 72 151 145 124 78 98 131 124 63 74 169 151 151 74 88 116 151 88 169 151 152 74 116
89 125 161 134 127 151 134 134 151 105 125 145 78 66 155 0 0 88 74 72 98 134 161 151 134 161 74 138 66 161 173 63 151 161 98 138 63 171 152 95 89 173 113 98 98 72 118 169 123 124 78 131 0 169 145 151 116 125 169 113 105 166 145 125 171 95 169 152 127 124 89 151 116 125 124 145 74 72 151 145 124 78 98 131 124 63 74 169 151 151 74 88 116 151 88 169 151 152 74 116
100 149 135 161 172 111 161 161 111 128 149 104 174 95 140 88 88 0 141 168 64 161 135 111 161 135 141 72 95 135 156 103 111 135 64 72 103 104 169 177 100 156 178 64 64 168 151 176 144 76 174 96 88 176 104 174 98 149 176 178 128 66 104 149 104 177 129 169 172 76 100 111 98 149 76 104 141 168 111 104 76 174 64 96 76 103 141 176 174 174 141 0 98 174 0 129 111 169 141 98
143 107 109 107 62 67 107 107 67 103 107 147 140 176 102 74 74 141 0 145 91 107 109 67 107 109 0 112 176 109 100 152 67 109 91 112 152 178 155 89 143 100 158 91 91 145 104 101 124 136 140 109 74 101 147 166 140 107 101 158 103 173 147 107 178 89 116 155 62 136 143 67 140 107 136 147 0 145 67 147 136 140 91 109 136 152 0 101 166 166 0 141 140 166 141 116 67 155 0 140
93 152 177 104 78 66 104 104 66 74 152 64 93 174 149 72 72 168 145 0 99 104 177 66 104 177 145 138 174 177 147 138 66 177 99 138 138 87 92 96 93 147 64 99 99 0 142 82 127 79 93 179 72 82 64 62 69 152 82 64 74 110 64 152 87 96 100 92 78 79 93 66 69 152 79 64 145 0 66 64 79 93 99 179 79 138 145 82 62 62 145 168 69 62 168 100 66 92 145 69
113 168 169 130 64 120 130 130 120 95 168 112 75 98 108 98 98 64 91 99 0 130 169 120 130 169 91 99 98 169 106 91 120 169 0 99 91 96 123 135 113 106 129 0 0 99 175 149 151 92 75 172 98 149 112 81 173 168 149 129 95 143 112 168 96 135 91 123 64 92 113 120 173 168 92 112 91 99 120 112 92 75 0 172 92 91 91 149 81 81 91 64 173 81 64 91 120 123 91 173
164 65 157 0 153 177 0 0 177 68 65 71 117 169 153 134 134 161 107 104 130 0 157 177 0 157 107 154 169 157 131 89 177 157 130 154 89 96 137 81 164 131 121 130 130 104 168 175 97 106 117 129 134 175 71 178 166 65 175 121 68 142 71 65 96 81 147 137 153 106 164 177 166 65 106 71 107 104 177 71 106 117 130 129 106 89 107 175 178 178 107 161 166 178 161 147 177 137 107 166
143 135 0 157 151 119 157 157 119 141 135 172 137 74 117 161 161 135 109 177 169 157 0 119 157 0 109 142 74 0 144 149 119 0 169 142 149 179 108 90 143 144 166 169 169 177 145 75 100 133 137 143 161 75 172 77 165 135 75 166 141 124 172 135 179 90 68 108 151 133 143 119 165 135 133 172 109 177 119 172 133 137 169 143 133 149 109 75 77 77 109 135 165 77 135 68 119 108 109 165
127 119 119 177 161 0 177 177 0 101 119 166 132 110 110 151 151 111 67 66 120 177 119 0 177 119 67 82 110 119 135 94 0 119 120 82 94 120 131 90 127 135 68 120 120 66 90 73 158 100 132 168 151 73 166 151 171 119 73 68 101 165 166 119 120 90 87 131 161 100 127 0 171 119 100 166 67 66 0 166 100 132 120 168 100 94 67 73 151 151 67 111 171 151 111 87 0 131 67 171
164 65 157 0 153 177 0 0 177 68 65 71 117 169 153 134 134 161 107 104 130 0 157 177 0 157 107 154 169 157 131 89 177 157 130 154 89 96 137 81 164 131 121 130 130 104 168 175 97 106 117 129 134 175 71 178 166 65 175 121 68 142 71 65 96 81 147 137 153 106 164 177 166 65 106 71 107 104 177 71 106 117 130 129 106 89 107 175 178 178 107 161 166 178 161 147 177 137 107 166
143 135 0 157 151 119 157 157 119 141 135 172 137 74 117 161 161 135 109 177 169 157 0 119 157 0 109 142 74 0 144 149 119 0 169 142 149 179 108 90 143 144 166 169 169 177 145 75 100 133 137 143 161 75 172 77 165 135 75 166 141 124 172 135 179 90 68 108 151 133 143 119 165 135 133 172 109 177 119 172 133 137 169 143 133 149 109 75 77 77 109 135 165 77 135 68 119 108 109 165
143 107 109 107 62 67 107 107 67 103 107 147 140 176 102 74 74 141 0 145 91 107 109 67 107 109 0 112 176 109 100 152 67 109 91 112 152 178 155 89 143 100 158 91 91 145 104 101 124 136 140 109 74 101 147 166 140 107 101 158 103 173 147 107 178 89 116 155 62 136 143 67 140 107 136 147 0 145 67 147 136 140 91 109 136 152 0 101 166 166 0 141 140 166 141 116 67 155 0 140
132 144 142 154 100 82 154 154 82 135 144 81 82 161 175 138 138 72 112 138 99 154 142 82 154 142 112 0 161 142 63 75 82 142 99 0 75 161 143 116 132 63 121 99 99 138 79 88 168 176 82 126 138 88 81 110 76 144 88 121 135 159 81 144 161 116 71 143 100 176 132 82 76 144 176 81 112 138 82 81 176 82 99 126 176 75 112 88 110 110 112 72 76 110 72 71 82 143 112 76
103 129 74 169 109 110 169 169 110 155 129 71 176 0 129 66 66 95 176 174 98 169 74 110 169 74 176 161 0 74 151 166 110 74 98 161 166 64 169 150 103 151 145 98 98 174 168 170 132 171 176 135 66 170 71 90 123 129 170 145 155 116 71 129 64 150 70 169 109 171 103 110 123 129 171 71 176 174 110 71 171 176 98 135 171 166 176 170 90 90 176 95 123 90 95 70 110 169 176 123
143 135 0 157 151 119 157 157 119 141 135 172 137 74 117 161 161 135 109 177 169 157 0 119 157 0 109 142 74 0 144 149 119 0 169 142 149 179 108 90 143 144 166 169 169 177 145 75 100 133 137 143 161 75 172 77 165 135 75 166 141 124 172 135 179 90 68 108 151 133 143 119 165 135 133 172 109 177 119 172 133 137 169 143 133 149 109 75 77 77 109 135 165 77 135 68 119 108 109 165
66 116 144 131 150 135 131 131 135 87 116 157 91 151 75 173 173 156 100 147 106 131 144 135 131 144 100 63 151 144 0 94 135 144 106 63 94 104 98 140 66 0 83 106 106 147 161 136 142 108 91 65 173 136 157 124 72 116 136 83 87 71 157 116 104 140 85 98 150 108 66 135 72 116 108 157 100 147 135 157 108 91 106 65 108 94 100 136 124 124 100 156 72 124 156 85 135 98 100 72
89 88 149 89 84 94 89 89 94 67 88 84 142 166 158 63 63 103 152 138 91 89 149 94 89 149 152 75 166 149 94 0 94 149 91 75 0 129 160 116 89 94 179 91 91 138 157 117 95 121 142 73 63 117 84 93 106 88 117 179 67 169 84 88 129 116 98 160 84 121 89 94 106 88 121 84 152 138 94 84 121 142 91 73 121 0 152 117 93 93 152 103 106 93 103 98 94 160 152 106
127 119 119 177 161 0 177 177 0 101 119 166 132 110 110 151 151 111 67 66 120 177 119 0 177 119 67 82 110 119 135 94 0 119 120 82 94 120 131 90 127 135 68 120 120 66 90 73 158 100 132 168 151 73 166 151 171 119 73 68 101 165 166 119 120 90 87 131 161 100 127 0 171 119 100 166 67 66 0 166 100 132 120 168 100 94 67 73 151 151 67 111 171 151 111 87 0 131 67 171
143 135 0 157 151 119 157 157 119 141 135 172 137 74 117 161 161 135 109 177 169 157 0 119 157 0 109 142 74 0 144 149 119 0 169 142 149 179 108 90 143 144 166 169 169 177 145 75 100 133 137 143 161 75 172 77 165 135 75 166 141 124 172 135 179 90 68 108 151 133 143 119 165 135 133 172 109 177 119 172 133 137 169 143 133 149 109 75 77 77 109 135 165 77 135 68 119 108 109 165
113 168 169 130 64 120 130 130 120 95 168 112 75 98 108 98 98 64 91 99 0 130 169 120 130 169 91 99 98 169 106 91 120 169 0 99 91 96 123 135 113 106 129 0 0 99 175 149 151 92 75 172 98 149 112 81 173 168 149 129 95 143 112 168 96 135 91 123 64 92 113 120 173 168 92 112 91 99 120 112 92 75 0 172 92 91 91 149 81 81 91 64 173 81 64 91 120 123 91 173
132 144 142 154 100 82 154 154 82 135 144 81 82 161 175 138 138 72 112 138 99 154 142 82 154 142 112 0 161 142 63 75 82 142 99 0 75 161 143 116 132 63 121 99 99 138 79 88 168 176 82 126 138 88 81 110 76 144 88 121 135 159 81 144 161 116 71 143 100 176 132 82 76 144 176 81 112 138 82 81 176 82 99 126 176 75 112 88 110 110 112 72 76 110 72 71 82 143 112 76
89 88 149 89 84 94 89 89 94 67 88 84 142 166 158 63 63 103 152 138 91 89 149 94 89 149 152 75 166 149 94 0 94 149 91 75 0 129 160 116 89 94 179 91 91 138 157 117 95 121 142 73 63 117 84 93 106 88 117 179 67 169 84 88 129 116 98 160 84 121 89 94 106 88 121 84 152 138 94 84 121 142 91 73 121 0 152 117 93 93 152 103 106 93 103 98 94 160 152 106
118 143 179 96 84 120 96 96 120 142 143 79 135 64 176 171 171 104 178 87 96 96 179 120 96 179 178 161 64 179 104 129 120 179 96 161 129 0 156 162 118 104 93 96 96 87 173 174 124 145 135 155 171 174 79 91 65 143 174 93 142 74 79 143 0 162 78 156 84 145 118 120 65 143 145 79 178 87 120 79 145 135 96 155 145 129 178 174 91 91 178 104 65 91 104 78 120 156 178 65
140 118 108 137 123 131 137 137 131 61 118 85 157 169 130 152 152 169 155 92 123 137 108 131 137 108 155 143 169 108 98 160 131 108 123 143 160 156 0 159 140 98 96 123 123 92 89 112 134 179 157 60 152 112 85 74 64 118 112 96 61 114 85 118 156 159 64 0 123 179 140 131 64 118 179 85 155 92 131 85 179 157 123 60 179 160 155 112 74 74 155 169 64 74 169 64 131 0 155 64
157 92 90 81 165 90 81 81 90 149 92 123 103 150 85 95 95 177 89 96 135 81 90 90 81 90 89 116 150 90 140 116 90 90 135 116 116 162 159 0 157 140 140 135 135 96 99 144 91 120 103 177 95 144 123 158 117 92 144 140 149 90 123 92 162 0 155 159 165 120 157 90 117 92 120 123 89 96 90 123 120 103 135 177 120 116 89 144 158 158 89 177 117 158 177 155 90 159 89 117
0 85 143 164 153 127 164 164 127 80 85 63 96 103 128 89 89 100 143 93 113 164 143 127 164 143 143 132 103 143 66 89 127 143 113 132 89 118 140 157 0 66 99 113 113 93 65 102 108 81 96 70 89 102 63 92 105 85 102 99 80 144 63 85 118 157 117 140 153 81 0 127 105 85 81 63 143 93 127 63 81 96 113 70 81 89 143 102 92 92 143 100 105 92 100 117 127 140 143 105
66 116 144 131 150 135 131 131 135 87 116 157 91 151 75 173 173 156 100 147 106 131 144 135 131 144 100 63 151 144 0 94 135 144 106 63 94 104 98 140 66 0 83 106 106 147 161 136 142 108 91 65 173 136 157 124 72 116 136 83 87 71 157 116 104 140 85 98 150 108 66 135 72 116 108 157 100 147 135 157 108 91 106 65 108 94 100 136 124 124 100 156 72 124 156 85 135 98 100 72
99 154 166 121 106 68 121 121 68 127 154 100 172 145 62 113 113 178 158 64 129 121 166 68 121 166 158 121 145 166 83 179 68 166 129 121 179 93 96 140 99 83 0 129 129 64 112 163 68 112 172 152 113 163 100 100 110 154 163 0 127 134 100 154 93 140 62 96 106 112 99 68 110 154 112 100 158 64 68 100 112 172 129 152 112 179 158 163 100 100 158 178 110 100 178 62 68 96 158 110
113 168 169 130 64 120 130 130 120 95 168 112 75 98 108 98 98 64 91 99 0 130 169 120 130 169 91 99 98 169 106 91 120 169 0 99 91 96 123 135 113 106 129 0 0 99 175 149 151 92 75 172 98 149 112 81 173 168 149 129 95 143 112 168 96 135 91 123 64 92 113 120 173 168 92 112 91 99 120 112 92 75 0 172 92 91 91 149 81 81 91 64 173 81 64 91 120 123 91 173
113 168 169 130 64 120 130 130 120 95 168 112 75 98 108 98 98 64 91 99 0 130 169 120 130 169 91 99 98 169 106 91 120 169 0 99 91 96 123 135 113 106 129 0 0 99 175 149 151 92 75 172 98 149 112 81 173 168 149 129 95 143 112 168 96 135 91 123 64 92 113 120 173 168 92 112 91 99 120 112 92 75 0 172 92 91 91 149 81 81 91 64 173 81 64 91 120 123 91 173
93 152 177 104 78 66 104 104 66 74 152 64 93 174 149 72 72 168 145 0 99 104 177 66 104 177 145 138 174 177 147 138 66 177 99 138 138 87 92 96 93 147 64 99 99 0 142 82 127 79 93 179 72 82 64 62 69 152 82 64 74 110 64 152 87 96 100 92 78 79 93 66 69 152 79 64 145 0 66 64 79 93 99 179 79 138 145 82 62 62 145 168 69 62 168 100 66 92 145 69
65 162 145 168 131 90 168 168 90 162 162 90 72 168 77 118 118 151 104 142 175 168 145 90 168 145 104 79 168 145 161 157 90 145 175 79 157 173 89 99 65 161 112 175 175 142 0 146 93 62 72 64 118 146 90 97 102 162 146 112 162 60 90 162 173 99 129 89 131 62 65 90 102 162 62 90 104 142 90 90 62 72 175 64 62 157 104 146 97 97 104 151 102 97 151 129 90 89 104 102
102 111 75 175 125 73 175 175 73 165 111 116 119 170 88 169 169 176 101 82 149 175 75 73 175 75 101 88 170 75 136 117 73 75 149 88 117 174 112 144 102 136 163 149 149 82 146 0 111 65 119 127 169 0 116 69 120 111 0 163 165 67 116 111 174 144 147 112 125 65 102 73 120 111 65 116 101 82 73 116 65 119 149 127 65 117 101 0 69 69 101 176 120 69 176 147 73 112 101 120
108 113 100 97 157 158 97 97 158 179 113 93 120 132 102 123 123 144 124 127 151 97 100 158 97 100 124 168 132 100 142 95 158 100 151 168 95 124 134 91 108 142 68 151 151 127 93 111 0 88 120 132 123 111 93 89 119 113 111 68 179 141 93 113 124 91 117 134 157 88 108 158 119 113 88 93 124 127 158 93 88 120 151 132 88 95 124 111 89 89 124 144 119 89 144 117 158 134 124 119
81 169 133 106 148 100 106 106 100 121 169 133 166 171 69 124 124 76 136 79 92 106 133 100 106 133 136 176 171 133 108 121 100 133 92 176 121 145 179 120 81 108 112 92 92 79 62 65 88 0 166 103 124 65 133 134 150 169 65 112 121 126 133 169 145 120 65 179 148 0 81 100 150 169 0 133 136 79 100 133 0 166 92 103 0 121 136 65 134 134 136 76 150 134 76 65 100 179 136 150
96 65 137 117 174 132 117 117 132 67 65 156 0 176 156 78 78 174 140 93 75 117 137 132 117 137 140 82 176 137 91 142 132 137 75 82 142 135 157 103 96 91 172 75 75 93 72 119 120 166 0 145 78 119 156 89 177 65 119 172 67 103 156 65 135 103 179 157 174 166 96 132 177 65 166 156 140 93 132 156 166 0 75 145 166 142 140 119 89 89 140 174 177 89 174 179 132 157 140 177
70 98 143 129 177 168 129 129 168 163 98 75 145 135 179 131 131 96 109 179 172 129 143 168 129 143 109 126 135 143 65 73 168 143 172 126 73 155 60 177 70 65 152 172 172 179 64 127 132 103 145 0 131 127 75 137 143 98 127 152 163 150 75 98 155 177 88 60 177 103 70 168 143 98 103 75 109 179 168 75 103 145 172 0 103 73 109 127 137 137 109 96 143 137 96 88 168 60 109 143
89 125 161 134 127 151 134 134 151 105 125 145 78 66 155 0 0 88 74 72 98 134 161 151 134 161 74 138 66 161 173 63 151 161 98 138 63 171 152 95 89 173 113 98 98 72 118 169 123 124 78 131 0 169 145 151 116 125 169 113 105 166 145 125 171 95 169 152 127 124 89 151 116 125 124 145 74 72 151 145 124 78 98 131 124 63 74 169 151 151 74 88 116 151 88 169 151 152 74 116
102 111 75 175 125 73 175 175 73 165 111 116 119 170 88 169 169 176 101 82 149 175 75 73 175 75 101 88 170 75 136 117 73 75 149 88 117 174 112 144 102 136 163 149 149 82 146 0 111 65 119 127 169 0 116 69 120 111 0 163 165 67 116 111 174 144 147 112 125 65 102 73 120 111 65 116 101 82 73 116 65 119 149 127 65 117 101 0 69 69 101 176 120 69 176 147 73 112 101 120
63 124 172 71 90 166 71 71 166 167 124 0 156 71 79 145 145 104 147 64 112 71 172 166 71 172 147 81 71 172 157 84 166 172 112 81 84 79 85 123 63 157 100 112 112 64 90 116 93 133 156 75 145 116 0 162 80 124 116 100 167 112 0 124 79 123 91 85 90 133 63 166 80 124 133 0 147 64 166 0 133 156 112 75 133 84 147 116 162 162 147 104 80 162 104 91 166 85 147 80
92 86 77 178 111 151 178 178 151 175 86 162 89 90 106 151 151 174 166 62 81 178 77 151 178 77 166 110 90 77 124 93 151 77 81 110 93 91 74 158 92 124 100 81 81 62 97 69 89 134 89 137 151 69 162 0 168 86 69 100 175 94 162 86 91 158 117 74 111 134 92 151 168 86 134 162 166 62 151 162 134 89 81 137 134 93 166 69 0 0 166 174 168 0 174 117 151 74 166 168
105 80 165 166 80 171 166 166 171 132 80 80 177 123 81 116 116 98 140 69 173 166 165 171 166 165 140 76 123 165 72 106 171 165 173 76 106 65 64 117 105 72 110 173 173 69 102 120 119 150 177 143 116 120 80 168 0 80 120 110 132 129 80 80 65 117 170 64 80 150 105 171 0 80 150 80 140 69 171 80 150 177 173 143 150 106 140 120 168 168 140 98 0 168 98 170 171 64 140 0
85 0 135 65 86 119 65 65 119 94 0 124 65 129 71 125 125 149 107 152 168 65 135 119 65 135 107 144 129 135 116 88 119 135 168 144 88 143 118 92 85 116 154 168 168 152 162 111 113 169 65 98 125 111 124 86 80 0 111 154 94 137 124 0 143 92 168 118 86 169 85 119 80 0 169 124 107 152 119 124 169 65 168 98 169 88 107 111 86 86 107 149 80 86 149 168 119 118 107 80
102 111 75 175 125 73 175 175 73 165 111 116 119 170 88 169 169 176 101 82 149 175 75 73 175 75 101 88 170 75 136 117 73 75 149 88 117 174 112 144 102 136 163 149 149 82 146 0 111 65 119 127 169 0 116 69 120 111 0 163 165 67 116 111 174 144 147 112 125 65 102 73 120 111 65 116 101 82 73 116 65 119 149 127 65 117 101 0 69 69 101 176 120 69 176 147 73 112 101 120
99 154 166 121 106 68 121 121 68 127 154 100 172 145 62 113 113 178 158 64 129 121 166 68 121 166 158 121 145 166 83 179 68 166 129 121 179 93 96 140 99 83 0 129 129 64 112 163 68 112 172 152 113 163 100 100 110 154 163 0 127 134 100 154 93 140 62 96 106 112 99 68 110 154 112 100 158 64 68 100 112 172 129 152 112 179 158 163 100 100 158 178 110 100 178 62 68 96 158 110
80 94 141 68 172 101 68 68 101 0 94 167 67 155 121 105 105 128 103 74 95 68 141 101 68 141 103 135 155 141 87 67 101 141 95 135 67 142 61 149 80 87 127 95 95 74 162 165 179 121 67 163 105 165 167 175 132 94 165 127 0 97 167 94 142 149 105 61 172 121 80 101 132 94 121 167 103 74 101 167 121 67 95 163 121 67 103 165 175 175 103 128 132 175 128 105 101 61 103 132
144 137 124 142 163 165 142 142 165 97 137 112 103 116 110 166 166 66 173 110 143 142 124 165 142 124 173 159 116 124 71 169 165 124 143 159 169 74 114 90 144 71 134 143 143 110 60 67 141 126 103 150 166 67 112 94 129 137 67 134 97 0 112 137 74 90 129 114 163 126 144 165 129 137 126 112 173 110 165 112 126 103 143 150 126 169 173 67 94 94 173 66 129 94 66 129 165 114 173 129
63 124 172 71 90 166 71 71 166 167 124 0 156 71 79 145 145 104 147 64 112 71 172 166 71 172 147 81 71 172 157 84 166 172 112 81 84 79 85 123 63 157 100 112 112 64 90 116 93 133 156 75 145 116 0 162 80 124 116 100 167 112 0 124 79 123 91 85 90 133 63 166 80 124 133 0 147 64 166 0 133 156 112 75 133 84 147 116 162 162 147 104 80 162 104 91 166 85 147 80
85 0 135 65 86 119 65 65 119 94 0 124 65 129 71 125 125 149 107 152 168 65 135 119 65 135 107 144 129 135 116 88 119 135 168 144 88 143 118 92 85 116 154 168 168 152 162 111 113 169 65 98 125 111 124 86 80 0 111 154 94 137 124 0 143 92 168 118 86 169 85 119 80 0 169 124 107 152 119 124 169 65 168 98 169 88 107 111 86 86 107 149 80 86 149 168 119 118 107 80
118 143 179 96 84 120 96 96 120 142 143 79 135 64 176 171 171 104 178 87 96 96 179 120 96 179 178 161 64 179 104 129 120 179 96 161 129 0 156 162 118 104 93 96 96 87 173 174 124 145 135 155 171 174 79 91 65 143 174 93 142 74 79 143 0 162 78 156 84 145 118 120 65 143 145 79 178 87 120 79 145 135 96 155 145 129 178 174 91 91 178 104 65 91 104 78 120 156 178 65
157 92 90 81 165 90 81 81 90 149 92 123 103 150 85 95 95 177 89 96 135 81 90 90 81 90 89 116 150 90 140 116 90 90 135 116 116 162 159 0 157 140 140 135 135 96 99 144 91 120 103 177 95 144 123 158 117 92 144 140 149 90 123 92 162 0 155 159 165 120 157 90 117 92 120 123 89 96 90 123 120 103 135 177 120 116 89 144 158 158 89 177 117 158 177 155 90 159 89 117
117 168 68 147 92 87 147 147 87 105 168 91 179 70 147 169 169 129 116 100 91 147 68 87 147 68 116 71 70 68 85 98 87 68 91 71 98 78 64 155 117 85 62 91 91 100 129 147 117 65 179 88 169 147 91 117 170 168 147 62 105 129 91 168 78 155 0 64 92 65 117 87 170 168 65 91 116 100 87 91 65 179 91 88 65 98 116 147 117 117 116 129 170 117 129 0 87 64 116 170
140 118 108 137 123 131 137 137 131 61 118 85 157 169 130 152 152 169 155 92 123 137 108 131 137 108 155 143 169 108 98 160 131 108 123 143 160 156 0 159 140 98 96 123 123 92 89 112 134 179 157 60 152 112 85 74 64 118 112 96 61 114 85 118 156 159 64 0 123 179 140 131 64 118 179 85 155 92 131 85 179 157 123 60 179 160 155 112 74 74 155 169 64 74 169 64 131 0 155 64
153 86 151 153 0 161 153 153 161 172 86 90 174 109 109 127 127 172 62 78 64 153 151 161 153 151 62 100 109 151 150 84 161 151 64 100 84 84 123 165 153 150 106 64 64 78 131 125 157 148 174 177 127 125 90 111 80 86 125 106 172 163 90 86 84 165 92 123 0 148 153 161 80 86 148 90 62 78 161 90 148 174 64 177 148 84 62 125 111 111 62 172 80 111 172 92 161 123 62 80
81 169 133 106 148 100 106 106 100 121 169 133 166 171 69 124 124 76 136 79 92 106 133 100 106 133 136 176 171 133 108 121 100 133 92 176 121 145 179 120 81 108 112 92 92 79 62 65 88 0 166 103 124 65 133 134 150 169 65 112 121 126 133 169 145 120 65 179 148 0 81 100 150 169 0 133 136 79 100 133 0 166 92 103 0 121 136 65 134 134 136 76 150 134 76 65 100 179 136 150
0 85 143 164 153 127 164 164 127 80 85 63 96 103 128 89 89 100 143 93 113 164 143 127 164 143 143 132 103 143 66 89 127 143 113 132 89 118 140 157 0 66 99 113 113 93 65 102 108 81 96 70 89 102 63 92 105 85 102 99 80 144 63 85 118 157 117 140 153 81 0 127 105 85 81 63 143 93 127 63 81 96 113 70 81 89 143 102 92 92 143 100 105 92 100 117 127 140 143 105
127 119 119 177 161 0 177 177 0 101 119 166 132 110 110 151 151 111 67 66 120 177 119 0 177 119 67 82 110 119 135 94 0 119 120 82 94 120 131 90 127 135 68 120 120 66 90 73 158 100 132 168 151 73 166 151 171 119 73 68 101 165 166 119 120 90 87 131 161 100 127 0 171 119 100 166 67 66 0 166 100 132 120 168 100 94 67 73 151 151 67 111 171 151 111 87 0 131 67 171
105 80 165 166 80 171 166 166 171 132 80 80 177 123 81 116 116 98 140 69 173 166 165 171 166 165 140 76 123 165 72 106 171 165 173 76 106 65 64 117 105 72 110 173 173 69 102 120 119 150 177 143 116 120 80 168 0 80 120 110 132 129 80 80 65 117 170 64 80 150 105 171 0 80 150 80 140 69 171 80 150 177 173 143 150 106 140 120 168 168 140 98 0 168 98 170 171 64 140 0
85 0 135 65 86 119 65 65 119 94 0 124 65 129 71 125 125 149 107 152 168 65 135 119 65 135 107 144 129 135 116 88 119 135 168 144 88 143 118 92 85 116 154 168 168 152 162 111 113 169 65 98 125 111 124 86 80 0 111 154 94 137 124 0 143 92 168 118 86 169 85 119 80 0 169 124 107 152 119 124 169 65 168 98 169 88 107 111 86 86 107 149 80 86 149 168 119 118 107 80
81 169 133 106 148 100 106 106 100 121 169 133 166 171 69 124 124 76 136 79 92 106 133 100 106 133 136 176 171 133 108 121 100 133 92 176 121 145 179 120 81 108 112 92 92 79 62 65 88 0 166 103 124 65 133 134 150 169 65 112 121 126 133 169 145 120 65 179 148 0 81 100 150 169 0 133 136 79 100 133 0 166 92 103 0 121 136 65 134 134 136 76 150 134 76 65 100 179 136 150
63 124 172 71 90 166 71 71 166 167 124 0 156 71 79 145 145 104 147 64 112 71 172 166 71 172 147 81 71 172 157 84 166 172 112 81 84 79 85 123 63 157 100 112 112 64 90 116 93 133 156 75 145 116 0 162 80 124 116 100 167 112 0 124 79 123 91 85 90 133 63 166 80 124 133 0 147 64 166 0 133 156 112 75 133 84 147 116 162 162 147 104 80 162 104 91 166 85 147 80
143 107 109 107 62 67 107 107 67 103 107 147 140 176 102 74 74 141 0 145 91 107 109 67 107 109 0 112 176 109 100 152 67 109 91 112 152 178 155 89 143 100 158 91 91 145 104 101 124 136 140 109 74 101 147 166 140 107 101 158 103 173 147 107 178 89 116 155 62 136 143 67 140 107 136 147 0 145 67 147 136 140 91 109 136 152 0 101 166 166 0 141 140 166 141 116 67 155 0 140
93 152 177 104 78 66 104 104 66 74 152 64 93 174 149 72 72 168 145 0 99 104 177 66 104 177 145 138 174 177 147 138 66 177 99 138 138 87 92 96 93 147 64 99 99 0 142 82 127 79 93 179 72 82 64 62 69 152 82 64 74 110 64 152 87 96 100 92 78 79 93 66 69 152 79 64 145 0 66 64 79 93 99 179 79 138 145 82 62 62 145 168 69 62 168 100 66 92 145 69
127 119 119 177 161 0 177 177 0 101 119 166 132 110 110 151 151 111 67 66 120 177 119 0 177 119 67 82 110 119 135 94 0 119 120 82 94 120 131 90 127 135 68 120 120 66 90 73 158 100 132 168 151 73 166 151 171 119 73 68 101 165 166 119 120 90 87 131 161 100 127 0 171 119 100 166 67 66 0 166 100 132 120 168 100 94 67 73 151 151 67 111 171 151 111 87 0 131 67 171
63 124 172 71 90 166 71 71 166 167 124 0 156 71 79 145 145 104 147 64 112 71 172 166 71 172 147 81 71 172 157 84 166 172 112 81 84 79 85 123 63 157 100 112 112 64 90 116 93 133 156 75 145 116 0 162 80 124 116 100 167 112 0 124 79 123 91 85 90 133 63 166 80 124 133 0 147 64 166 0 133 156 112 75 133 84 147 116 162 162 147 104 80 162 104 91 166 85 147 80
81 169 133 106 148 100 106 106 100 121 169 133 166 171 69 124 124 76 136 79 92 106 133 100 106 133 136 176 171 133 108 121 100 133 92 176 121 145 179 120 81 108 112 92 92 79 62 65 88 0 166 103 124 65 133 134 150 169 65 112 121 126 133 169 145 120 65 179 148 0 81 100 150 169 0 133 136 79 100 133 0 166 92 103 0 121 136 65 134 134 136 76 150 134 76 65 100 179 136 150
96 65 137 117 174 132 117 117 132 67 65 156 0 176 156 78 78 174 140 93 75 117 137 132 117 137 140 82 176 137 91 142 132 137 75 82 142 135 157 103 96 91 172 75 75 93 72 119 120 166 0 145 78 119 156 89 177 65 119 172 67 103 156 65 135 103 179 157 174 166 96 132 177 65 166 156 140 93 132 156 166 0 75 145 166 142 140 119 89 89 140 174 177 89 174 179 132 157 140 177
113 168 169 130 64 120 130 130 120 95 168 112 75 98 108 98 98 64 91 99 0 130 169 120 130 169 91 99 98 169 106 91 120 169 0 99 91 96 123 135 113 106 129 0 0 99 175 149 151 92 75 172 98 149 112 81 173 168 149 129 95 143 112 168 96 135 91 123 64 92 113 120 173 168 92 112 91 99 120 112 92 75 0 172 92 91 91 149 81 81 91 64 173 81 64 91 120 123 91 173
70 98 143 129 177 168 129 129 168 163 98 75 145 135 179 131 131 96 109 179 172 129 143 168 129 143 109 126 135 143 65 73 168 143 172 126 73 155 60 177 70 65 152 172 172 179 64 127 132 103 145 0 131 127 75 137 143 98 127 152 163 150 75 98 155 177 88 60 177 103 70 168 143 98 103 75 109 179 168 75 103 145 172 0 103 73 109 127 137 137 109 96 143 137 96 88 168 60 109 143
81 169 133 106 148 100 106 106 100 121 169 133 166 171 69 124 124 76 136 79 92 106 133 100 106 133 136 176 171 133 108 121 100 133 92 176 121 145 179 120 81 108 112 92 92 79 62 65 88 0 166 103 124 65 133 134 150 169 65 112 121 126 133 169 145 120 65 179 148 0 81 100 150 169 0 133 136 79 100 133 0 166 92 103 0 121 136 65 134 134 136 76 150 134 76 65 100 179 136 150
89 88 149 89 84 94 89 89 94 67 88 84 142 166 158 63 63 103 152 138 91 89 149 94 89 149 152 75 166 149 94 0 94 149 91 75 0 129 160 116 89 94 179 91 91 138 157 117 95 121 142 73 63 117 84 93 106 88 117 179 67 169 84 88 129 116 98 160 84 121 89 94 106 88 121 84 152 138 94 84 121 142 91 73 121 0 152 117 93 93 152 103 106 93 103 98 94 160 152 106
143 107 109 107 62 67 107 107 67 103 107 147 140 176 102 74 74 141 0 145 91 107 109 67 107 109 0 112 176 109 100 152 67 109 91 112 152 178 155 89 143 100 158 91 91 145 104 101 124 136 140 109 74 101 147 166 140 107 101 158 103 173 147 107 178 89 116 155 62 136 143 67 140 107 136 147 0 145 67 147 136 140 91 109 136 152 0 101 166 166 0 141 140 166 141 116 67 155 0 140
102 111 75 175 125 73 175 175 73 165 111 116 119 170 88 169 169 176 101 82 149 175 75 73 175 75 101 88 170 75 136 117 73 75 149 88 117 174 112 144 102 136 163 149 149 82 146 0 111 65 119 127 169 0 116 69 120 111 0 163 165 67 116 111 174 144 147 112 125 65 102 73 120 111 65 116 101 82 73 116 65 119 149 127 65 117 101 0 69 69 101 176 120 69 176 147 73 112 101 120
92 86 77 178 111 151 178 178 151 175 86 162 89 90 106 151 151 174 166 62 81 178 77 151 178 77 166 110 90 77 124 93 151 77 81 110 93 91 74 158 92 124 100 81 81 62 97 69 89 134 89 137 151 69 162 0 168 86 69 100 175 94 162 86 91 158 117 74 111 134 92 151 168 86 134 162 166 62 151 162 134 89 81 137 134 93 166 69 0 0 166 174 168 0 174 117 151 74 166 168
92 86 77 178 111 151 178 178 151 175 86 162 89 90 106 151 151 174 166 62 81 178 77 151 178 77 166 110 90 77 124 93 151 77 81 110 93 91 74 158 92 124 100 81 81 62 97 69 89 134 89 137 151 69 162 0 168 86 69 100 175 94 162 86 91 158 117 74 111 134 92 151 168 86 134 162 166 62 151 162 134 89 81 137 134 93 166 69 0 0 166 174 168 0 174 117 151 74 166 168
143 107 109 107 62 67 107 107 67 103 107 147 140 176 102 74 74 141 0 145 91 107 109 67 107 109 0 112 176 109 100 152 67 109 91 112 152 178 155 89 143 100 158 91 91 145 104 101 124 136 140 109 74 101 147 166 140 107 101 158 103 173 147 107 178 89 116 155 62 136 143 67 140 107 136 147 0 145 67 147 136 140 91 109 136 152 0 101 166 166 0 141 140 166 141 116 67 155 0 140
100 149 135 161 172 111 161 161 111 128 149 104 174 95 140 88 88 0 141 168 64 161 135 111 161 135 141 72 95 135 156 103 111 135 64 72 103 104 169 177 100 156 178 64 64 168 151 176 144 76 174 96 88 176 104 174 98 149 176 178 128 66 104 149 104 177 129 169 172 76 100 111 98 149 76 104 141 168 111 104 76 174 64 96 76 103 141 176 174 174 141 0 98 174 0 129 111 169 141 98
105 80 165 166 80 171 166 166 171 132 80 80 177 123 81 116 116 98 140 69 173 166 165 171 166 165 140 76 123 165 72 106 171 165 173 76 106 65 64 117 105 72 110 173 173 69 102 120 119 150 177 143 116 120 80 168 0 80 120 110 132 129 80 80 65 117 170 64 80 150 105 171 0 80 150 80 140 69 171 80 150 177 173 143 150 106 140 120 168 168 140 98 0 168 98 170 171 64 140 0
92 86 77 178 111 151 178 178 151 175 86 162 89 90 106 151 151 174 166 62 81 178 77 151 178 77 166 110 90 77 124 93 151 77 81 110 93 91 74 158 92 124 100 81 81 62 97 69 89 134 89 137 151 69 162 0 168 86 69 100 175 94 162 86 91 158 117 74 111 134 92 151 168 86 134 162 166 62 151 162 134 89 81 137 134 93 166 69 0 0 166 174 168 0 174 117 151 74 166 168
100 149 135 161 172 111 161 161 111 128 149 104 174 95 140 88 88 0 141 168 64 161 135 111 161 135 141 72 95 135 156 103 111 135 64 72 103 104 169 177 100 156 178 64 64 168 151 176 144 76 174 96 88 176 104 174 98 149 176 178 128 66 104 149 104 177 129 169 172 76 100 111 98 149 76 104 141 168 111 104 76 174 64 96 76 103 141 176 174 174 141 0 98 174 0 129 111 169 141 98
117 168 68 147 92 87 147 147 87 105 168 91 179 70 147 169 169 129 116 100 91 147 68 87 147 68 116 71 70 68 85 98 87 68 91 71 98 78 64 155 117 85 62 91 91 100 129 147 117 65 179 88 169 147 91 117 170 168 147 62 105 129 91 168 78 155 0 64 92 65 117 87 170 168 65 91 116 100 87 91 65 179 91 88 65 98 116 147 117 117 116 129 170 117 129 0 87 64 116 170
127 119 119 177 161 0 177 177 0 101 119 166 132 110 110 151 151 111 67 66 120 177 119 0 177 119 67 82 110 119 135 94 0 119 120 82 94 120 131 90 127 135 68 120 120 66 90 73 158 100 132 168 151 73 166 151 171 119 73 68 101 165 166 119 120 90 87 131 161 100 127 0 171 119 100 166 67 66 0 166 100 132 120 168 100 94 67 73 151 151 67 111 171 151 111 87 0 131 67 171
140 118 108 137 123 131 137 137 131 61 118 85 157 169 130 152 152 169 155 92 123 137 108 131 137 108 155 143 169 108 98 160 131 108 123 143 160 156 0 159 140 98 96 123 123 92 89 112 134 179 157 60 152 112 85 74 64 118 112 96 61 114 85 118 156 159 64 0 123 179 140 131 64 118 179 85 155 92 131 85 179 157 123 60 179 160 155 112 74 74 155 169 64 74 169 64 131 0 155 64
143 107 109 107 62 67 107 107 67 103 107 147 140 176 102 74 74 141 0 145 91 107 109 67 107 109 0 112 176 109 100 152 67 109 91 112 152 178 155 89 143 100 158 91 91 145 104 101 124 136 140 109 74 101 147 166 140 107 101 158 103 173 147 107 178 89 116 155 62 136 143 67 140 107 136 147 0 145 67 147 136 140 91 109 136 152 0 101 166 166 0 141 140 166 141 116 67 155 0 140
105 80 165 166 80 171 166 166 171 132 80 80 177 123 81 116 116 98 140 69 173 166 165 171 166 165 140 76 123 165 72 106 171 165 173 76 106 65 64 117 105 72 110 173 173 69 102 120 119 150 177 143 116 120 80 168 0 80 120 110 132 129 80 80 65 117 170 64 80 150 105 171 0 80 150 80 140 69 171 80 150 177 173 143 150 106 140 120 168 168 140 98 0 168 98 170 171 64 140 0
