150
702 58235
239 31764
195 74194
842 39780
399 82980
900 38073
209 4137
800 62561
868 58497
669 39264
256 74640
696 31726
984 45993
576 51104
975 51708
530 70935
270 3617
592 3589
603 22347
92 83383
983 74180
304 3210
774 39540
886 3873
548 22582
971 79109
604 83078
354 27247
703 11350
450 80273
786 51770
600 31837
394 21216
86 83150
795 63091
932 11627
274 83018
637 52004
248 31956
793 79483
444 71132
17 16282
98 27855
826 15509
450 79591
28 51627
12 74813
879 57504
552 58119
804 27874
509 37723
91 78691
963 39540
302 62691
830 50798
251 27782
39 62826
126 10263
937 46116
625 26499
146 80451
789 61855
775 44976
327 15046
166 4601
599 61552
808 39016
931 71237
629 10812
146 73865
400 46199
495 27038
636 4258
671 21783
22 3288
104 61558
428 70784
81 80039
414 31379
592 15243
299 45627
825 70587
269 31626
82 62759
584 21420
749 83733
822 10483
886 69015
311 31715
323 80343
416 69366
388 27760
148 75183
962 11748
557 16825
885 69100
785 10415
230 62333
905 12164
458 32492
678 16503
44 30945
925 74928
342 15548
146 52597
610 27834
124 58009
893 58451
93 57319
380 57903
168 52193
73 22571
262 20795
670 52185
844 28072
868 68793
236 73753
950 21355
817 45125
240 38241
96 9539
463 12093
689 31403
201 15371
227 4043
4 84395
705 38722
499 21669
413 74864
991 52435
746 44877
277 83314
748 80016
395 44367
540 62281
853 68714
45 44837
634 74866
82 57681
572 38841
695 84111
626 21997
87 4068
485 44452
192 83417
752 80455
740 56471
461 16903
459 27227
719 15480
0 99 24 34 85 94 41 79 89 24 66 25 5 12 98 9 35 20 63 52 74 98 11 36 100 16 67 60 79 25 53 22 36 22 65 82 81 94 18 59 13 28 25 71 50 61 18 29 31 53 15 95 44 5 98 5 25 38 45 91 62 64 57 85 79 35 90 41 63 17 48 37 23 93 77 78 71 20 97 66 1 62 58 34 43 79 39 82 13 14 73 64 57 2 63 47 7 78 3 44 13 34 77 71 95 82 89 55 38 49 65 42 21 77 20 15 3 36 54 51 82 19 82 11 10 69 32 91 91 46 20 65 51 61 4 81 94 19 37 33 32 70 9 66 75 19 64 76 45 88 
10 0 13 35 98 29 2 86 93 90 54 68 85 100 2 1 10 74 83 90 91 82 46 57 14 22 4 20 75 84 22 95 31 35 74 51 42 96 39 46 78 89 77 38 21 41 48 49 91 65 46 100 27 49 94 28 66 45 29 85 91 79 64 86 31 48 12 100 73 20 72 88 29 99 35 30 30 56 59 4 12 26 99 45 12 77 21 26 76 88 53 91 13 13 80 69 19 38 28 86 7 48 21 52 38 4 10 67 41 40 31 5 13 11 77 18 34 93 32 83 94 4 53 86 9 15 12 87 11 98 35 33 77 10 28 2 60 57 61 53 32 87 64 89 53 20 98 75 10 31 
31 33 0 99 98 92 88 31 18 57 40 61 92 78 98 35 72 96 78 24 67 73 79 54 94 72 80 78 85 12 15 17 54 51 31 17 95 78 19 19 19 32 47 86 75 30 100 95 15 53 62 35 36 25 74 90 62 52 34 6 10 40 65 46 83 2 60 35 96 61 82 13 29 40 21 79 2 38 61 46 12 85 76 33 92 25 60 24 83 87 19 73 52 84 85 74 6 33 84 89 76 95 11 29 19 61 20 43 96 32 52 90 30 2 49 97 81 78 95 86 18 36 82 70 23 57 74 25 22 26 19 37 71 71 82 88 97 68 93 17 55 73 46 92 42 46 7 36 83 84 
8 10 54 0 100 37 28 37 7 44 32 48 75 55 38 45 55 45 3 2 41 82 19 75 45 46 19 43 91 40 48 74 62 99 22 41 65 99 98 68 1 47 74 53 2 96 3 55 74 69 97 75 77 22 20 16 7 57 21 6 26 94 36 35 71 66 40 68 49 72 38 100 12 54 60 52 87 62 31 42 57 35 21 35 16 29 73 44 100 52 13 17 80 17 25 64 60 100 52 99 17 39 13 86 66 55 83 10 39 48 39 21 16 44 64 17 25 79 50 49 9 7 64 8 7 34 38 4 22 82 54 12 82 45 57 81 68 78 92 83 4 72 34 84 81 27 72 64 49 10 
85 10 3 55 0 89 28 35 24 34 8 53 85 24 21 44 26 45 45 44 78 67 15 59 93 78 67 60 10 87 7 59 29 56 65 24 41 10 31 42 67 36 100 32 9 96 24 95 43 43 87 18 97 87 17 5 69 68 11 45 33 6 78 23 92 38 28 64 25 59 88 84 54 47 4 89 4 5 38 11 43 52 84 29 83 38 83 53 7 28 87 93 55 72 42 76 58 18 52 45 34 52 18 33 9 14 17 69 2 73 71 48 71 24 71 82 10 54 69 97 59 64 28 96 29 61 45 83 67 17 11 3 84 12 56 38 30 91 76 69 60 66 6 10 29 47 23 39 3 86 
11 48 32 4 17 0 43 17 72 22 92 25 53 81 33 80 19 75 37 79 85 91 36 35 58 31 19 100 29 57 73 59 86 69 87 55 20 62 1 10 96 37 20 94 70 35 12 69 85 55 36 83 54 13 98 80 87 14 17 32 14 91 29 65 73 92 9 16 1 73 39 51 80 77 64 13 62 12 97 60 5 91 75 19 15 66 55 55 99 28 4 24 89 43 92 94 67 65 58 82 43 33 12 64 99 13 31 56 38 77 82 15 28 15 35 6 92 22 80 37 20 57 52 24 78 19 47 2 91 73 20 12 29 42 54 43 28 7 92 19 76 7 59 21 90 82 96 39 1 68 
63 26 72 6 77 60 0 42 29 66 91 72 2 7 87 11 54 22 88 31 8 81 50 73 21 82 13 45 88 70 63 60 77 15 8 86 13 10 83 1 49 5 88 85 1 29 3 33 75 68 54 66 25 45 43 13 15 8 31 77 5 31 98 32 26 11 27 13 88 1 67 12 58 96 11 76 23 7 77 49 82 63 10 20 76 73 14 9 67 50 21 44 79 69 74 95 36 8 11 39 1 36 55 32 35 9 100 2 47 68 53 90 19 74 66 49 28 73 38 17 5 84 29 77 15 83 34 65 46 45 60 84 34 74 2 97 35 69 19 98 66 38 89 88 18 87 77 43 93 6 
81 2 79 90 8 60 64 0 99 78 83 77 97 10 28 96 49 16 22 74 84 75 64 60 97 6 81 48 22 35 99 53 13 97 18 99 5 34 31 14 84 10 30 24 22 61 97 73 14 100 65 71 24 48 18 71 30 6 60 89 80 95 33 40 8 91 35 4 3 23 59 40 63 61 36 34 19 16 27 96 61 93 44 48 97 75 49 11 61 3 4 42 85 12 27 6 68 32 27 70 25 37 52 79 7 93 39 80 49 4 78 75 64 27 59 85 50 62 43 99 91 73 84 11 63 29 87 45 2 3 13 66 52 48 66 85 79 44 36 42 58 39 82 31 41 77 89 81 62 49 
60 28 66 3 41 56 5 95 0 47 70 34 51 18 40 80 64 67 94 71 55 69 65 83 7 20 79 73 73 74 58 58 6 98 88 44 58 45 47 18 76 4 98 16 55 39 55 28 42 4 62 22 53 44 28 19 64 85 85 67 26 82 4 80 59 42 1 56 68 43 10 15 22 14 51 91 51 41 37 34 66 67 90 75 54 22 32 44 88 89 9 51 93 96 79 52 89 24 4 22 82 94 60 88 25 38 10 99 3 4 70 38 73 26 42 88 90 45 29 70 91 38 58 55 45 47 68 3 51 69 96 71 81 10 97 25 66 100 36 92 67 93 81 24 47 97 58 45 27 97 
17 21 58 30 8 64 91 60 11 0 56 1 15 78 78 91 71 35 90 14 67 81 86 98 92 42 30 86 86 66 49 86 87 51 38 98 56 85 90 48 24 15 43 24 53 70 98 82 1 23 60 58 5 8 73 98 3 61 91 96 99 74 7 25 44 47 28 12 24 67 72 35 48 81 57 83 1 64 95 81 63 31 36 85 67 14 36 78 19 76 50 59 14 23 55 43 99 100 70 31 55 61 58 23 77 76 69 44 83 52 77 47 83 35 92 86 28 20 26 59 14 6 36 70 11 42 5 72 66 28 64 51 54 57 56 98 78 86 72 83 81 66 48 37 43 6 79 28 20 33 
3 91 18 61 22 59 4 61 86 29 0 22 19 69 48 2 82 69 77 6 66 99 20 26 44 76 39 80 31 68 66 44 21 85 52 92 88 96 51 53 72 12 52 80 79 60 99 66 69 59 34 37 47 6 27 16 59 54 59 13 51 75 33 30 28 27 51 31 79 10 11 27 3 38 13 22 31 74 1 26 65 69 94 40 92 16 68 35 63 7 19 76 49 23 26 87 63 23 99 86 3 91 1 38 39 46 68 13 6 50 48 62 89 77 82 21 38 64 96 63 71 12 88 17 89 14 84 45 23 16 70 21 4 50 69 53 6 100 25 88 30 86 74 3 18 61 10 11 78 82 
90 10 44 77 26 80 3 42 26 73 51 0 86 16 34 31 77 1 47 46 32 69 78 11 76 66 22 15 1 53 27 54 38 38 40 10 64 94 30 93 43 59 53 56 89 16 94 58 68 27 31 50 30 90 13 24 84 100 85 94 36 15 19 16 4 82 82 44 3 24 27 57 47 2 12 79 62 11 54 40 67 5 58 19 65 32 39 90 46 14 42 100 67 99 100 59 65 65 4 18 21 52 59 58 87 12 47 31 81 82 99 19 4 75 51 1 80 15 21 52 41 74 29 49 31 79 73 19 8 60 2 56 56 22 86 14 59 18 92 65 27 87 4 21 47 44 93 45 97 1 
75 37 12 46 86 20 33 71 13 68 20 77 0 59 10 80 97 29 93 26 9 3 34 86 61 27 38 58 9 51 80 13 14 26 17 73 42 73 72 98 60 67 63 13 74 90 80 60 15 67 98 63 3 6 83 7 12 75 9 6 48 60 20 28 98 3 80 1 86 6 46 78 22 12 61 21 92 22 31 9 51 62 43 17 74 76 63 42 42 44 9 16 24 26 86 8 69 99 100 64 72 50 73 23 62 56 26 75 89 93 82 61 28 94 52 19 7 52 82 32 64 95 11 47 55 98 92 47 79 91 33 53 56 37 87 6 52 46 100 43 42 90 89 30 80 81 48 4 17 49 
13 53 1 72 46 53 31 91 95 92 25 57 11 0 15 74 38 77 75 78 26 51 76 52 27 96 76 26 63 65 61 67 90 95 92 6 60 81 80 7 55 65 13 17 16 44 46 54 65 1 67 6 75 100 98 32 29 14 78 96 48 27 15 59 72 48 38 43 85 63 62 34 30 85 24 96 17 36 36 96 11 29 5 21 4 43 79 87 25 70 44 89 28 92 25 13 3 15 100 83 8 97 80 70 69 35 73 33 55 85 73 30 78 67 50 37 35 14 68 54 31 77 58 84 47 83 70 5 93 58 58 62 5 78 73 59 5 98 35 11 71 94 43 54 78 27 11 65 44 45 
10 62 73 80 26 43 66 63 6 3 61 100 81 77 0 93 12 8 86 59 7 16 90 17 68 19 47 64 67 14 22 27 89 50 15 75 31 24 61 70 94 80 53 76 36 21 53 81 29 89 50 34 33 24 92 1 71 19 77 73 69 1 48 48 83 4 73 13 90 52 57 72 92 21 76 22 71 22 90 97 87 4 24 53 83 38 76 23 22 97 99 88 22 93 28 45 22 35 78 90 63 20 44 40 73 84 86 68 77 4 97 80 24 77 82 26 37 2 47 76 98 79 6 90 38 34 89 14 14 14 86 47 13 48 12 86 71 38 40 41 60 72 87 65 26 96 57 17 48 100 
100 44 16 67 60 6 17 76 6 44 12 39 86 29 44 0 12 40 57 14 48 79 10 40 55 93 93 3 7 9 45 7 66 99 32 8 20 50 74 73 1 85 73 30 68 47 63 85 83 9 5 66 5 73 63 34 62 35 83 5 23 65 51 79 72 80 58 60 57 6 83 58 26 74 23 25 28 56 93 16 21 56 38 73 92 30 10 31 95 2 57 77 63 31 72 9 59 75 71 92 60 23 79 4 55 75 21 66 41 79 89 2 73 32 99 79 22 14 55 79 9 91 21 8 63 41 23 5 43 85 43 79 2 59 17 62 70 19 1 17 21 16 78 58 52 55 60 32 73 82 
79 8 42 87 56 54 16 78 68 10 14 27 35 61 6 11 0 75 41 87 81 26 97 75 55 67 71 3 33 96 28 79 28 92 88 74 33 2 61 29 22 20 80 96 34 77 60 29 71 69 46 63 26 43 27 13 10 37 56 7 51 89 37 11 50 9 88 82 42 25 28 86 65 72 100 48 49 80 47 71 56 78 14 40 87 50 73 46 20 90 85 4 43 90 29 93 54 95 4 46 28 81 14 92 26 81 88 51 27 2 82 24 57 47 2 53 46 85 2 45 21 30 56 24 7 51 72 90 61 82 94 57 63 82 20 56 64 38 53 75 84 64 42 40 82 100 13 91 1 26 
78 86 11 24 83 67 95 98 64 79 14 69 71 86 35 71 63 0 42 2 70 77 74 95 80 16 25 82 30 88 74 29 69 19 67 42 99 24 75 82 46 29 74 76 29 40 84 97 34 51 33 38 25 92 17 73 67 62 60 43 50 85 48 61 83 73 3 60 30 58 21 33 62 10 96 84 3 88 71 54 21 93 9 66 26 73 97 82 53 61 48 87 43 66 92 48 66 36 89 84 61 14 98 89 14 45 40 12 45 6 8 24 57 73 43 25 48 20 87 49 19 12 67 33 38 48 45 6 34 18 71 55 71 19 55 92 68 36 12 60 74 74 10 52 99 46 82 29 33 9 
73 71 51 83 54 58 4 40 47 78 8 24 42 93 38 20 73 56 0 25 4 17 34 52 9 97 78 47 63 6 65 85 31 68 42 58 50 26 64 42 20 59 94 61 30 38 26 87 5 74 65 63 94 26 27 2 15 46 72 14 5 12 96 5 90 31 7 64 18 64 6 47 33 93 15 73 26 94 37 97 22 33 17 71 33 71 23 97 81 51 34 62 84 76 2 75 58 20 28 28 100 30 1 22 25 17 52 16 87 78 67 32 81 100 6 62 61 71 70 42 26 14 3 100 40 18 4 28 78 95 21 90 22 57 97 98 30 71 37 75 31 48 97 77 20 49 20 37 70 100 
69 77 49 65 94 2 96 25 40 8 55 37 6 17 2 56 87 6 56 0 51 69 56 58 79 64 83 1 80 84 32 34 19 73 51 86 7 44 72 76 67 79 21 94 33 49 43 10 64 72 86 46 53 91 21 71 27 64 47 91 82 46 21 12 74 63 26 73 47 55 81 21 91 12 80 4 82 86 86 28 46 40 87 53 70 67 47 89 87 62 68 41 78 53 18 21 6 91 23 40 31 75 3 26 57 7 95 60 57 46 22 85 76 14 58 83 62 30 44 78 12 73 96 91 64 26 86 60 8 73 91 85 66 40 45 53 88 94 41 71 5 5 35 77 97 67 57 85 27 14 
19 88 49 3 53 89 77 62 72 66 91 47 97 3 20 24 2 67 33 27 0 47 50 48 69 90 63 97 21 33 11 3 95 22 37 93 23 74 24 18 97 72 45 59 35 27 64 11 97 33 87 10 48 42 12 33 47 83 67 37 14 46 4 43 41 57 84 27 12 41 37 35 93 43 43 67 15 27 39 82 93 52 90 44 80 11 4 75 56 80 6 54 56 29 86 22 45 82 56 15 38 100 100 86 66 90 82 86 78 60 18 93 16 70 10 33 51 40 45 85 76 49 51 34 98 64 45 86 67 62 50 5 59 44 31 29 45 37 21 44 48 79 84 77 76 16 2 14 48 46 
79 42 77 59 19 69 58 91 60 18 17 5 22 20 33 51 66 90 15 34 55 0 3 79 18 1 68 7 74 43 71 59 84 25 40 4 78 77 85 47 58 49 93 58 16 22 17 63 3 12 49 37 37 26 27 47 91 74 11 17 23 37 60 4 90 59 74 98 39 3 53 91 39 74 78 98 8 81 31 14 22 86 56 85 45 94 35 24 71 78 20 94 93 69 63 84 100 18 58 66 76 51 24 25 28 64 11 98 85 100 98 69 47 77 92 40 78 67 72 41 27 51 65 63 13 90 75 71 29 86 21 15 20 7 41 56 51 67 13 48 56 28 73 25 100 36 20 83 54 64 
45 25 47 73 15 33 29 6 7 89 91 46 77 5 24 63 42 71 84 46 3 23 0 22 77 72 83 72 54 99 23 98 24 88 33 32 4 95 84 8 16 43 41 66 99 86 53 10 27 59 78 70 62 33 60 56 12 84 20 79 78 53 49 31 67 85 53 26 43 61 17 28 49 97 82 69 20 27 6 59 7 77 54 29 16 63 70 77 9 10 77 99 39 46 98 77 64 1 18 1 35 82 66 57 31 59 56 66 91 46 73 88 17 43 86 4 54 60 42 44 22 46 91 79 94 85 85 63 29 76 28 31 15 88 60 72 20 7 9 83 67 18 23 73 34 82 15 54 31 52 
11 12 87 45 84 34 46 26 26 80 86 25 70 75 89 25 74 33 67 24 5 80 13 0 35 11 4 9 37 43 99 56 85 22 66 97 90 87 37 79 12 65 44 70 10 2 80 82 47 55 55 52 49 94 42 37 7 100 74 98 4 37 37 43 90 56 46 14 29 81 31 34 90 55 17 26 87 56 19 66 14 58 78 38 14 29 85 53 62 22 67 21 98 76 39 26 40 10 26 41 47 75 64 63 5 1 83 82 93 62 87 59 93 77 73 81 80 4 41 96 25 63 45 20 73 28 83 70 62 10 42 25 88 89 76 60 3 19 90 6 43 58 21 74 65 50 87 43 9 85 
55 57 13 21 28 20 68 49 45 47 77 55 90 44 11 78 27 92 47 65 57 97 78 84 0 37 74 68 33 28 7 81 94 87 36 52 28 56 3 14 72 56 70 71 53 37 19 88 53 13 27 67 31 19 6 49 92 94 91 55 88 34 49 43 76 82 48 64 68 23 65 16 87 14 42 49 10 82 17 79 26 22 24 66 25 2 75 13 22 93 80 12 34 90 76 51 15 19 34 69 71 76 19 46 52 39 35 14 94 74 22 87 92 14 31 56 39 68 58 100 24 88 43 34 93 84 46 26 59 90 70 99 89 63 100 91 65 63 55 12 70 72 51 98 40 83 75 36 15 9 
56 56 95 34 55 93 26 54 14 84 54 92 70 30 26 32 26 81 33 12 41 19 67 63 85 0 57 77 30 6 24 41 25 52 47 15 69 83 76 68 73 58 15 19 14 95 36 57 32 60 64 82 31 11 6 32 54 7 44 20 51 43 3 46 98 58 28 69 97 77 77 68 73 78 7 44 5 80 43 55 68 45 17 75 71 71 68 29 9 48 92 14 60 11 17 92 14 54 66 58 2 57 44 29 45 29 12 74 96 25 42 93 3 79 28 10 35 36 23 75 5 93 24 81 45 74 95 7 63 93 17 61 77 17 30 54 83 63 16 48 37 43 64 56 80 33 92 70 87 20 
3 66 56 39 1 72 37 71 70 51 4 49 15 22 20 43 84 47 2 39 24 49 97 28 35 21 0 24 1 44 68 83 63 4 26 74 25 33 77 20 37 15 67 97 42 17 24 84 26 96 28 18 47 29 29 6 15 50 26 17 75 86 50 75 46 63 7 80 79 75 98 21 92 66 47 93 13 53 69 9 66 16 8 59 77 58 72 36 74 85 78 71 70 94 9 25 54 40 92 15 5 4 96 87 14 7 65 36 74 60 50 51 74 98 84 94 69 80 20 11 27 32 36 76 5 50 69 54 11 76 50 40 45 71 82 61 36 91 30 49 64 14 19 35 64 82 4 91 31 31 
97 32 20 55 63 78 70 99 31 93 21 39 68 40 21 19 54 69 40 47 52 49 66 54 14 84 99 0 33 29 43 79 97 62 47 4 34 38 79 42 7 100 91 90 24 23 95 43 29 92 74 26 64 11 98 7 52 17 5 41 79 4 69 100 100 18 86 91 64 21 56 27 79 70 54 11 24 75 71 80 13 2 40 63 97 30 72 75 16 47 93 42 43 93 62 51 82 72 88 22 9 1 78 62 74 40 40 69 59 9 30 7 75 51 77 10 11 79 44 31 65 62 24 6 28 81 60 37 88 22 63 43 97 47 49 71 69 2 24 30 52 1 7 17 100 62 9 44 95 4 
33 16 6 64 39 39 38 50 49 1 30 50 48 50 56 65 1 59 19 97 21 64 3 62 52 38 50 23 0 18 74 27 95 53 34 79 51 18 3 8 69 12 89 25 33 49 65 37 71 35 25 82 62 54 13 72 60 38 47 60 9 99 95 74 88 67 64 31 40 91 61 75 15 46 44 78 66 40 56 33 90 73 55 32 8 80 47 36 58 9 17 37 15 47 30 17 64 100 26 83 69 74 36 54 36 42 53 58 6 55 31 97 21 6 24 96 66 7 10 1 35 12 54 53 9 89 83 84 4 78 72 35 12 19 5 14 63 16 71 35 72 96 78 91 7 70 86 29 25 6 
91 92 53 51 85 24 74 31 46 58 48 93 75 72 64 57 13 12 6 9 82 6 22 95 95 7 66 90 94 0 61 35 33 49 77 87 70 11 78 44 87 25 38 91 92 9 66 87 38 24 8 13 2 24 40 4 86 25 46 1 58 49 26 34 86 31 44 3 7 38 35 55 91 86 85 62 54 71 75 54 73 39 74 13 53 78 51 42 21 6 33 24 33 36 13 38 40 51 80 40 44 79 98 12 18 76 94 18 73 99 21 96 53 47 25 78 33 9 69 78 26 20 68 20 2 16 16 48 74 83 32 30 49 76 59 44 84 39 53 54 96 40 55 97 22 73 29 47 92 11 
52 9 28 11 16 50 15 62 71 46 94 20 26 7 51 24 83 39 88 82 2 1 17 93 26 62 61 87 57 91 0 94 36 76 87 19 84 41 81 65 54 14 33 94 86 19 97 36 69 44 82 60 18 46 53 27 80 11 93 99 12 14 86 44 61 50 87 68 5 14 17 61 37 60 51 96 11 11 58 90 30 43 19 73 39 11 99 6 56 13 88 32 2 99 65 35 30 34 90 24 95 82 30 5 24 84 71 2 93 5 60 51 12 19 23 95 79 54 34 33 75 62 56 30 93 100 13 46 19 49 50 94 86 28 30 85 39 45 82 4 66 29 30 56 58 52 35 47 76 9 
6 10 57 40 95 1 89 57 30 40 51 62 55 1 30 64 60 8 82 58 67 36 60 63 32 28 13 60 58 68 89 0 98 100 90 90 39 55 28 63 100 14 11 36 9 36 47 25 82 74 46 32 78 81 30 39 11 4 99 93 55 66 67 19 17 47 54 59 72 83 83 66 85 80 14 100 70 2 26 36 62 85 93 51 11 71 53 9 13 4 53 30 76 52 92 66 75 24 25 49 8 4 30 67 12 17 61 45 92 57 51 38 89 80 73 61 93 5 57 53 81 32 95 27 68 80 6 100 18 61 96 63 76 20 60 28 11 46 13 14 24 65 13 23 58 82 7 58 84 55 
4 43 17 63 27 65 8 70 57 36 7 50 78 97 53 75 27 16 36 17 29 1 27 45 74 59 11 9 58 56 99 28 0 86 33 75 76 92 69 23 59 29 70 80 43 72 1 1 21 13 99 89 21 16 27 62 80 70 5 50 40 19 7 48 16 94 88 3 68 91 35 50 73 48 23 27 78 29 49 69 70 97 23 94 70 92 42 94 100 44 24 78 65 64 13 96 31 30 82 51 8 77 54 23 67 99 86 45 68 80 72 2 3 31 11 71 46 14 74 99 71 56 31 51 9 71 11 36 79 64 27 14 24 32 63 75 19 68 81 65 54 26 7 83 97 6 53 64 5 81 
36 69 11 19 24 16 3 66 47 77 57 2 100 6 74 73 35 45 91 43 18 76 63 61 45 17 40 19 31 58 77 71 54 0 11 87 92 73 62 71 63 78 32 78 47 71 54 49 51 43 80 45 70 65 58 70 32 67 33 69 25 63 34 69 82 66 30 53 65 34 98 60 7 56 87 9 21 61 23 75 72 59 3 74 1 73 65 1 70 22 82 7 76 31 71 13 26 80 73 51 98 90 36 36 71 42 78 92 70 39 6 67 31 71 77 53 94 4 2 26 55 72 46 29 22 38 45 7 31 61 15 33 18 63 67 44 55 91 33 20 69 64 29 59 70 55 80 77 99 32 
70 53 98 20 14 18 15 32 34 77 61 4 29 1 97 44 75 84 61 17 31 37 56 27 60 46 56 84 68 99 51 65 84 60 0 36 67 62 92 48 86 50 43 4 45 95 82 64 52 25 14 8 86 41 45 99 1 57 62 100 68 35 57 3 57 98 76 36 94 89 55 39 61 51 34 63 38 16 37 3 37 44 98 56 38 4 15 28 58 81 80 70 83 84 48 54 69 4 42 78 87 16 54 9 76 75 60 15 15 54 85 41 42 25 41 80 65 28 36 94 55 55 48 65 80 75 11 62 35 66 88 79 9 31 88 6 18 19 82 47 2 23 28 58 48 14 93 52 16 78 
78 10 49 60 61 34 48 71 44 34 1 1 1 25 32 67 75 45 13 72 46 57 35 71 11 98 52 24 32 51 81 23 60 61 78 0 64 73 19 94 38 64 81 12 13 46 98 1 70 37 68 99 17 36 95 45 90 70 83 76 82 9 79 57 68 8 49 94 75 53 46 65 1 81 1 12 7 2 55 5 9 15 97 3 76 64 96 66 99 91 14 19 24 58 33 39 47 92 89 83 43 80 35 100 90 37 28 81 62 60 56 4 90 49 24 48 16 80 55 70 57 8 36 69 54 24 78 49 5 7 100 62 34 41 13 82 6 58 26 45 6 11 48 64 34 23 62 47 4 13 
94 84 89 51 46 60 22 21 19 88 74 17 7 69 75 3 42 63 89 63 40 7 39 22 25 76 96 94 74 43 94 10 79 93 87 67 0 83 36 43 3 16 76 85 52 3 9 95 20 16 3 46 21 1 39 26 41 48 89 61 88 25 47 85 36 70 74 51 93 16 97 83 79 32 42 3 11 23 35 66 15 25 51 82 7 25 98 23 38 47 44 4 99 44 66 33 23 66 72 33 65 55 24 67 86 22 50 43 1 93 72 7 56 37 38 22 40 90 60 76 59 27 23 17 16 30 54 89 1 7 68 61 40 89 46 2 43 41 4 84 5 64 54 82 40 18 42 58 18 100 
87 10 26 80 45 11 68 22 47 80 3 63 9 34 95 41 16 14 60 9 31 71 54 34 49 7 31 65 70 24 49 80 61 51 45 56 55 0 91 26 41 24 39 74 23 63 68 83 89 13 61 89 29 37 1 51 20 6 44 60 24 95 45 11 7 39 92 91 7 88 79 64 98 64 68 66 47 90 40 60 69 5 84 98 86 64 50 8 14 10 97 25 59 7 87 74 53 66 28 59 2 93 100 65 12 90 66 14 90 81 2 24 51 74 23 2 47 23 19 78 65 84 82 4 71 46 98 35 16 65 1 7 39 90 77 4 38 70 27 58 65 5 67 100 71 58 81 91 56 52 
60 41 47 45 75 7 63 42 84 50 39 14 58 25 36 38 28 49 84 44 95 6 53 44 14 23 90 74 20 7 68 51 87 21 28 43 2 65 0 69 12 73 64 16 10 27 48 39 48 1 82 77 84 81 33 46 71 17 100 21 33 8 7 100 30 85 39 1 36 74 80 8 4 85 86 21 29 88 3 92 44 97 71 44 67 83 95 14 22 67 100 25 67 91 13 24 76 37 31 41 61 53 89 86 85 25 23 48 80 76 91 38 38 83 22 41 41 47 15 92 74 43 31 89 69 19 98 31 49 72 23 55 65 94 43 36 14 66 35 67 69 79 13 3 50 32 1 83 98 47 
95 95 6 39 25 63 72 94 84 6 10 72 56 50 95 19 3 37 79 8 33 48 96 55 62 20 43 60 35 38 26 10 85 22 90 51 64 73 22 0 21 76 5 68 71 18 13 87 71 22 34 51 83 95 72 3 19 54 32 53 61 12 84 79 50 80 36 76 13 60 57 16 21 82 24 76 76 99 38 82 19 12 14 22 84 91 13 17 60 44 66 60 12 82 77 57 93 59 45 96 92 72 96 9 23 15 16 80 70 48 50 96 12 59 48 63 88 61 3 77 63 71 12 15 50 34 28 18 89 92 65 78 12 3 66 14 67 38 5 53 24 31 23 58 84 25 38 82 100 40 
36 24 97 69 51 13 47 65 63 27 94 21 47 3 75 83 65 48 9 55 71 14 23 48 63 92 94 83 99 15 60 48 5 39 17 83 63 82 69 84 0 72 32 10 42 69 18 5 2 32 44 52 22 71 99 64 93 17 62 41 70 63 50 9 77 38 75 93 51 11 19 89 34 74 52 1 88 4 11 37 89 18 54 33 74 83 82 32 93 58 100 38 34 15 83 3 100 55 13 47 76 99 33 38 82 54 20 59 53 26 44 42 84 87 21 84 14 59 95 55 30 70 100 22 8 27 69 71 70 77 48 98 46 95 78 57 35 6 46 34 42 78 7 24 47 28 61 68 98 53 
14 49 99 55 9 34 72 84 36 43 83 31 97 12 11 6 4 21 13 15 16 11 64 23 73 98 63 99 45 89 56 100 72 43 22 16 9 52 69 62 68 0 43 7 98 13 19 57 94 35 87 100 50 51 81 20 44 44 35 17 47 28 30 34 77 26 65 86 81 23 4 38 67 64 61 85 63 26 11 47 7 89 34 35 83 48 24 2 40 53 46 86 81 26 71 44 36 70 26 45 62 29 79 40 31 83 94 78 58 33 73 76 57 15 70 14 53 92 27 10 53 42 12 75 37 27 22 56 66 2 100 74 55 34 30 91 5 61 63 58 11 59 22 32 53 86 10 88 54 39 
39 80 6 87 92 81 7 3 64 8 30 88 73 19 12 55 75 79 83 31 7 24 61 83 74 48 75 2 58 94 18 79 33 56 17 30 67 12 64 31 53 60 0 80 84 2 89 16 59 23 96 92 15 92 3 16 15 25 89 28 1 66 35 12 30 54 4 64 11 58 62 68 35 21 41 51 76 85 22 90 60 60 81 63 81 50 83 13 74 44 81 24 18 41 38 21 49 65 43 25 90 46 18 17 47 25 7 77 47 41 54 19 15 20 30 91 54 69 38 7 17 81 91 89 48 63 36 23 97 6 13 32 24 30 13 28 82 33 95 82 68 64 20 32 4 65 75 48 73 3 
36 15 33 85 77 84 49 71 22 61 31 43 50 62 31 2 32 43 52 33 60 96 44 93 84 7 21 86 15 40 70 94 21 91 46 78 88 45 31 41 97 87 21 0 21 98 73 30 5 99 30 30 54 93 50 4 71 24 47 61 42 42 97 54 44 54 39 63 54 61 19 79 52 52 22 67 33 8 66 8 94 71 2 26 35 48 79 66 55 4 53 73 99 26 68 1 38 25 72 88 88 64 44 24 16 45 52 55 35 52 21 27 37 44 84 74 66 17 3 34 42 35 56 93 86 20 87 32 6 2 84 37 34 89 48 67 70 82 49 25 63 81 65 99 11 15 14 16 36 10 
7 1 93 25 1 8 86 10 93 3 80 2 15 89 23 60 24 2 56 7 77 4 30 72 98 78 5 11 49 78 25 15 100 58 16 83 52 89 41 94 33 33 88 31 0 22 14 24 19 96 80 75 2 47 64 26 72 60 78 29 10 33 32 26 49 59 92 49 53 80 88 23 55 46 68 99 39 57 46 44 1 16 61 51 74 83 42 71 95 77 82 1 43 39 2 60 46 50 39 90 39 83 83 24 67 29 51 74 73 18 57 92 70 11 15 32 10 80 26 28 41 99 36 96 36 4 12 84 17 26 12 79 49 61 91 82 2 88 24 13 72 62 13 19 59 41 80 14 8 48 
56 46 94 16 47 50 61 5 97 62 68 7 64 33 51 98 47 62 24 55 90 51 53 89 44 78 82 49 9 23 46 54 4 61 44 48 65 50 21 46 31 39 24 69 10 0 100 95 100 37 76 65 94 47 9 74 83 10 45 67 42 57 70 86 84 34 60 11 65 58 18 34 31 67 9 57 41 8 24 76 42 19 27 87 4 17 33 46 53 84 90 80 48 11 36 13 66 87 1 4 45 92 68 61 13 98 16 26 9 47 88 32 39 3 49 42 54 10 92 23 85 24 4 67 84 54 55 78 85 50 32 99 83 65 67 77 70 22 59 26 98 23 94 55 9 39 98 72 93 54 
63 85 23 56 19 53 57 1 85 27 70 19 79 48 77 46 41 35 74 75 72 93 79 71 100 88 2 21 58 100 83 63 96 69 41 99 81 77 38 12 86 39 78 76 57 4 0 100 3 47 56 11 80 46 88 25 2 12 85 28 58 10 23 74 50 92 58 74 26 60 43 91 66 35 38 80 77 89 4 10 55 40 17 42 83 18 71 66 15 23 95 50 70 21 98 84 63 60 5 63 53 68 94 18 46 80 12 97 8 47 11 44 41 34 28 21 40 30 48 100 16 81 37 21 67 99 56 1 61 17 81 78 5 38 23 45 13 43 12 24 31 24 61 22 26 76 81 58 56 40 
50 85 97 15 23 74 3 11 93 16 93 12 91 98 4 47 59 21 19 87 78 73 8 63 27 1 8 96 19 71 59 77 28 4 63 45 62 68 76 91 74 65 4 2 95 94 18 0 45 35 5 60 80 11 64 18 81 64 13 46 58 31 40 42 13 33 9 29 38 11 55 79 70 22 18 8 81 94 35 26 74 96 90 99 98 32 81 68 22 53 27 41 92 94 100 64 68 28 44 5 28 94 17 46 4 26 58 87 76 68 97 67 1 15 44 91 6 86 25 18 33 94 93 12 29 44 67 73 93 39 25 49 56 98 44 97 26 76 24 17 49 93 38 78 99 75 76 13 49 51 
10 100 85 11 70 100 62 73 27 43 52 3 70 8 16 25 2 85 23 41 93 9 31 84 61 74 11 84 64 5 58 21 15 21 33 87 19 46 10 66 3 25 43 44 78 65 13 62 0 58 38 50 80 24 43 54 37 83 15 42 2 21 5 17 87 98 46 3 29 73 63 100 28 90 68 41 24 78 95 2 1 11 30 55 56 54 29 14 40 56 27 87 54 41 28 38 62 34 11 100 59 63 75 28 10 43 9 77 85 42 13 40 55 68 33 88 48 42 91 17 42 5 3 91 7 98 91 14 70 35 35 4 3 72 1 48 29 24 78 33 53 57 88 38 60 59 42 25 87 64 
44 67 78 77 10 96 90 2 3 31 55 41 42 30 21 57 60 77 97 12 55 88 92 46 58 23 7 80 9 26 42 49 48 27 19 90 82 16 97 31 58 90 59 66 49 41 14 94 20 0 15 53 88 46 47 25 91 91 94 46 71 53 58 25 39 12 93 25 33 59 48 23 60 73 13 78 34 46 92 84 8 75 78 55 31 11 69 83 22 75 57 78 7 95 61 82 55 23 47 66 48 47 8 100 31 67 28 47 12 42 88 73 9 32 97 17 27 2 89 65 2 11 44 34 5 19 32 8 84 1 91 74 100 4 62 25 85 25 14 98 93 20 79 68 96 90 91 75 34 26 
27 8 73 25 63 93 16 93 82 54 4 5 22 62 49 91 8 33 19 86 83 66 78 70 87 5 3 87 52 2 18 74 81 94 53 44 34 69 20 96 85 46 29 41 99 67 42 84 20 27 0 27 61 9 87 94 60 39 75 58 22 14 83 12 70 27 48 17 34 33 94 29 37 24 92 6 31 94 81 6 69 66 96 20 23 80 41 52 53 73 69 14 24 27 46 40 91 20 30 4 80 90 90 33 79 96 86 46 90 14 1 80 21 92 81 27 58 43 51 13 66 53 81 4 59 20 53 27 30 63 56 14 20 80 76 45 54 38 43 29 90 91 58 30 38 5 43 3 48 90 
81 93 74 29 34 55 25 80 10 15 63 8 34 13 2 17 1 29 99 37 13 2 62 26 82 26 86 75 94 75 69 31 93 91 71 56 30 12 18 65 41 97 30 11 62 10 70 63 71 79 73 0 32 54 34 5 26 84 77 95 23 89 88 86 80 86 44 41 34 59 65 59 77 56 74 36 32 86 35 4 77 77 75 5 95 55 34 23 57 51 9 33 68 85 22 22 10 10 56 52 75 98 46 47 72 34 90 14 76 45 85 41 52 60 73 60 24 26 11 26 11 32 28 100 8 57 98 53 20 5 70 35 45 89 10 91 76 99 97 84 2 54 32 81 45 2 7 89 25 6 
42 73 30 52 10 47 84 56 72 11 18 47 8 46 53 37 20 14 80 29 86 67 83 93 31 31 14 28 75 17 68 93 21 53 5 86 42 36 58 78 26 32 74 77 10 69 64 11 58 3 76 89 0 36 44 3 52 34 64 77 10 1 16 60 71 99 77 3 64 63 47 6 35 42 10 86 77 3 57 66 33 31 37 99 98 65 4 82 88 91 69 63 62 15 76 3 85 63 90 11 35 57 36 79 10 89 57 57 46 98 26 77 75 4 15 3 26 63 34 14 13 50 39 33 11 11 20 50 69 46 76 9 61 38 5 47 98 28 86 28 99 15 78 80 44 68 4 49 71 31 
95 57 50 14 13 65 44 68 26 91 65 97 37 5 14 20 52 37 69 57 50 35 90 69 15 54 54 46 90 24 75 3 16 81 10 81 7 44 6 20 37 51 59 47 46 47 76 3 93 68 2 66 100 0 100 37 84 12 28 16 71 34 7 16 88 45 92 24 35 56 48 59 46 20 88 51 67 6 75 89 89 73 60 98 10 84 92 86 83 16 57 46 32 37 1 74 53 39 97 47 12 64 11 16 65 93 77 67 87 99 87 57 7 83 16 45 16 89 65 50 73 38 19 16 72 58 34 9 91 94 8 92 67 41 34 67 95 38 55 79 76 31 67 59 99 24 61 39 7 12 
34 66 87 36 76 79 26 92 4 74 85 19 2 88 90 32 41 24 63 64 56 40 50 64 88 90 26 50 36 61 52 2 41 50 79 99 12 47 85 58 32 43 25 43 34 67 55 83 78 8 59 74 21 71 0 61 75 56 78 53 63 15 8 34 42 86 30 81 28 54 44 44 24 90 7 80 31 41 6 85 91 61 2 69 78 1 98 20 47 74 54 75 45 71 21 47 16 34 73 97 29 68 15 81 77 97 52 44 81 71 24 25 86 44 65 20 18 98 26 28 88 98 64 74 77 25 22 66 35 95 61 87 7 79 9 44 13 90 47 26 79 13 41 32 61 92 6 15 43 47 
60 42 67 91 78 68 38 73 71 31 19 34 80 76 33 1 67 30 96 29 11 50 7 31 33 71 74 22 74 77 48 75 30 26 13 28 13 81 15 65 98 13 8 20 32 63 55 23 73 37 43 46 62 8 16 0 29 24 77 4 90 68 33 95 27 64 78 50 50 74 39 25 67 56 5 48 47 4 75 68 86 13 53 45 91 97 67 96 67 67 17 96 84 53 13 42 91 40 43 58 81 22 21 86 78 70 94 72 93 62 91 96 62 42 68 36 93 90 22 47 3 91 50 75 9 32 3 82 22 11 30 39 57 17 14 80 2 1 93 2 76 78 27 54 16 74 45 46 10 16 
52 91 73 76 55 41 93 10 59 63 53 45 12 24 93 88 28 88 62 98 37 89 95 58 60 45 80 1 2 33 31 14 100 92 100 45 86 90 8 84 47 12 84 41 92 93 14 70 95 6 56 61 87 32 27 52 0 13 77 27 15 84 56 87 96 14 85 41 43 56 42 11 39 68 9 44 100 12 17 7 30 23 86 22 40 51 33 59 7 22 78 20 25 40 42 74 35 84 68 89 97 33 12 89 7 77 98 43 58 13 51 39 59 2 98 24 84 36 24 88 21 85 71 70 61 52 42 19 11 39 62 66 4 27 70 22 72 48 79 18 62 43 3 63 4 21 7 100 63 99 
17 36 7 88 4 25 17 18 38 81 21 72 61 26 92 84 14 33 24 48 60 10 80 12 93 68 89 89 60 74 37 45 88 18 23 28 41 14 97 86 70 70 46 9 19 11 100 36 68 54 15 54 4 37 31 15 44 0 100 72 93 95 59 4 58 59 25 92 34 63 100 94 36 38 11 53 93 57 97 14 68 56 8 64 88 94 93 19 17 62 88 80 61 46 54 11 33 74 56 34 40 83 22 73 12 82 43 73 66 44 57 72 82 41 19 49 85 54 87 4 21 30 80 20 41 41 59 65 39 95 41 29 76 3 88 10 66 20 20 23 1 90 72 37 94 59 56 83 86 38 
92 19 71 23 25 92 65 74 88 68 76 76 52 67 94 53 34 40 78 52 74 100 60 11 64 36 89 25 73 13 12 25 77 82 47 27 98 85 95 70 66 51 39 40 43 17 14 46 51 88 80 83 45 13 82 32 81 7 0 76 32 19 1 36 1 53 66 19 52 8 27 74 32 13 23 17 96 98 6 4 53 58 23 65 42 91 95 84 24 14 13 92 18 14 71 64 78 91 72 64 3 32 35 13 49 23 28 84 37 64 77 14 92 50 85 74 4 43 90 80 47 79 77 65 70 86 6 86 39 66 64 85 90 67 89 4 97 88 60 7 37 70 34 93 10 37 5 64 71 81 
48 83 95 18 96 95 34 13 37 81 55 80 7 61 64 45 97 64 20 17 36 5 70 56 76 28 32 56 98 13 100 85 39 29 3 71 3 39 15 36 52 50 85 10 48 39 91 7 29 24 59 29 1 34 82 12 81 54 75 0 32 61 46 16 63 4 71 48 66 44 45 94 9 48 43 85 39 53 84 91 12 67 28 18 26 52 38 46 16 90 25 57 10 76 98 72 82 13 37 61 22 26 33 82 45 62 37 61 63 42 28 74 75 81 1 63 82 51 86 68 11 3 76 12 60 7 6 31 31 74 32 56 86 48 77 28 76 19 66 33 42 1 16 60 58 31 14 46 42 34 
36 68 16 18 77 86 1 13 66 71 76 37 53 25 19 91 90 52 43 11 68 34 86 77 31 75 49 92 2 93 99 41 26 11 43 96 85 11 43 71 6 37 82 78 83 13 11 11 70 86 48 49 70 49 56 74 64 37 17 82 0 50 89 56 25 71 90 90 82 95 13 45 6 60 16 77 73 71 71 4 47 1 51 5 89 57 31 26 24 52 38 23 84 68 93 76 59 88 37 19 88 14 77 73 5 57 30 22 48 41 32 46 6 46 90 36 11 75 91 53 50 34 57 27 79 32 89 39 73 52 18 1 34 81 80 13 96 27 36 37 83 88 17 34 63 2 74 43 77 51 
42 43 41 36 83 6 39 68 52 77 91 49 38 4 18 43 3 65 53 5 32 56 88 64 16 23 32 45 5 91 18 68 89 26 74 42 7 5 39 45 38 65 28 57 76 14 80 61 64 3 22 46 50 62 6 13 68 66 80 74 19 0 51 10 20 24 80 19 90 51 5 100 9 7 94 74 46 5 96 20 32 28 90 95 25 2 44 9 96 44 2 91 67 11 5 62 80 89 34 27 27 30 28 46 85 63 23 86 39 88 47 11 83 18 89 61 67 91 8 78 13 73 15 26 70 13 4 65 87 27 37 52 54 40 20 26 69 99 22 82 17 50 55 75 25 61 7 63 61 2 
21 35 32 21 48 19 22 16 80 100 4 70 92 10 27 19 8 35 32 19 49 89 36 2 94 97 42 80 14 1 85 50 27 49 24 85 48 32 12 59 98 47 13 57 39 21 7 72 47 84 81 50 38 68 48 16 6 12 81 31 64 95 0 37 20 16 80 83 22 1 9 35 66 61 25 100 20 58 60 46 19 46 97 73 18 94 14 72 85 94 17 11 27 53 69 37 37 54 54 80 55 9 8 93 47 55 78 83 37 44 13 1 32 61 56 2 51 58 21 100 1 86 30 57 14 73 86 99 28 46 42 49 2 60 78 56 23 97 3 89 100 69 4 18 6 61 4 16 79 42 
99 76 80 7 52 49 41 61 36 53 4 28 69 59 74 62 86 21 22 55 33 33 25 88 47 20 49 71 57 70 8 74 14 51 4 40 46 52 35 56 23 7 92 39 91 5 75 71 26 40 21 21 57 30 30 100 83 53 21 45 27 23 10 0 26 36 67 57 26 4 40 37 11 32 70 7 21 1 58 27 83 18 73 87 29 68 8 89 7 11 27 68 88 6 52 87 95 45 46 27 10 63 92 65 50 92 38 11 100 55 36 60 65 43 98 28 37 6 74 51 62 1 91 59 92 13 65 42 24 95 77 25 68 17 13 34 98 29 63 21 71 55 23 21 3 38 89 100 45 67 
39 99 1 54 43 15 43 77 31 90 3 33 89 74 80 13 99 3 61 39 90 47 33 3 86 75 83 17 56 45 91 72 77 33 86 48 47 56 22 87 86 65 75 24 43 83 64 50 30 90 100 74 80 5 4 46 54 50 28 87 88 52 10 98 0 74 59 95 64 98 7 9 13 24 14 72 94 53 83 15 57 53 44 16 95 29 55 90 82 32 38 34 48 17 65 11 88 95 65 43 76 66 56 11 51 66 70 38 52 46 26 70 68 68 52 73 12 93 9 99 19 84 69 43 13 48 55 32 14 77 50 20 25 86 14 75 58 71 12 70 44 44 88 57 82 24 36 50 27 32 
64 21 63 93 19 96 28 89 24 48 64 47 87 5 22 2 27 84 96 36 5 70 42 20 14 57 52 27 37 10 19 14 77 1 80 40 48 52 50 1 81 82 85 54 5 73 42 21 56 53 72 60 16 49 76 9 39 83 73 45 17 1 57 72 5 0 73 96 100 25 32 14 56 96 46 44 55 65 12 21 78 59 69 51 74 53 48 56 5 69 74 83 56 51 80 83 27 57 23 61 80 87 14 24 26 34 21 19 84 97 4 6 90 33 75 60 40 4 27 82 31 68 19 12 67 36 9 55 61 87 15 56 5 98 9 48 3 44 38 32 49 31 82 44 75 25 31 45 76 24 
12 37 68 22 45 92 31 19 18 39 72 14 73 73 15 66 9 79 89 36 12 43 73 97 58 19 21 29 28 14 55 33 64 81 28 17 79 94 78 32 10 29 95 60 57 46 1 74 8 78 77 6 22 66 84 69 52 2 46 90 59 56 59 44 36 80 0 52 49 27 44 86 99 11 41 79 42 21 21 33 42 96 74 79 7 63 7 33 24 33 78 95 38 71 74 80 4 55 1 38 84 35 36 6 16 89 44 4 16 89 35 35 33 3 21 13 1 37 58 97 50 71 14 86 55 74 45 89 56 89 86 91 93 62 69 95 73 82 67 94 30 4 41 65 64 24 78 7 90 15 
86 83 91 68 80 46 71 40 20 18 16 77 24 79 41 43 98 47 83 44 10 42 87 43 22 73 31 54 10 58 93 48 56 99 10 75 76 33 32 35 47 100 40 33 18 73 83 54 97 71 52 48 42 62 11 50 64 53 92 45 18 42 77 47 77 39 88 0 34 24 39 25 64 78 13 5 55 27 11 25 95 17 1 66 46 4 15 5 6 39 47 71 66 14 12 87 51 48 26 37 48 76 77 64 33 74 47 3 67 77 35 24 72 46 34 51 57 21 71 99 10 50 81 43 79 51 56 22 47 88 66 43 19 71 14 21 34 30 3 27 38 20 26 6 32 79 3 18 74 3 
95 40 49 2 83 6 50 24 30 30 99 10 13 38 96 2 69 48 51 9 49 58 31 53 100 30 44 97 71 77 64 5 10 15 29 15 47 24 78 9 2 83 47 72 63 30 72 96 97 11 72 83 48 32 70 51 27 4 58 83 25 84 90 37 77 30 41 28 0 77 91 48 95 36 24 51 6 63 14 8 44 13 73 81 84 7 88 13 50 32 30 99 50 26 17 12 17 40 41 88 45 74 67 31 7 62 33 30 38 42 15 36 66 13 22 68 19 41 64 2 12 7 84 62 7 43 65 13 79 83 74 94 4 98 79 10 60 98 31 6 45 32 12 16 23 99 61 79 85 89 
90 9 56 39 78 59 37 81 76 3 6 4 82 90 98 80 30 79 86 34 35 38 57 39 30 85 14 70 45 70 46 80 10 98 65 16 97 75 97 26 63 23 99 59 92 1 61 16 38 5 9 61 62 28 50 58 44 66 75 65 80 6 29 39 3 12 19 91 63 0 79 75 49 5 48 67 61 57 34 53 94 39 47 2 15 24 94 9 81 94 22 62 98 1 75 34 68 9 13 56 1 74 68 78 33 23 3 48 39 91 78 14 19 89 49 94 41 8 79 12 6 66 77 93 69 9 6 90 100 13 65 35 7 5 33 37 8 24 81 83 20 72 8 22 21 9 77 47 59 41 
10 37 8 76 85 5 8 51 16 4 50 15 80 52 54 16 17 83 64 40 9 79 27 91 57 14 18 23 100 42 100 20 52 42 1 77 38 32 52 27 82 23 40 27 40 12 1 32 84 33 40 33 3 60 54 21 16 15 29 36 27 61 43 87 30 25 44 97 7 12 0 6 7 79 16 29 73 16 30 77 58 19 2 43 50 6 78 46 73 30 46 57 86 82 36 70 27 69 56 67 31 99 12 71 54 22 53 7 96 14 52 68 92 31 67 99 25 94 18 20 76 58 82 19 1 74 43 66 5 17 15 86 1 17 81 34 30 37 38 36 72 16 3 41 39 53 46 73 62 29 
26 36 49 32 13 17 94 48 58 49 71 59 32 25 16 73 3 82 3 91 89 1 77 53 88 48 5 47 34 22 4 75 36 3 56 69 58 68 34 52 36 7 30 89 70 27 91 44 7 62 32 60 85 57 68 42 19 16 83 35 57 13 19 47 13 65 21 11 2 50 13 0 11 58 80 21 53 82 14 63 17 7 38 39 71 2 95 6 27 57 38 1 91 12 69 56 23 44 36 1 67 48 87 4 10 26 33 73 88 86 66 33 14 96 40 49 58 89 40 64 15 7 70 93 74 32 76 1 13 50 72 27 61 16 37 23 82 40 41 36 47 95 63 9 18 68 74 80 75 24 
82 75 58 18 44 72 51 33 13 75 35 95 75 36 37 34 62 24 85 24 65 60 14 39 99 32 17 29 53 25 77 47 34 76 55 8 15 55 100 45 47 37 93 20 36 19 74 78 7 89 95 77 87 61 46 43 61 25 52 95 26 94 2 5 38 29 33 80 62 6 14 88 0 89 52 44 100 42 46 100 26 13 95 82 3 20 72 92 48 49 39 52 98 63 30 55 86 4 92 44 33 65 41 87 17 60 2 69 1 24 26 26 58 74 45 33 78 40 66 19 63 13 45 49 92 40 22 51 86 44 74 98 3 33 32 34 13 7 1 27 89 58 90 8 99 50 49 34 25 8 
46 54 67 86 64 62 56 81 22 42 24 57 11 42 20 23 44 84 54 55 95 56 4 59 28 85 96 63 53 59 89 7 94 65 31 10 94 16 4 69 53 34 55 97 20 24 58 74 81 20 78 41 23 19 9 66 59 40 35 17 48 42 18 12 1 46 16 30 63 69 98 23 63 0 11 94 49 2 37 7 33 68 26 94 39 69 25 84 37 20 81 48 30 24 99 25 35 39 54 61 46 72 71 76 44 30 8 48 3 22 74 74 61 1 62 89 76 56 15 28 52 50 68 71 41 57 13 68 100 4 11 65 3 30 58 2 10 89 97 27 74 18 45 72 5 83 34 72 99 75 
80 80 83 93 69 58 29 16 24 94 68 11 31 8 17 72 21 97 39 68 23 44 99 38 13 81 31 35 2 37 71 26 42 7 35 11 76 2 88 91 11 89 20 2 20 92 58 63 47 95 61 30 83 74 88 46 46 30 33 34 36 11 1 84 26 70 61 70 98 42 74 63 59 25 0 37 38 28 12 55 56 63 21 72 66 9 11 44 50 37 75 82 54 19 91 44 24 88 72 66 82 62 34 25 79 34 17 53 44 79 79 28 51 33 46 22 70 7 98 17 50 28 82 2 81 40 65 41 29 96 92 18 36 64 87 61 34 93 48 87 62 60 46 3 34 80 19 50 48 77 
84 32 76 72 42 97 55 53 6 15 92 6 13 99 52 82 1 78 74 90 9 28 39 33 61 4 88 8 4 1 97 68 27 41 94 51 40 84 69 39 83 1 73 71 11 91 22 61 17 64 70 15 76 45 96 58 14 14 35 84 56 6 86 94 38 64 63 21 14 39 59 86 72 31 30 0 79 71 77 60 26 15 70 17 2 82 24 45 20 67 80 54 20 10 57 16 55 50 29 88 78 61 84 53 82 100 53 23 88 23 36 26 70 54 61 10 100 6 18 32 18 30 94 66 38 91 11 13 84 7 24 91 26 59 61 13 92 32 32 4 51 43 62 82 53 85 22 67 81 72 
14 68 10 96 58 12 68 6 84 66 34 76 24 62 56 77 46 90 40 93 28 97 36 97 63 58 51 58 2 38 81 43 20 1 40 48 78 20 93 23 1 6 52 62 20 76 29 10 39 81 93 51 98 54 15 65 28 67 34 39 35 59 27 11 2 92 10 49 62 17 16 92 18 45 71 21 0 71 36 17 28 9 74 45 15 30 50 71 32 55 8 37 46 66 69 15 51 18 36 18 68 44 95 53 36 71 16 83 69 4 8 13 73 99 24 91 24 64 91 24 7 99 82 11 16 39 82 45 61 51 49 13 39 85 44 77 23 39 97 33 13 42 42 93 80 47 89 53 35 7 
19 35 95 52 71 72 26 50 23 26 28 69 77 100 73 50 95 19 57 93 13 69 2 33 40 93 93 21 4 45 13 83 24 46 56 32 99 34 53 63 84 54 10 21 71 27 42 92 32 68 59 30 55 78 54 58 38 77 99 62 89 87 58 15 61 62 94 68 18 48 58 43 32 87 63 98 74 0 92 42 58 77 4 82 70 89 80 43 58 82 27 42 93 87 20 77 8 81 67 81 26 7 44 82 84 53 74 48 30 27 80 4 20 81 64 84 32 13 13 31 41 29 3 6 18 19 57 71 22 42 79 62 53 49 66 38 22 49 39 87 21 72 51 6 98 35 80 100 2 53 
15 60 57 33 76 84 100 77 1 82 2 33 37 48 42 76 13 45 29 4 100 74 14 76 51 38 72 21 61 91 89 10 42 4 79 21 12 65 99 49 72 71 35 56 52 69 46 42 28 75 18 58 17 84 87 25 84 86 97 42 92 96 22 8 86 85 86 7 22 96 59 52 11 54 31 95 9 83 0 82 47 44 81 85 51 66 49 50 66 11 91 32 64 47 90 47 42 15 15 42 48 19 1 70 89 65 79 3 17 39 60 15 99 53 57 23 69 85 76 25 40 81 90 68 67 99 13 22 96 88 99 68 62 57 58 66 27 98 100 21 75 19 17 21 17 88 35 16 29 87 
48 44 50 67 12 2 48 73 22 66 9 95 70 81 38 26 15 96 87 35 69 91 25 78 93 1 57 61 80 26 70 56 95 43 55 97 39 84 95 17 66 66 9 77 77 1 8 57 48 74 96 62 93 96 76 56 2 88 97 31 97 30 96 74 26 90 82 83 65 85 61 20 82 79 57 58 42 67 2 0 16 86 86 47 83 50 50 81 45 84 49 77 64 56 60 21 64 21 5 66 94 72 15 90 83 82 7 53 90 80 30 67 20 82 73 27 55 21 45 36 92 64 84 6 40 61 95 94 97 53 74 42 25 79 44 41 92 37 13 22 36 93 23 20 98 84 4 18 24 55 
48 77 34 25 4 87 65 54 25 92 48 18 4 72 85 69 14 35 24 55 27 68 11 32 19 95 29 11 51 98 45 61 72 23 14 13 9 91 6 21 8 57 19 21 85 29 77 44 77 89 66 44 90 58 79 74 84 18 14 2 49 66 79 75 41 69 78 23 24 46 72 27 66 80 10 3 86 93 96 66 0 20 25 4 75 46 93 45 31 75 66 44 23 60 49 27 28 54 9 71 19 93 47 87 19 18 85 60 50 81 66 92 22 11 60 67 92 46 74 15 58 27 12 15 17 72 58 99 77 21 6 84 29 6 3 3 88 73 29 30 44 12 13 92 31 28 69 26 99 9 
74 14 99 50 51 82 95 43 87 41 68 9 96 93 40 86 20 99 96 80 80 61 52 41 38 65 83 59 75 54 31 15 37 54 8 18 78 9 1 88 32 70 36 94 71 56 93 7 90 93 100 32 15 16 100 63 17 64 41 79 31 96 35 16 92 67 36 93 37 8 41 11 40 40 8 41 97 66 81 28 95 0 37 74 78 1 94 80 87 77 14 100 8 89 77 15 77 95 16 76 87 56 20 26 29 11 51 51 13 41 90 60 35 81 96 39 56 97 3 94 4 11 8 53 13 11 12 49 78 92 86 27 65 19 13 84 89 24 32 98 63 52 81 48 63 91 10 75 10 75 
74 39 33 39 4 58 45 53 38 54 4 1 10 18 86 58 57 94 83 74 36 74 50 73 50 25 92 25 69 100 36 82 47 45 21 91 12 77 76 45 27 25 15 58 23 20 36 80 98 16 37 28 95 38 9 43 29 98 29 66 19 10 62 38 31 96 87 84 26 15 81 18 95 34 31 31 80 21 99 70 38 39 0 57 26 18 19 78 83 26 22 53 39 24 89 40 53 75 66 40 26 46 87 100 81 67 64 57 84 67 42 11 85 39 7 33 12 10 70 35 53 6 83 83 18 60 77 35 84 18 70 90 70 72 57 89 15 93 76 27 58 63 54 20 6 29 84 11 54 44 
73 71 19 56 51 44 43 51 38 46 59 87 85 17 90 60 12 26 58 81 58 32 86 94 74 27 70 11 57 11 84 85 74 98 8 93 28 63 88 19 14 4 47 42 77 12 43 59 23 73 30 21 37 41 96 40 8 43 56 13 27 76 57 58 18 62 14 93 92 62 68 16 71 13 18 53 9 90 64 80 80 14 87 0 61 68 76 21 49 1 88 32 100 66 56 98 13 59 1 9 51 77 48 33 45 54 76 44 63 4 18 20 76 26 32 91 51 24 42 58 46 59 43 37 33 28 21 21 11 47 15 11 92 4 32 15 90 67 79 3 59 66 98 22 6 97 96 10 65 4 
38 75 30 44 17 12 78 14 3 91 71 32 27 73 8 28 20 24 46 32 67 41 6 29 15 3 20 37 38 81 40 59 25 30 44 15 18 45 23 28 6 74 26 60 89 84 90 46 67 80 42 83 45 10 60 53 94 30 73 5 3 8 81 62 17 71 62 14 34 11 23 41 5 59 84 87 2 91 95 14 69 25 87 45 0 96 46 12 18 54 12 32 92 37 77 100 86 49 54 35 97 31 24 43 80 80 28 45 63 48 28 78 38 14 42 68 80 76 22 88 66 62 72 72 35 81 72 8 11 40 8 68 60 65 97 72 77 83 90 47 72 6 99 55 49 41 48 44 2 22 
14 42 22 44 41 34 46 99 79 4 11 35 75 84 17 93 66 1 55 90 57 2 23 42 13 71 18 67 11 63 81 95 83 41 38 27 71 60 35 55 53 72 9 86 69 85 92 24 28 69 19 97 51 73 9 88 33 50 50 78 55 87 18 80 98 24 5 45 32 36 85 31 67 71 30 43 67 73 19 22 75 8 11 100 18 0 39 86 66 96 37 53 51 91 99 99 57 88 18 57 72 88 10 73 18 6 26 63 21 74 59 80 95 60 65 4 90 46 7 45 66 76 13 74 47 79 39 89 43 28 84 38 82 80 45 57 59 45 76 57 4 68 62 88 73 40 44 84 92 89 
79 43 46 32 94 9 64 13 23 38 18 36 27 97 15 86 89 66 87 24 11 89 98 39 41 26 40 41 17 82 5 85 37 88 81 10 71 98 49 71 84 53 32 74 32 3 12 45 60 1 30 81 49 11 18 11 88 5 3 16 30 2 35 68 100 3 66 51 89 39 19 24 70 60 78 38 44 6 65 16 20 10 81 9 49 67 0 11 16 92 78 55 24 85 72 14 30 3 60 1 47 4 81 40 38 70 41 72 49 98 62 59 55 1 66 82 53 6 13 15 72 65 13 8 9 88 95 51 50 5 61 77 66 29 95 47 15 36 99 12 49 7 67 54 75 61 57 17 94 68 
19 78 60 55 36 48 27 88 35 91 79 63 50 90 73 89 84 21 18 6 100 86 41 66 86 32 22 2 56 19 67 94 50 97 31 51 32 13 29 7 62 73 63 90 30 100 6 13 9 22 7 34 51 78 85 13 9 35 75 9 35 27 12 51 74 14 13 54 82 100 80 2 50 94 45 98 87 13 35 66 54 75 55 59 50 91 27 0 9 59 24 99 46 73 76 28 73 34 67 66 29 5 53 25 2 42 76 28 33 57 14 1 99 57 67 12 21 20 28 5 17 45 88 24 35 54 9 32 74 25 27 54 60 90 99 18 87 44 10 51 88 72 29 15 59 76 85 92 5 74 
57 56 98 59 11 91 23 15 15 32 36 28 12 87 64 86 88 9 27 51 42 18 89 20 5 69 73 77 92 92 4 85 55 3 100 56 26 97 18 8 100 14 98 32 44 74 82 46 3 75 91 5 8 87 37 13 7 23 8 67 44 74 68 98 89 24 44 58 55 60 88 20 14 25 5 22 11 21 100 88 43 93 6 71 99 94 33 20 0 83 45 49 2 77 70 27 46 7 75 15 36 41 17 55 7 7 81 91 57 84 54 22 71 11 84 94 44 60 73 44 15 59 3 14 93 20 42 28 43 1 38 1 81 59 62 35 25 100 28 81 97 40 66 77 62 39 68 12 29 55 
87 96 16 75 78 30 28 37 64 49 62 84 17 54 21 46 83 39 19 33 90 15 40 47 41 71 8 15 78 34 91 67 41 73 87 97 22 73 46 38 19 13 75 48 97 28 68 89 96 34 94 94 95 41 100 29 75 32 76 6 81 18 59 4 82 6 31 3 22 26 34 73 41 72 62 17 1 56 33 66 89 55 36 23 90 60 58 78 11 0 64 35 44 67 4 2 25 52 10 41 58 68 6 69 65 43 54 58 63 40 13 82 65 19 67 86 97 33 23 14 12 4 72 93 26 34 99 4 16 24 19 98 91 43 95 11 54 15 18 48 96 98 7 29 82 21 21 92 29 87 
28 67 84 60 2 39 64 87 1 51 67 78 10 11 65 34 69 44 4 82 25 13 71 3 94 40 55 13 84 34 87 61 4 76 29 54 47 69 52 36 67 58 73 53 64 19 95 98 81 26 12 23 70 53 44 3 68 97 38 59 11 75 11 74 92 88 11 21 96 19 31 54 93 91 99 8 8 74 62 1 54 49 13 83 78 95 55 54 49 31 0 16 78 66 31 36 4 29 1 70 45 51 16 58 98 78 47 12 34 95 5 39 60 50 91 44 76 51 95 36 58 27 51 96 25 3 91 7 71 82 91 25 2 91 83 62 14 16 90 68 82 16 59 48 43 50 21 66 63 37 
78 72 74 24 37 21 43 100 89 100 84 66 31 46 78 55 63 72 53 2 70 21 81 99 35 60 16 19 88 51 17 6 3 94 72 68 38 99 2 12 6 43 90 94 26 57 28 100 69 98 22 18 11 27 27 48 44 35 7 38 87 15 27 70 36 80 69 3 51 38 78 65 18 87 42 38 57 85 52 55 71 37 97 100 79 94 70 10 18 57 45 0 68 34 1 32 65 63 52 86 98 96 21 47 61 22 42 99 14 43 10 82 79 37 54 51 34 56 60 100 45 75 92 67 32 74 100 79 29 14 52 66 41 1 94 8 8 69 76 49 19 59 26 92 55 98 6 94 56 42 
99 94 91 97 28 63 9 51 28 51 6 36 71 76 79 73 61 30 15 98 66 44 28 9 76 70 99 57 46 35 40 48 50 80 61 29 4 58 88 100 90 44 71 14 44 33 30 11 44 41 74 26 6 92 91 94 66 60 50 58 63 2 4 49 52 98 15 47 77 5 99 80 12 16 91 86 92 14 87 28 50 85 54 81 13 97 11 17 4 84 70 84 0 69 24 4 22 27 12 12 83 27 32 69 77 71 86 100 5 31 26 76 46 80 25 47 94 38 33 93 54 52 58 78 1 15 100 60 8 28 32 4 26 63 39 41 2 88 100 13 89 21 26 49 79 21 13 18 76 65 
83 21 61 26 54 37 91 19 73 95 50 71 19 62 30 7 84 51 52 68 32 17 50 60 92 78 19 47 90 65 75 77 78 23 84 44 75 35 40 87 9 82 44 84 26 10 84 83 55 63 18 55 9 10 50 99 50 94 64 25 51 17 39 83 9 60 79 98 36 44 49 86 98 67 29 54 19 77 89 51 9 19 99 31 77 7 10 42 67 76 50 10 35 0 7 67 98 28 95 70 89 2 8 69 15 65 52 3 48 87 95 97 7 24 89 52 32 93 93 56 91 88 78 6 51 65 35 63 18 58 47 63 74 82 65 79 72 85 58 72 1 12 17 94 42 56 9 4 10 26 
96 80 8 8 1 24 39 43 95 57 36 33 14 33 30 24 94 44 62 15 50 19 13 45 73 69 4 8 63 76 39 98 87 52 27 5 75 51 75 97 76 5 71 58 78 48 78 61 64 34 6 28 18 12 69 60 20 68 68 44 48 20 49 81 77 100 57 19 36 83 23 62 76 88 35 26 91 1 63 52 94 32 17 31 66 25 2 79 59 100 37 33 4 96 0 36 87 15 57 47 99 51 76 64 54 19 94 9 1 49 54 62 71 38 86 41 63 35 88 77 1 23 53 36 97 19 8 80 40 25 7 25 95 76 85 34 1 60 9 19 65 84 38 38 23 40 9 93 98 10 
64 28 66 35 9 72 8 65 81 84 54 79 42 99 97 13 100 70 70 33 5 57 79 91 3 40 93 16 51 51 54 21 56 24 46 61 55 72 55 57 15 4 36 8 82 87 77 69 45 74 9 63 63 92 65 28 82 22 58 99 34 37 67 13 63 90 66 91 68 63 4 10 67 21 38 55 50 45 87 91 33 70 7 77 52 49 69 28 78 5 71 91 16 70 33 0 83 18 32 51 86 46 41 74 73 30 54 32 62 23 77 90 82 37 37 48 83 90 3 1 32 12 25 62 33 27 75 16 28 94 8 6 50 67 34 38 46 41 93 82 54 29 95 31 19 61 86 73 46 2 
39 11 84 23 50 99 33 89 62 33 88 16 12 44 79 14 53 98 92 54 32 24 9 49 86 86 56 82 8 37 73 54 56 29 21 43 22 28 2 52 18 85 90 31 45 43 26 45 12 51 51 22 50 72 84 31 18 50 31 91 56 26 7 74 53 13 58 37 35 46 99 29 9 35 32 80 13 35 52 41 10 47 47 17 32 88 23 81 97 65 75 20 31 51 72 72 0 19 26 10 88 92 64 56 31 36 85 48 3 38 90 53 41 68 9 39 28 90 35 85 41 48 48 44 89 17 48 45 100 50 8 83 100 78 20 96 77 31 91 87 82 79 10 16 71 2 52 31 91 61 
44 44 63 94 19 25 4 54 64 36 85 73 18 8 13 10 81 27 94 28 34 33 90 73 14 60 16 38 74 31 81 36 36 76 17 25 28 78 24 60 84 55 58 66 77 57 20 14 23 100 75 78 32 85 7 23 22 43 89 26 89 20 35 91 42 94 25 28 5 43 53 28 52 79 83 37 38 35 10 14 81 60 21 87 83 16 58 77 44 95 26 71 31 28 90 55 8 0 92 83 52 48 27 33 10 7 91 99 11 12 12 49 13 58 1 58 24 96 86 62 61 29 19 69 1 19 38 3 46 4 37 63 36 84 13 69 28 25 68 52 41 32 69 84 98 85 84 66 51 55 
60 47 5 55 83 59 4 52 87 27 17 4 35 28 61 91 48 2 2 78 35 87 46 50 68 76 59 49 84 71 92 10 55 47 99 11 64 8 68 49 14 56 36 63 74 96 76 12 12 17 27 5 74 70 20 27 50 19 1 42 33 67 84 71 35 31 97 80 28 18 48 34 74 79 12 85 22 13 68 92 78 93 55 86 8 76 20 8 11 63 89 44 19 38 12 32 85 26 0 73 37 98 28 12 95 62 25 93 82 84 36 43 57 51 90 66 97 100 56 65 75 8 26 70 42 34 71 34 21 73 92 94 13 6 81 91 28 8 50 77 60 47 70 67 30 90 66 64 29 75 
4 55 79 39 99 64 9 48 56 7 32 56 92 34 78 93 31 77 33 98 13 29 21 70 79 24 73 49 66 5 12 74 21 25 68 34 64 77 48 77 17 54 8 40 88 60 36 14 89 42 36 48 64 1 2 48 76 94 20 80 77 85 48 20 84 32 7 86 32 1 78 79 35 95 93 92 85 55 29 26 20 42 32 40 4 50 34 60 70 55 84 50 68 76 32 75 21 12 41 0 69 87 23 71 87 23 33 79 32 9 60 87 20 40 51 8 72 66 32 33 94 99 5 28 5 55 9 98 51 7 86 4 10 53 55 37 74 58 96 92 16 91 60 88 39 36 5 11 2 35 
80 81 73 15 39 56 50 76 51 23 15 72 3 32 30 73 1 13 20 34 44 22 92 62 42 18 29 16 75 73 70 4 50 30 4 29 18 15 44 38 37 78 91 81 4 95 69 27 45 95 72 100 42 57 65 44 75 60 24 19 30 55 6 40 83 39 79 47 27 81 84 74 57 79 35 53 20 26 42 34 51 74 14 79 34 15 31 64 52 28 16 14 17 83 72 54 96 83 10 93 0 62 95 40 10 23 98 45 6 53 55 93 100 55 8 23 14 72 19 11 82 4 33 56 92 58 99 4 22 35 26 89 47 26 83 31 48 17 22 93 48 93 54 93 59 4 81 90 96 33 
69 98 43 6 48 70 32 79 66 80 36 14 93 52 26 30 76 28 51 8 47 17 51 73 27 12 40 18 93 54 36 81 3 63 36 89 28 18 80 98 73 51 10 100 71 65 48 89 2 47 16 42 99 66 31 40 88 58 52 86 53 69 21 36 98 40 57 38 34 43 76 39 79 15 51 84 20 76 45 43 60 15 49 59 60 40 56 99 27 75 75 76 85 98 14 94 87 14 89 8 95 0 91 56 8 47 55 92 22 18 90 98 6 49 78 98 85 97 60 27 80 53 99 2 30 68 58 80 74 17 33 37 58 89 53 62 53 6 37 24 19 29 74 34 82 53 50 31 47 14 
24 45 77 69 84 12 53 41 29 8 77 28 78 91 97 71 20 21 41 49 43 72 26 78 71 47 90 87 76 61 35 73 37 87 53 54 48 61 96 47 65 92 7 67 86 17 31 40 61 79 2 47 98 80 14 35 94 18 100 7 68 56 62 30 2 80 73 69 88 64 93 63 84 66 76 36 58 52 76 64 18 33 31 41 85 84 49 70 68 98 99 7 12 72 95 42 96 4 74 57 43 70 0 9 97 62 99 72 13 81 87 44 26 47 22 13 65 53 11 1 71 61 76 50 61 29 36 53 1 75 44 79 57 12 70 92 51 99 12 34 37 70 17 42 98 58 60 16 45 86 
20 27 40 38 87 69 7 23 60 40 96 86 1 97 80 18 78 61 30 27 47 35 25 81 8 16 39 46 57 13 64 81 96 17 52 5 12 30 68 50 22 14 29 86 44 50 13 77 73 19 7 31 6 69 14 25 94 77 10 17 97 28 28 48 16 90 23 93 28 36 75 40 24 95 19 46 48 20 14 71 71 83 61 47 87 17 92 83 28 52 97 33 5 31 16 81 92 26 6 48 89 72 53 0 35 75 7 53 26 18 67 94 72 57 47 5 85 89 93 24 56 72 14 71 72 61 89 46 79 70 55 92 10 43 44 58 75 78 34 12 80 19 50 64 31 37 14 26 61 21 
89 65 47 81 25 38 8 64 30 80 55 46 11 100 69 89 26 89 80 88 40 3 75 10 38 19 32 86 82 64 71 50 17 83 8 45 46 8 81 90 52 78 31 84 5 47 49 84 26 91 21 1 54 35 52 36 10 72 33 93 24 67 70 41 69 60 64 73 32 72 22 31 12 20 17 78 29 12 19 29 20 5 10 91 14 1 79 8 59 91 32 81 31 71 47 47 67 20 83 100 65 76 32 60 0 8 27 26 14 56 62 47 12 95 48 41 29 50 88 34 2 63 62 13 69 52 86 24 73 33 71 84 18 51 89 13 33 83 99 100 41 80 94 29 16 45 23 75 36 86 
83 23 15 5 39 54 23 83 5 41 75 68 100 100 55 30 49 76 81 45 61 41 87 28 60 82 86 63 45 67 56 97 57 76 11 32 69 31 42 93 55 28 44 32 41 73 87 44 6 61 17 75 65 10 59 87 100 69 71 22 83 31 81 54 18 89 20 58 18 58 75 58 71 37 40 86 16 36 99 40 77 65 75 63 37 50 51 73 85 58 10 36 50 3 36 75 37 72 11 91 76 71 65 52 14 0 26 94 100 42 92 50 70 83 63 81 26 41 12 27 34 59 61 50 25 62 56 6 93 4 31 7 10 6 58 72 31 39 17 83 14 62 12 81 76 23 70 11 77 92 
38 74 68 54 19 89 6 20 1 16 21 84 12 61 31 3 94 77 49 42 21 92 17 97 14 93 61 59 9 30 3 61 53 79 39 93 82 97 57 97 36 4 78 20 78 6 83 11 48 38 81 96 40 100 23 23 70 64 75 13 74 4 89 45 4 78 18 40 16 69 12 22 7 11 38 30 76 20 35 52 64 67 26 22 9 7 48 55 5 83 76 52 46 14 6 4 36 29 20 69 44 11 64 63 67 67 0 21 49 51 95 42 91 65 51 45 48 55 79 95 75 38 34 72 81 49 76 38 2 70 46 39 17 67 10 54 31 39 89 19 6 28 61 60 92 22 36 71 62 87 
16 20 59 22 6 64 98 44 26 96 57 95 28 32 87 10 61 99 72 68 55 15 53 75 62 60 37 96 76 71 36 84 85 2 60 60 42 24 57 22 67 91 61 30 65 41 31 55 6 13 33 100 61 83 49 54 26 28 70 47 78 98 17 9 23 23 27 75 80 11 70 55 36 73 52 89 39 63 85 35 67 14 30 24 33 27 87 65 87 14 35 88 20 98 65 25 92 95 5 90 4 18 63 21 1 47 57 0 97 34 10 61 4 100 92 51 12 77 73 92 94 29 68 22 66 32 78 10 33 17 35 91 51 52 41 74 83 93 96 54 53 31 89 32 26 47 26 17 33 79 
6 19 3 26 74 82 24 45 90 78 1 30 29 79 82 39 87 77 15 68 87 60 47 4 54 9 85 58 75 27 83 28 72 59 83 74 99 31 56 55 19 79 35 95 32 34 91 9 30 33 11 34 71 70 97 35 15 20 92 1 62 44 20 23 91 45 93 23 71 56 86 2 3 63 44 81 32 63 75 79 74 61 61 86 78 50 4 15 1 66 60 40 73 64 36 16 84 65 90 54 39 22 34 13 43 1 95 42 0 77 18 79 78 3 24 83 11 10 58 40 16 30 77 77 77 71 50 20 86 25 12 38 99 99 77 91 51 32 38 66 87 60 84 13 49 56 62 13 30 90 
88 20 45 30 62 5 56 33 70 3 23 84 70 24 75 49 26 86 7 22 20 50 61 31 97 12 42 87 13 74 93 98 61 10 95 81 42 66 55 24 88 22 21 37 15 18 35 31 28 93 67 29 25 46 83 59 40 9 60 97 1 52 20 34 14 66 91 65 79 12 1 11 37 53 78 3 3 66 56 88 16 80 79 16 15 78 13 42 88 31 88 100 76 60 6 80 70 61 60 67 83 97 100 43 41 35 93 50 97 0 79 34 88 17 31 29 43 99 57 10 66 28 79 56 66 100 29 35 27 85 7 96 70 81 69 36 84 1 8 62 72 48 52 98 22 89 11 95 92 30 
89 65 58 36 63 5 95 1 37 69 78 79 66 98 68 70 67 30 70 50 85 73 78 99 32 55 51 4 68 47 75 66 34 94 94 9 22 96 22 63 47 86 83 26 35 79 95 12 28 3 40 71 57 68 74 24 84 52 20 1 60 2 58 40 40 15 77 21 44 71 5 60 1 90 74 53 37 64 52 83 2 62 97 88 85 89 20 19 1 36 85 81 93 96 75 98 76 32 48 45 47 18 87 17 54 8 93 52 75 20 0 41 93 23 76 22 28 54 54 78 100 75 69 10 98 45 1 100 15 67 64 76 93 23 75 80 14 67 81 43 22 63 39 57 45 23 90 64 83 96 
47 61 37 85 54 28 86 23 76 79 25 65 5 95 83 91 21 4 8 65 11 89 98 52 26 45 1 24 63 3 50 80 6 55 10 76 13 60 31 99 32 92 53 8 13 1 28 8 28 15 35 45 23 76 50 86 100 65 35 13 35 58 56 16 44 89 72 81 73 19 15 82 79 92 68 89 17 28 37 63 91 31 92 99 97 84 39 100 8 56 52 61 81 46 64 79 35 40 3 32 59 9 45 82 63 61 16 14 71 24 3 0 96 19 80 32 4 32 66 55 49 38 16 29 76 74 69 64 2 31 14 29 24 89 8 41 29 48 79 90 59 23 44 26 33 29 24 8 92 84 
6 69 5 22 35 94 69 55 17 59 44 37 8 89 88 73 48 57 43 57 77 12 75 66 87 47 57 56 42 58 64 90 60 53 80 100 23 97 97 83 56 86 99 81 52 13 88 1 23 16 11 74 31 57 13 30 27 52 92 91 99 21 26 2 54 25 46 1 59 39 10 54 99 29 59 34 94 14 93 50 8 80 35 33 30 53 46 73 59 35 13 79 32 30 45 26 57 49 86 85 53 70 8 71 50 80 7 8 74 87 47 13 0 70 76 27 94 35 33 82 79 69 99 37 35 36 55 10 51 1 56 37 43 82 54 87 85 17 44 79 27 66 66 23 73 85 7 6 27 15 
50 66 4 79 99 50 23 95 4 47 100 3 16 69 7 17 75 68 56 41 2 34 95 79 98 71 52 79 34 77 24 22 21 10 23 93 13 48 72 21 49 53 55 41 23 73 62 45 34 91 89 13 95 13 72 12 33 33 79 77 9 19 51 63 58 69 28 52 54 97 99 82 39 82 54 98 19 83 42 65 35 94 48 49 34 73 55 30 57 71 27 30 7 9 20 1 50 80 89 97 94 28 80 54 82 86 63 61 74 20 28 50 93 0 53 95 62 44 92 63 57 16 31 22 50 3 19 23 55 77 96 37 32 65 2 65 53 28 97 74 76 90 57 80 1 58 84 16 59 50 
16 93 71 52 1 74 85 56 23 82 74 82 84 39 88 95 97 68 40 52 30 90 52 46 91 19 65 48 25 49 16 67 5 77 29 65 58 97 19 40 25 90 77 52 54 24 98 1 93 89 78 93 2 96 92 85 14 1 11 23 93 32 92 1 8 85 35 50 47 53 43 68 85 14 13 36 93 24 20 96 5 67 28 88 15 88 50 46 64 56 62 44 70 87 47 41 81 87 72 77 69 52 33 22 67 1 32 11 15 23 28 93 82 72 0 4 59 25 62 100 50 70 2 77 13 29 87 51 76 16 97 17 97 52 43 75 79 34 30 19 81 81 79 95 74 48 39 50 25 4 
59 93 72 53 47 12 66 51 34 63 53 97 37 49 92 78 71 39 9 24 8 4 83 80 23 12 47 52 52 13 42 96 37 74 51 28 4 8 63 5 17 18 49 56 50 54 60 71 26 10 70 76 36 89 21 98 61 95 82 26 23 50 56 45 58 27 9 75 52 54 4 95 40 11 40 95 100 62 48 64 63 53 39 49 94 99 91 61 34 79 62 8 62 47 98 45 61 61 9 30 37 64 28 72 44 10 97 23 40 51 79 53 39 53 30 0 62 71 59 81 11 12 42 58 3 3 22 58 99 54 16 63 85 48 12 85 37 12 41 36 17 7 47 89 79 36 18 41 28 74 
68 88 70 32 45 19 86 91 6 74 79 65 81 22 11 97 25 76 4 64 16 65 13 24 17 11 86 83 57 72 2 49 18 69 5 16 7 47 46 32 96 43 40 55 95 88 77 43 76 67 74 58 49 76 41 5 94 23 9 59 64 83 17 68 22 4 75 27 94 50 50 99 60 40 53 89 57 3 17 64 17 8 45 11 95 16 22 45 29 6 58 19 17 86 66 87 49 65 92 97 55 63 5 69 22 93 43 93 2 28 4 29 29 67 51 93 0 20 35 68 18 76 1 88 12 52 97 8 60 79 84 58 71 25 33 4 58 36 93 44 6 50 10 84 78 54 71 36 37 88 
30 19 29 29 37 75 88 71 87 96 25 86 55 98 80 98 20 38 51 77 59 80 45 93 61 29 95 5 49 14 14 50 61 60 7 44 55 50 61 35 95 86 59 97 81 56 27 80 59 2 33 18 21 94 88 63 79 12 58 78 82 22 49 17 36 93 96 59 6 100 19 75 49 10 24 24 42 96 19 13 73 79 90 90 19 33 90 94 73 99 74 23 50 4 96 13 100 43 48 42 56 46 58 76 78 70 8 80 38 19 20 69 14 14 14 56 66 0 12 95 85 82 50 2 50 29 100 94 32 2 74 6 55 79 3 86 69 44 29 86 59 92 18 62 93 19 13 34 21 65 
83 74 71 53 98 19 96 63 10 71 46 9 19 7 76 9 64 7 70 35 62 18 28 95 67 63 33 87 22 6 74 85 5 9 11 74 5 48 65 91 67 81 89 80 91 51 26 21 1 51 16 74 97 38 57 2 31 82 24 46 91 67 84 84 49 99 17 97 74 73 84 3 62 12 49 70 9 31 12 2 8 23 100 66 31 94 66 34 79 25 72 89 13 68 42 40 46 77 8 52 29 74 30 37 77 80 86 27 77 31 58 84 85 76 80 38 81 85 0 36 37 55 11 51 57 28 69 32 97 63 78 1 20 16 47 98 82 32 12 3 10 73 48 82 18 49 67 40 12 43 
63 27 68 95 97 17 14 3 61 74 62 91 6 30 43 82 67 72 13 71 15 36 42 39 66 15 90 25 9 40 64 32 55 51 91 93 95 55 87 71 9 57 15 96 35 74 8 96 2 61 61 69 71 72 37 67 97 47 82 84 44 56 95 22 65 88 37 51 39 67 25 25 50 69 93 54 17 44 41 2 53 59 65 38 15 80 49 83 28 96 37 31 86 64 72 38 2 33 59 33 77 35 46 52 76 80 38 65 93 71 51 47 25 2 73 62 52 90 71 0 39 39 97 29 71 88 24 16 40 46 4 9 18 37 60 25 39 83 17 61 38 97 39 21 79 46 86 81 46 44 
68 79 100 80 35 73 62 66 40 62 8 58 88 40 37 28 9 39 98 65 4 27 17 55 59 38 42 41 17 31 100 55 79 64 55 23 65 33 55 78 59 92 74 72 69 87 75 99 100 38 74 85 100 31 78 99 68 96 39 49 98 34 46 81 77 44 69 16 70 20 84 77 50 72 65 52 46 9 44 51 11 51 6 90 35 97 98 95 19 62 55 40 97 18 88 4 53 56 83 10 23 63 92 91 36 1 38 34 14 43 35 88 36 11 7 79 72 39 79 16 0 44 25 46 79 77 15 4 11 7 35 36 70 52 63 20 100 24 64 25 47 17 94 31 28 24 97 86 41 41 
35 80 100 50 95 2 17 79 24 13 28 61 14 23 52 21 48 50 29 58 79 4 30 44 54 14 8 78 66 84 27 77 97 34 90 88 10 61 44 38 71 83 36 37 91 4 64 44 76 67 83 62 72 71 74 9 83 90 53 82 96 4 34 95 84 40 86 71 33 43 64 56 46 44 71 75 99 18 25 24 35 14 33 57 96 30 52 62 16 10 75 46 70 53 22 83 51 78 87 55 20 78 41 25 65 45 17 55 28 21 32 96 23 58 33 47 70 31 27 6 66 0 26 71 14 41 33 11 6 29 37 7 52 3 53 38 33 15 79 44 72 1 48 26 61 34 39 21 48 19 
43 74 31 49 84 20 59 61 62 19 44 58 9 36 17 66 71 61 31 99 3 74 94 23 57 36 81 98 60 58 58 19 67 17 23 11 74 93 98 42 80 87 94 71 25 25 55 93 26 6 3 49 98 68 59 64 55 75 64 16 12 85 1 74 88 2 42 42 1 53 53 78 96 14 25 40 76 41 70 38 3 76 21 52 25 15 62 31 78 59 80 68 73 51 22 56 55 82 27 18 18 38 85 80 79 13 73 13 44 70 14 52 42 76 85 67 89 49 22 86 95 43 0 68 46 80 69 80 87 6 16 38 21 41 87 15 82 35 71 76 91 32 11 50 4 83 79 90 57 24 
20 49 74 37 96 100 73 95 58 2 81 22 49 96 63 2 78 70 20 83 42 89 89 23 25 47 49 27 36 73 63 52 93 10 41 7 47 71 21 98 9 86 43 30 50 54 64 77 13 26 17 76 64 51 52 51 54 51 20 77 92 49 61 29 47 54 30 92 18 99 43 72 86 93 44 76 33 24 28 70 51 47 13 13 23 10 43 30 98 95 22 16 14 65 30 20 29 45 75 2 9 37 28 49 50 68 2 96 23 67 82 88 60 59 80 88 44 27 40 68 85 3 4 0 51 5 47 89 39 52 12 19 32 47 43 55 96 30 93 69 34 68 83 70 51 51 10 37 93 64 
42 48 48 23 75 63 84 44 22 95 5 68 37 92 20 37 7 11 55 15 52 31 93 51 87 46 93 38 43 65 92 59 87 5 9 2 79 89 46 57 11 37 37 99 13 49 72 80 43 97 18 56 10 13 87 27 53 74 85 75 6 88 54 95 54 63 12 5 28 85 100 96 68 50 15 39 66 46 28 48 41 70 52 53 33 46 78 14 100 64 1 51 48 61 25 34 63 81 42 84 90 82 8 69 72 57 22 83 21 18 28 17 43 2 67 66 48 30 44 8 79 97 56 4 0 80 42 43 78 69 61 75 25 62 100 91 98 85 70 5 20 89 54 34 22 91 42 52 39 36 
70 26 12 17 43 32 57 19 96 66 65 88 99 25 42 41 66 100 78 29 64 3 43 52 75 57 30 57 88 44 24 45 1 52 83 6 24 76 86 52 12 68 10 61 14 72 92 10 26 49 81 92 46 17 45 43 65 63 85 33 21 74 57 89 97 73 87 67 44 38 56 50 88 16 29 71 53 25 18 14 83 94 18 60 28 10 2 43 96 41 74 7 77 92 13 2 12 23 6 64 50 3 33 92 73 59 24 14 55 16 25 41 17 40 54 46 29 31 63 3 40 99 81 75 42 0 29 83 77 23 46 66 18 44 55 33 60 46 26 79 26 92 79 11 69 80 8 30 66 1 
46 79 66 76 56 62 30 77 22 89 60 43 95 14 100 96 45 84 76 76 24 85 97 16 14 99 89 39 80 19 87 62 74 63 26 98 91 45 41 70 68 41 97 28 75 63 81 36 66 89 36 5 69 76 63 86 8 68 81 9 5 4 69 92 46 32 79 8 96 95 12 88 99 68 54 51 92 95 61 71 12 32 59 92 19 34 75 26 55 16 9 91 35 54 39 49 92 18 75 67 74 72 88 67 32 52 87 38 20 29 13 79 48 66 60 14 25 47 22 65 3 58 78 8 97 83 0 4 39 25 18 71 6 33 81 63 74 4 3 46 89 29 89 28 64 38 31 94 85 3 
10 74 40 71 72 64 81 79 96 33 46 19 64 76 68 86 80 21 6 13 32 95 44 60 36 100 77 58 98 42 95 57 4 86 69 71 63 93 62 78 66 81 97 28 12 37 67 26 38 89 79 5 12 70 56 73 6 67 50 5 13 10 36 20 39 71 26 46 24 47 64 25 37 62 36 10 17 66 56 7 8 6 83 67 70 60 15 14 88 55 55 18 43 64 82 61 46 60 70 54 67 90 43 59 2 47 78 23 99 30 55 5 2 21 45 46 90 12 50 23 5 94 45 65 32 71 82 0 90 21 51 87 58 44 50 17 25 77 74 15 26 20 50 92 34 23 87 11 31 31 
10 61 65 7 52 92 6 63 60 37 52 49 40 50 45 75 22 68 57 19 93 24 12 7 22 33 20 84 91 51 32 3 68 61 28 30 41 45 90 10 64 53 38 16 22 87 52 57 28 50 15 73 7 57 54 79 28 53 85 35 94 57 10 6 18 79 14 12 91 69 13 91 34 9 65 27 58 89 26 80 28 21 90 92 45 39 68 42 16 47 62 21 12 54 67 62 77 52 59 19 14 49 93 98 26 57 10 2 48 3 91 4 36 50 4 48 41 96 46 22 58 34 29 81 14 29 14 74 0 68 69 82 20 92 80 42 27 73 66 98 99 99 19 90 72 49 51 47 56 43 
13 62 2 60 39 21 29 79 75 65 81 8 23 64 72 68 71 84 24 94 37 70 8 36 14 2 46 50 70 91 55 88 26 34 29 27 36 82 8 24 24 10 73 20 78 95 27 90 51 18 97 13 33 89 13 51 33 24 95 60 49 35 57 5 95 67 15 40 23 49 71 57 14 14 48 31 28 7 36 56 41 75 70 72 94 5 68 25 48 53 96 79 48 68 19 98 46 96 73 5 100 67 57 70 33 28 37 38 7 35 52 37 36 72 71 96 31 79 46 46 31 67 38 6 30 83 40 33 81 0 71 100 35 29 49 43 24 20 5 23 17 32 68 34 98 47 51 78 2 72 
82 54 43 51 77 31 36 89 41 81 6 25 29 54 27 40 41 68 45 67 26 95 50 53 68 17 44 13 22 12 64 27 95 42 78 76 98 70 77 68 74 34 4 91 64 30 59 47 78 92 10 86 56 88 34 9 81 58 58 57 66 13 100 83 81 62 96 34 33 34 17 70 78 80 27 29 36 23 28 84 63 15 71 95 82 93 34 31 38 19 33 2 40 50 75 89 58 52 56 93 11 25 55 73 67 3 19 5 11 69 82 57 41 84 14 90 41 41 71 61 58 75 65 92 29 86 34 26 69 51 0 32 30 30 76 98 47 39 1 98 72 80 96 80 67 50 36 96 96 74 
90 94 26 2 47 29 9 47 27 74 28 11 69 8 82 64 42 23 18 77 24 31 74 15 73 64 9 82 56 3 30 4 89 83 48 77 10 7 48 10 24 97 70 8 70 50 81 13 8 86 80 46 90 8 85 12 23 24 26 40 1 17 83 91 66 95 3 30 2 55 93 96 47 47 45 71 62 66 44 58 9 57 15 86 34 79 65 14 31 26 18 96 34 50 86 66 64 84 9 64 59 17 83 82 80 79 70 28 64 49 89 75 4 24 88 50 69 1 25 36 87 4 70 17 41 13 65 80 66 20 25 0 91 21 34 26 22 3 70 58 73 20 70 33 44 28 29 53 34 58 
76 38 13 49 12 68 90 51 14 91 25 78 50 83 25 16 64 64 46 78 82 62 82 1 63 18 55 12 15 83 18 70 49 17 52 51 55 80 15 4 42 71 88 31 11 59 88 73 80 73 30 68 75 7 3 51 37 30 40 80 38 100 35 47 68 41 10 31 56 63 64 91 17 73 18 90 46 7 92 63 72 58 19 49 43 50 94 90 9 37 21 1 80 59 85 14 45 46 55 13 95 49 10 64 13 59 59 87 96 54 50 19 32 85 95 43 14 29 96 55 53 28 64 12 87 45 82 49 92 26 68 90 0 74 9 35 84 81 54 89 92 7 30 52 12 42 84 25 4 58 
38 88 50 25 32 5 99 88 43 70 50 77 32 72 70 62 52 6 47 51 59 82 71 81 7 29 22 44 91 92 68 89 73 32 81 77 90 50 16 68 29 34 7 68 69 31 97 9 67 9 77 32 33 47 13 10 22 22 34 40 54 3 16 58 84 68 76 23 80 50 48 79 94 6 77 55 29 83 11 31 84 21 28 26 1 95 74 15 43 80 49 50 97 47 45 69 51 71 68 64 47 99 83 65 38 26 36 82 9 3 53 15 96 94 20 49 36 35 84 95 16 89 27 63 68 17 91 3 16 25 29 93 19 0 54 94 32 46 99 94 76 73 33 100 84 35 17 53 26 58 
23 100 57 16 66 78 21 97 18 50 81 25 51 16 71 46 70 40 65 59 96 11 28 66 33 45 77 10 68 69 18 78 24 46 22 59 25 51 33 43 9 30 98 15 35 13 73 55 77 16 17 38 21 8 52 39 5 88 74 41 23 45 69 40 8 87 14 87 75 69 71 52 95 28 93 14 53 50 84 86 38 41 57 64 44 46 99 21 51 74 49 46 69 22 72 74 64 71 6 25 51 6 14 91 75 89 73 46 79 95 18 72 18 81 57 74 42 12 92 1 32 82 88 43 100 42 18 6 41 11 56 72 65 61 0 2 91 97 26 76 48 14 6 66 68 97 17 37 77 99 
30 86 74 97 49 21 84 99 91 18 63 93 61 98 1 99 20 47 93 11 90 71 91 7 68 42 10 94 81 86 55 16 28 8 21 69 27 33 6 87 12 8 10 72 95 82 35 3 65 96 99 23 82 65 46 63 13 49 78 19 22 90 14 94 15 12 95 69 75 31 82 8 70 66 31 69 2 86 9 79 20 58 90 15 44 19 85 43 54 8 38 41 83 82 82 15 7 83 59 14 2 31 9 17 26 17 69 8 68 89 81 7 47 42 80 43 56 83 93 31 65 4 19 98 33 81 73 1 14 18 64 69 84 85 39 0 72 31 48 46 64 65 3 70 8 97 39 84 28 80 
3 38 93 87 9 59 85 64 1 89 70 66 60 55 17 84 24 74 33 37 86 100 53 29 70 75 61 10 40 92 35 56 88 1 12 10 1 98 87 53 11 59 10 73 27 20 95 21 33 69 83 45 74 19 2 58 51 24 19 90 53 80 40 68 33 5 56 74 48 96 3 13 14 10 88 44 19 40 52 76 86 100 10 38 57 41 85 25 96 96 74 95 66 18 98 49 54 45 39 98 89 11 61 54 91 99 42 35 69 56 86 10 24 62 6 94 59 89 18 13 38 52 39 21 29 86 90 80 60 86 45 7 71 72 79 13 0 1 11 82 21 13 56 7 20 37 42 23 52 64 
26 60 10 36 37 82 34 94 95 89 69 55 79 31 86 85 56 83 86 48 24 91 22 42 5 79 72 26 23 44 61 95 55 20 96 78 80 43 91 12 67 97 92 3 26 38 2 48 37 90 75 50 98 91 22 9 36 48 66 99 17 36 26 17 20 10 88 59 32 68 15 53 11 5 98 65 40 47 33 51 14 17 44 28 97 61 93 59 71 78 53 19 13 40 26 31 82 39 41 85 25 43 42 77 10 82 5 75 49 99 88 87 85 28 12 28 54 71 20 7 5 65 24 47 34 48 36 13 59 12 13 29 52 10 93 31 11 0 19 57 15 55 74 63 64 5 56 37 24 65 
75 21 93 9 66 24 45 8 42 90 8 51 25 84 89 86 70 80 95 35 41 38 72 89 1 37 93 44 28 58 46 85 5 50 14 76 55 27 63 28 78 29 42 11 20 60 54 22 16 8 59 29 24 30 9 56 76 61 11 1 15 88 35 65 20 78 15 88 64 28 93 51 36 7 4 73 35 6 59 18 41 29 86 30 51 43 11 44 25 54 5 57 80 90 79 60 11 70 81 46 22 90 9 5 10 35 57 89 96 46 44 14 68 30 49 17 23 32 30 72 22 73 18 27 63 25 62 28 80 40 89 91 94 3 99 37 67 4 0 18 49 33 60 34 48 16 83 90 65 23 
25 4 2 14 17 55 18 84 41 56 19 5 62 28 71 93 26 22 34 26 39 97 67 86 53 16 19 18 54 77 44 38 87 64 82 90 68 77 56 91 91 58 97 19 25 8 100 78 28 55 63 61 89 90 36 82 17 100 77 98 41 57 86 81 49 93 81 100 11 15 36 49 36 24 68 70 26 21 78 26 15 98 63 58 59 30 60 27 91 22 34 27 65 64 8 85 58 35 61 94 79 43 17 44 71 85 99 96 79 60 8 93 56 11 58 19 100 54 66 52 33 62 85 64 76 85 37 24 69 66 55 87 87 45 39 3 70 58 52 0 44 30 61 52 30 7 19 32 55 1 
37 35 31 31 22 28 8 42 76 23 65 9 94 63 89 66 39 29 54 44 100 5 22 29 95 58 92 73 15 46 97 70 19 84 71 58 97 4 37 9 38 1 82 23 1 48 89 62 34 78 33 93 15 78 41 29 69 9 100 97 13 87 5 92 49 82 75 3 78 51 34 99 23 50 13 30 36 58 4 65 49 47 33 78 6 70 9 58 87 89 66 95 18 9 45 23 27 61 93 50 72 68 62 40 25 20 10 30 32 1 86 66 60 58 55 14 64 55 8 42 61 15 61 82 74 17 61 32 64 97 17 78 83 84 65 36 22 42 6 59 0 6 18 59 47 69 85 75 52 11 
88 75 94 34 93 37 72 4 91 30 30 22 75 35 58 13 4 89 86 37 8 7 50 4 83 88 19 52 71 23 21 13 64 59 32 10 69 26 42 67 84 9 6 30 56 11 5 82 20 1 85 51 52 24 63 98 89 26 41 82 22 54 71 94 20 37 62 48 25 24 87 4 41 78 87 84 96 50 40 68 13 74 78 84 95 22 20 1 29 16 87 6 13 18 11 48 43 56 28 9 2 57 44 52 78 26 38 21 18 30 2 64 68 44 84 10 46 54 15 86 94 8 1 54 42 73 48 82 14 7 23 27 7 89 89 43 42 62 39 42 2 0 69 92 8 58 19 90 18 30 
61 55 63 61 61 22 47 53 85 54 62 66 31 62 2 16 64 29 76 74 8 99 17 62 19 72 38 2 92 74 32 8 16 52 79 2 31 73 72 88 51 74 76 16 31 28 41 61 85 83 45 47 29 46 41 16 18 84 70 41 100 60 53 75 63 90 79 55 85 97 70 70 58 16 88 41 92 20 27 29 80 5 4 4 43 58 12 75 66 64 79 83 78 89 87 80 100 84 100 100 90 8 48 89 85 74 74 69 48 80 65 95 27 79 49 7 11 22 14 36 70 53 96 82 53 88 10 84 78 81 57 82 70 4 72 62 69 14 27 41 39 29 0 32 54 40 7 14 65 72 
57 87 47 99 19 79 31 33 67 35 98 21 83 16 85 46 64 3 12 48 6 15 1 2 88 97 95 27 93 68 41 93 62 31 27 95 53 88 34 65 17 98 97 26 40 1 8 51 25 38 79 82 27 6 18 28 13 51 40 81 34 74 56 5 91 23 49 35 61 30 6 99 84 63 16 24 31 94 99 48 54 39 18 42 53 39 7 2 50 59 80 60 27 16 54 61 93 45 49 47 67 69 83 83 99 16 2 13 83 44 43 77 48 35 2 23 40 47 40 85 42 93 58 100 79 31 49 12 15 61 21 51 76 52 16 47 76 72 79 26 98 92 28 0 79 93 12 52 66 33 
7 16 70 66 37 95 18 42 79 22 4 69 62 40 46 80 36 87 61 90 56 68 85 33 85 94 60 21 96 14 11 54 34 7 1 25 41 78 24 25 51 45 87 20 62 52 35 31 3 4 2 18 61 84 34 27 99 35 43 25 53 9 22 54 99 10 45 31 13 39 95 14 24 47 16 36 91 83 21 100 27 20 62 78 82 72 56 79 21 32 80 80 99 62 38 94 90 86 74 69 36 22 84 90 54 68 47 13 76 12 40 31 56 36 17 72 84 39 74 67 80 50 54 22 37 25 61 9 16 11 16 45 82 63 94 6 36 67 3 13 86 99 69 61 0 2 21 87 80 24 
54 67 83 89 69 94 14 1 100 52 78 95 77 48 78 42 91 58 59 28 9 70 48 90 73 64 63 18 80 70 32 91 1 72 66 56 90 66 71 22 70 30 80 30 89 82 63 53 39 16 15 9 35 74 99 5 44 74 32 14 42 43 49 92 10 50 77 47 69 36 97 43 9 77 23 10 97 64 74 23 21 47 25 2 44 67 71 64 22 17 47 100 11 80 4 34 13 38 64 16 99 83 58 73 57 99 28 75 28 79 18 44 58 23 2 63 33 42 6 29 67 81 99 39 100 93 64 24 48 2 72 47 98 58 20 17 58 19 12 92 95 43 74 49 59 0 94 9 75 30 
57 30 97 13 82 38 4 71 5 96 90 97 100 29 54 99 69 68 92 54 11 61 98 28 85 98 58 73 21 12 72 96 46 30 39 90 90 84 80 47 56 27 90 10 86 52 31 58 85 8 77 19 11 46 66 45 93 16 55 18 16 18 20 58 17 56 45 9 8 63 33 22 49 64 27 16 91 12 21 82 12 70 37 18 22 20 54 46 33 21 16 11 84 92 82 4 3 46 78 35 14 35 36 95 97 82 46 18 36 6 21 26 50 38 2 57 62 23 87 8 91 26 63 24 20 75 19 38 82 25 73 9 25 65 35 16 80 4 34 33 40 1 80 14 84 38 0 25 65 17 
24 11 73 41 87 32 30 37 50 68 97 88 9 27 16 45 37 63 92 52 83 25 60 63 54 74 12 46 71 43 22 22 74 86 16 9 39 47 100 97 22 44 5 80 6 29 54 10 38 34 52 30 55 46 58 26 45 93 56 5 48 83 36 1 64 55 65 58 25 20 2 5 60 1 88 74 10 84 17 57 44 40 31 43 37 25 27 54 4 37 53 52 39 23 61 27 39 48 17 86 55 51 96 31 87 51 52 36 56 25 91 86 88 10 55 70 50 62 21 81 68 11 82 31 86 32 83 51 39 44 95 2 88 21 36 34 74 51 85 49 54 27 66 7 86 79 11 0 47 5 
86 37 20 37 39 47 17 32 92 67 61 75 58 92 17 49 39 86 42 81 67 36 52 24 66 15 36 36 53 27 63 14 39 37 85 12 56 79 62 93 67 15 81 20 42 62 71 28 11 38 5 88 36 36 7 90 78 55 68 90 71 73 97 75 31 36 36 50 79 36 75 26 57 42 30 51 66 67 80 38 36 75 66 42 4 72 40 76 69 15 98 4 2 90 32 22 38 55 11 59 29 80 82 81 94 18 32 61 93 95 5 89 21 2 73 21 52 2 28 77 50 29 17 51 86 63 74 56 100 70 18 73 20 20 72 78 2 6 67 44 61 95 66 71 27 10 8 26 0 97 
91 88 42 84 20 84 99 62 69 47 52 35 44 80 2 32 43 47 24 93 39 28 84 84 17 40 100 63 55 90 83 57 65 42 74 62 100 63 19 24 42 69 15 6 52 67 13 49 41 61 26 8 17 57 38 100 32 78 41 78 96 91 96 49 35 1 91 48 94 81 64 33 72 20 4 56 98 86 96 98 80 63 39 70 22 72 90 44 62 73 39 58 81 46 68 17 41 22 37 41 71 77 22 10 69 72 33 2 1 11 20 29 59 51 37 71 56 29 91 38 58 44 25 17 19 14 35 9 91 53 53 45 57 30 41 52 91 95 28 68 78 57 1 44 12 64 55 23 48 0 
