150
537 703
855 1301
480 1775
419 2155
811 2518
529 3132
436 4120
527 4915
398 5412
696 5753
430 6314
579 6789
498 7247
568 7940
986 8514
784 9461
569 10413
416 11386
294 11953
679 12415
550 12637
458 12920
428 13462
733 14287
240 15199
921 16113
719 16961
365 17856
983 18488
778 19237
571 19698
487 20342
358 20564
855 21343
203 21715
942 22173
367 22407
406 22682
311 23464
936 24195
900 24915
854 25514
629 25726
455 26273
864 27120
921 28109
989 28747
449 29056
800 29665
633 30231
479 30593
698 31420
388 31991
214 32686
397 33572
291 34350
603 35178
842 35615
803 36178
491 36658
439 37445
751 38412
824 39326
751 40090
949 40614
824 41095
283 41777
794 42087
380 42796
271 43572
271 44308
330 44814
545 45066
442 46045
470 46495
654 47088
727 48075
609 48308
530 48934
503 49779
899 50223
237 50506
228 51246
535 52161
779 52871
581 53441
516 54012
907 54448
684 55185
394 55528
826 56486
819 56756
239 57226
209 57887
289 58276
313 58633
436 59400
212 59789
974 60013
551 60945
507 61637
579 62284
446 62857
508 63556
311 64222
346 65093
521 65682
567 65924
549 66720
462 67662
269 68563
769 68825
664 69102
226 69699
573 70201
234 70867
428 71433
573 71668
589 71993
889 72747
576 73622
992 74005
465 74508
449 74998
523 75263
997 75619
939 76183
463 76715
669 77125
483 77679
663 78454
269 79030
406 79957
580 80617
391 81063
239 81956
978 82500
996 83008
503 83997
580 84771
343 85443
320 86408
298 87030
886 87320
594 88254
598 89008
293 89574
732 89999
878 90580
980 91030
0 112 98 142 106 105 154 92 117 141 154 117 62 109 126 61 134 63 90 130 112 137 167 106 164 106 60 117 96 128 112 117 165 0 134 105 96 146 92 106 112 128 117 142 96 106 167 117 171 70 141 130 98 92 156 86 171 168 126 72 61 141 105 168 108 105 60 117 156 126 174 174 126 128 146 73 137 137 174 128 92 149 98 63 106 176 167 126 141 156 117 141 73 61 156 86 167 117 176 70 80 80 73 130 0 134 86 117 105 128 63 126 109 156 98 130 126 128 130 126 73 137 168 117 92 86 80 73 72 174 174 70 126 126 126 126 90 105 164 117 138 62 126 96 92 126 92 73 174 126
112 0 98 83 91 61 172 76 104 150 172 130 66 89 71 77 66 79 72 131 0 92 101 91 85 65 131 130 69 91 0 130 65 112 66 61 69 169 109 91 0 91 130 83 69 91 101 104 150 83 150 95 98 109 174 73 150 98 71 122 77 150 61 98 107 61 131 104 174 164 120 120 78 124 169 157 92 92 138 91 109 160 98 79 91 153 101 164 150 174 104 150 157 77 174 73 101 130 153 83 138 138 157 131 112 66 73 130 109 124 79 78 89 174 98 131 78 124 95 78 157 92 98 130 109 73 138 157 122 138 138 83 164 78 71 164 72 61 85 130 149 66 164 69 76 164 109 157 138 164
98 98 0 65 146 80 164 169 149 86 164 106 176 111 81 63 143 101 138 127 98 123 148 146 117 74 127 106 139 72 98 106 157 98 143 80 139 134 72 146 98 72 106 65 139 146 148 149 84 135 86 64 0 72 61 90 84 118 81 149 63 86 80 118 100 80 127 149 61 170 79 79 158 65 134 159 123 123 174 72 72 177 0 101 146 129 148 170 86 61 149 86 159 63 61 90 148 106 129 135 171 171 159 127 98 143 90 106 158 65 101 158 111 61 0 127 158 65 64 158 159 123 118 106 72 90 171 159 149 174 174 135 170 158 81 170 138 80 117 106 168 176 170 139 169 170 72 159 174 170
142 83 65 0 80 94 134 95 163 120 134 105 66 100 79 92 152 71 139 64 83 165 88 80 145 88 63 105 80 93 83 105 104 142 152 94 80 89 134 80 83 93 105 0 80 80 88 163 133 173 120 126 65 134 143 139 133 155 79 108 92 120 94 155 60 94 63 163 143 176 102 102 64 108 89 97 165 165 108 93 134 110 65 71 80 179 88 176 120 143 163 120 97 92 143 139 88 105 179 173 86 86 97 64 142 152 139 105 166 108 71 64 100 143 65 64 64 108 126 64 97 165 155 105 134 139 86 97 108 108 108 173 176 64 79 176 139 94 145 105 161 66 176 80 95 176 134 97 108 176
106 91 146 80 0 140 177 74 94 171 177 177 173 116 81 86 179 116 70 138 91 148 177 0 110 168 110 177 146 146 91 177 157 106 179 140 146 140 131 0 91 146 177 80 146 0 177 94 90 151 171 142 146 131 72 63 90 77 81 85 86 171 140 77 139 140 110 94 72 95 164 164 137 147 140 148 148 148 128 146 131 113 146 116 0 71 177 95 171 72 94 171 148 86 72 63 177 177 71 151 90 90 148 138 106 179 63 177 140 147 116 137 116 72 146 138 137 147 142 137 148 148 77 177 131 63 90 148 85 128 128 151 95 137 81 95 70 140 110 177 165 173 95 146 74 95 131 148 128 95
105 61 80 94 140 0 105 67 100 140 105 71 160 129 85 158 106 134 142 115 61 146 109 140 156 168 130 71 164 156 61 71 110 105 106 0 164 109 60 140 61 156 71 94 164 140 109 100 98 78 140 129 80 60 143 100 98 136 85 63 158 140 0 136 76 0 130 100 143 140 119 119 176 133 109 86 146 146 149 156 60 164 80 134 140 72 109 140 140 143 100 140 86 158 143 100 109 71 72 78 97 97 86 115 105 106 100 71 162 133 134 176 129 143 80 115 176 133 129 176 86 146 136 71 60 100 97 86 63 149 149 78 140 176 85 140 142 0 156 71 127 160 140 164 67 140 60 86 149 140
154 172 164 134 177 105 0 127 136 90 0 173 123 172 157 87 159 80 179 63 172 169 146 177 87 150 174 173 156 122 172 173 68 154 159 105 156 84 125 177 172 122 173 134 156 177 146 136 72 103 90 175 164 125 121 60 72 96 157 122 87 90 105 96 99 105 174 136 121 83 114 114 105 107 84 169 169 169 120 122 125 157 164 80 177 157 146 83 90 121 136 90 169 87 121 60 146 173 157 103 69 69 169 63 154 159 60 173 169 107 80 105 172 121 164 63 105 107 175 105 169 169 96 173 125 60 69 169 122 120 120 103 83 105 157 83 179 105 87 173 65 123 83 156 127 83 125 169 120 83
92 76 169 95 74 67 127 0 161 75 127 122 114 174 82 178 151 141 151 140 76 165 85 74 152 146 111 122 171 79 76 122 136 92 151 67 171 116 105 74 76 79 122 95 171 74 85 161 81 139 75 71 169 105 160 73 81 144 82 127 178 75 67 144 95 67 111 161 160 145 177 177 173 163 116 79 165 165 165 79 105 76 169 141 74 132 85 145 75 160 161 75 79 178 160 73 85 122 132 139 130 130 79 140 92 151 73 122 133 163 141 173 174 160 169 140 173 163 71 173 79 165 144 122 105 73 130 79 127 165 165 139 145 173 82 145 151 67 152 122 142 114 145 171 0 145 105 79 165 145
117 104 149 163 94 100 136 161 0 89 136 139 100 161 130 80 152 140 147 158 104 79 113 94 169 147 160 139 170 75 104 139 79 117 152 100 170 152 154 94 104 75 139 163 170 94 113 0 89 99 89 87 149 154 104 171 89 144 130 124 80 89 100 144 143 100 160 0 104 133 179 179 133 117 152 74 79 79 171 75 154 137 149 140 94 131 113 133 89 104 0 89 74 80 104 171 113 139 131 99 114 114 74 158 117 152 171 139 166 117 140 133 161 104 149 158 133 117 87 133 74 79 144 139 154 171 114 74 124 171 171 99 133 133 130 133 147 100 169 139 146 100 133 170 161 133 154 74 171 133
141 150 86 120 171 140 90 75 89 0 90 121 71 130 133 176 141 135 152 80 150 170 74 171 92 117 108 121 64 121 150 121 123 141 141 140 64 118 154 171 150 121 121 120 64 171 74 89 156 77 0 164 86 154 112 81 156 140 133 117 176 0 140 140 132 140 108 89 112 136 78 78 93 133 118 99 170 170 106 121 154 87 86 135 171 130 74 136 0 112 89 0 99 176 112 81 74 121 130 77 138 138 99 80 141 141 81 121 160 133 135 93 130 112 86 80 93 133 164 93 99 170 140 121 154 81 138 99 117 106 106 77 136 93 133 136 152 140 92 121 89 71 136 64 75 136 154 99 106 136
154 172 164 134 177 105 0 127 136 90 0 173 123 172 157 87 159 80 179 63 172 169 146 177 87 150 174 173 156 122 172 173 68 154 159 105 156 84 125 177 172 122 173 134 156 177 146 136 72 103 90 175 164 125 121 60 72 96 157 122 87 90 105 96 99 105 174 136 121 83 114 114 105 107 84 169 169 169 120 122 125 157 164 80 177 157 146 83 90 121 136 90 169 87 121 60 146 173 157 103 69 69 169 63 154 159 60 173 169 107 80 105 172 121 164 63 105 107 175 105 169 169 96 173 125 60 69 169 122 120 120 103 83 105 157 83 179 105 87 173 65 123 83 156 127 83 125 169 120 83
117 130 106 105 177 71 173 122 139 121 173 0 152 141 84 172 65 134 60 128 130 95 99 177 70 73 96 0 133 115 130 0 158 117 65 71 133 98 87 177 130 115 0 105 133 177 99 139 89 101 121 95 106 87 105 102 89 114 84 140 172 121 71 114 175 71 96 139 105 166 146 146 146 88 98 107 95 95 178 115 87 104 106 134 177 178 99 166 121 105 139 121 107 172 105 102 99 0 178 101 161 161 107 128 117 65 102 0 104 88 134 146 141 105 106 128 146 88 95 146 107 95 114 0 87 102 161 107 140 178 178 101 166 146 84 166 60 71 70 0 94 152 166 133 122 166 87 107 178 166
62 66 176 66 173 160 123 114 100 71 123 152 0 104 175 144 135 103 178 104 66 75 108 173 94 124 136 152 158 80 66 152 176 62 135 160 158 147 63 173 66 80 152 66 158 173 108 100 144 63 71 151 176 63 73 167 144 84 175 104 144 71 160 84 175 160 136 100 73 85 98 98 70 137 147 169 75 75 123 80 63 83 176 103 173 89 108 85 71 73 100 71 169 144 73 167 108 152 89 63 146 146 169 104 62 135 167 152 108 137 103 70 104 73 176 104 70 137 151 70 169 75 84 152 63 167 146 169 104 123 123 63 85 70 175 85 178 160 94 152 82 0 85 158 114 85 63 169 123 85
109 89 111 100 116 129 172 174 161 130 172 141 104 0 119 117 90 90 160 124 89 125 87 116 109 68 119 141 69 114 89 141 136 109 90 129 69 82 125 116 89 114 141 100 69 116 87 161 110 164 130 84 111 125 116 64 110 120 119 151 117 130 129 120 65 129 119 161 116 98 79 79 71 118 82 155 125 125 86 114 125 81 111 90 116 130 87 98 130 116 161 130 155 117 116 64 87 141 130 164 159 159 155 124 109 90 64 141 124 118 90 71 0 116 111 124 71 118 84 71 155 125 120 141 125 64 159 155 151 86 86 164 98 71 119 98 160 129 109 141 78 104 98 69 174 98 125 155 86 98
126 71 81 79 81 85 157 82 130 133 157 84 175 119 0 113 162 144 91 74 71 102 140 81 88 127 137 84 104 158 71 84 149 126 162 85 104 80 94 81 71 158 84 79 104 81 140 130 107 72 133 92 81 94 164 174 107 168 0 123 113 133 85 168 114 85 137 130 164 169 132 132 169 179 80 133 102 102 103 158 94 92 81 144 81 132 140 169 133 164 130 133 133 113 164 174 140 84 132 72 78 78 133 74 126 162 174 84 63 179 144 169 119 164 81 74 169 179 92 169 133 102 168 84 94 174 78 133 123 103 103 72 169 169 0 169 91 85 88 84 72 175 169 104 82 169 94 133 103 169
61 77 63 92 86 158 87 178 80 176 87 172 144 117 113 0 69 107 138 144 77 97 72 86 97 91 112 172 78 173 77 172 145 61 69 158 78 96 123 86 77 173 172 92 78 86 72 80 65 62 176 153 63 123 103 125 65 166 113 166 0 176 158 166 97 158 112 80 103 94 88 88 101 72 96 80 97 97 76 173 123 155 63 107 86 108 72 94 176 103 80 176 80 0 103 125 72 172 108 62 121 121 80 144 61 69 125 172 109 72 107 101 117 103 63 144 101 72 153 101 80 97 166 172 123 125 121 80 166 76 76 62 94 101 113 94 138 158 97 172 125 144 94 78 178 94 123 80 76 94
134 66 143 152 179 106 159 151 152 141 159 65 135 90 162 69 0 140 158 89 66 62 134 179 98 177 80 65 62 104 66 65 80 134 0 106 62 65 177 179 66 104 65 152 62 179 134 152 174 165 141 109 143 177 103 79 174 72 162 148 69 141 106 72 124 106 80 152 103 81 173 173 158 77 65 156 62 62 85 104 177 69 143 140 179 165 134 81 141 103 152 141 156 69 103 79 134 65 165 165 131 131 156 89 134 0 79 65 63 77 140 158 90 103 143 89 158 77 109 158 156 62 72 65 177 79 131 156 148 85 85 165 81 158 162 81 158 106 98 65 87 135 81 62 151 81 177 156 85 81
63 79 101 71 116 134 80 141 140 135 80 134 103 90 144 107 140 0 67 166 79 64 124 116 157 132 137 134 72 71 79 134 135 63 140 134 72 161 162 116 79 71 134 71 72 116 124 140 91 132 135 152 101 162 147 69 91 64 144 120 107 135 134 64 72 134 137 140 147 142 143 143 105 110 161 93 64 64 146 71 162 109 101 0 116 89 124 142 135 147 140 135 93 107 147 69 124 134 89 132 60 60 93 166 63 140 69 134 102 110 0 105 90 147 101 166 105 110 152 105 93 64 64 134 162 69 60 93 120 146 146 132 142 105 144 142 67 134 157 134 159 103 142 72 141 142 162 93 146 142
90 72 138 139 70 142 179 151 147 152 179 60 178 160 91 138 158 67 0 166 72 96 129 70 139 88 138 60 60 85 72 60 119 90 158 142 60 104 106 70 72 85 60 139 60 70 129 147 137 110 152 66 138 106 75 159 137 151 91 98 138 152 142 151 91 142 138 147 75 169 171 171 155 104 104 173 96 96 151 85 106 113 138 67 70 151 129 169 152 75 147 152 173 138 75 159 129 60 151 110 147 147 173 166 90 158 159 60 145 104 67 155 160 75 138 166 155 104 66 155 173 96 151 60 106 159 147 173 98 151 151 110 169 155 91 169 0 142 139 60 139 178 169 60 151 169 106 173 151 169
130 131 127 64 138 115 63 140 158 80 63 128 104 124 74 144 89 166 166 0 131 177 151 138 173 89 61 128 150 161 131 128 153 130 89 115 150 83 67 138 131 161 128 64 150 138 151 158 67 75 80 124 127 67 109 81 67 74 74 114 144 80 115 74 129 115 61 158 109 157 174 174 65 144 83 175 177 177 69 161 67 101 127 166 138 91 151 157 80 109 158 80 175 144 109 81 151 128 91 75 143 143 175 0 130 89 81 128 148 144 166 65 124 109 127 0 65 144 124 65 175 177 74 128 67 81 143 175 114 69 69 75 157 65 74 157 166 115 173 128 175 104 157 150 140 157 67 175 69 157
112 0 98 83 91 61 172 76 104 150 172 130 66 89 71 77 66 79 72 131 0 92 101 91 85 65 131 130 69 91 0 130 65 112 66 61 69 169 109 91 0 91 130 83 69 91 101 104 150 83 150 95 98 109 174 73 150 98 71 122 77 150 61 98 107 61 131 104 174 164 120 120 78 124 169 157 92 92 138 91 109 160 98 79 91 153 101 164 150 174 104 150 157 77 174 73 101 130 153 83 138 138 157 131 112 66 73 130 109 124 79 78 89 174 98 131 78 124 95 78 157 92 98 130 109 73 138 157 122 138 138 83 164 78 71 164 72 61 85 130 149 66 164 69 76 164 109 157 138 164
137 92 123 165 148 146 169 165 79 170 169 95 75 125 102 97 62 64 96 177 92 0 71 148 103 154 100 95 113 74 92 95 157 137 62 146 113 82 115 148 92 74 95 165 113 148 71 79 149 69 170 65 123 115 178 105 149 124 102 149 97 170 146 124 160 146 100 79 178 97 130 130 116 76 82 160 0 0 136 74 115 167 123 64 148 153 71 97 170 178 79 170 160 97 178 105 71 95 153 69 94 94 160 177 137 62 105 95 94 76 64 116 125 178 123 177 116 76 65 116 160 0 124 95 115 105 94 160 149 136 136 69 97 116 102 97 96 146 103 95 126 75 97 113 165 97 115 160 136 97
167 101 148 88 177 109 146 85 113 74 146 99 108 87 140 72 134 124 129 151 101 71 0 177 164 141 84 99 152 121 101 99 174 167 134 109 152 62 163 177 101 121 99 88 152 177 0 113 121 97 74 88 148 163 177 88 121 159 140 68 72 74 109 159 105 109 84 113 177 165 121 121 150 66 62 76 71 71 92 121 163 126 148 124 177 69 0 165 74 177 113 74 76 72 177 88 0 99 69 97 144 144 76 151 167 134 88 99 174 66 124 150 87 177 148 151 150 66 88 150 76 71 159 99 163 88 144 76 68 92 92 97 165 150 140 165 129 109 164 99 102 108 165 152 85 165 163 76 92 165
106 91 146 80 0 140 177 74 94 171 177 177 173 116 81 86 179 116 70 138 91 148 177 0 110 168 110 177 146 146 91 177 157 106 179 140 146 140 131 0 91 146 177 80 146 0 177 94 90 151 171 142 146 131 72 63 90 77 81 85 86 171 140 77 139 140 110 94 72 95 164 164 137 147 140 148 148 148 128 146 131 113 146 116 0 71 177 95 171 72 94 171 148 86 72 63 177 177 71 151 90 90 148 138 106 179 63 177 140 147 116 137 116 72 146 138 137 147 142 137 148 148 77 177 131 63 90 148 85 128 128 151 95 137 81 95 70 140 110 177 165 173 95 146 74 95 131 148 128 95
164 85 117 145 110 156 87 152 169 92 87 70 94 109 88 97 98 157 139 173 85 103 164 110 0 149 139 70 80 73 85 70 163 164 98 156 80 91 102 110 85 73 70 145 80 110 164 169 107 144 92 178 117 102 173 106 107 100 88 99 97 92 156 100 111 156 139 169 173 101 175 175 113 120 91 178 103 103 84 73 102 75 117 157 110 74 164 101 92 173 169 92 178 97 173 106 164 70 74 144 81 81 178 173 164 98 106 70 152 120 157 113 109 173 117 173 113 120 178 113 178 103 100 70 102 106 81 178 99 84 84 144 101 113 88 101 139 156 0 70 114 94 101 80 152 101 102 178 84 101
106 65 74 88 168 168 150 146 147 117 150 73 124 68 127 91 177 132 88 89 65 154 141 168 149 0 157 73 94 129 65 73 122 106 177 168 94 107 60 168 65 129 73 88 94 168 141 147 126 123 117 151 74 60 152 122 126 132 127 172 91 117 168 132 162 168 157 147 152 84 121 121 87 112 107 101 154 154 61 129 60 164 74 132 168 68 141 84 117 152 147 117 101 91 152 122 141 73 68 123 151 151 101 89 106 177 122 73 79 112 132 87 68 152 74 89 87 112 151 87 101 154 132 73 60 122 151 101 172 61 61 123 84 87 127 84 88 168 149 73 161 124 84 94 146 84 60 101 61 84
60 131 127 63 110 130 174 111 160 108 174 96 136 119 137 112 80 137 138 61 131 100 84 110 139 157 0 96 107 69 131 96 136 60 80 130 107 105 102 110 131 69 96 63 107 110 84 160 98 100 108 165 127 102 131 98 98 66 137 95 112 108 130 66 78 130 0 160 131 169 108 108 168 74 105 168 100 100 141 69 102 145 127 137 110 121 84 169 108 131 160 108 168 112 131 98 84 96 121 100 152 152 168 61 60 80 98 96 119 74 137 168 119 131 127 61 168 74 165 168 168 100 66 96 102 98 152 168 95 141 141 100 169 168 137 169 138 130 139 96 117 136 169 107 111 169 102 168 141 169
117 130 106 105 177 71 173 122 139 121 173 0 152 141 84 172 65 134 60 128 130 95 99 177 70 73 96 0 133 115 130 0 158 117 65 71 133 98 87 177 130 115 0 105 133 177 99 139 89 101 121 95 106 87 105 102 89 114 84 140 172 121 71 114 175 71 96 139 105 166 146 146 146 88 98 107 95 95 178 115 87 104 106 134 177 178 99 166 121 105 139 121 107 172 105 102 99 0 178 101 161 161 107 128 117 65 102 0 104 88 134 146 141 105 106 128 146 88 95 146 107 95 114 0 87 102 161 107 140 178 178 101 166 146 84 166 60 71 70 0 94 152 166 133 122 166 87 107 178 166
96 69 139 80 146 164 156 171 170 64 156 133 158 69 104 78 62 72 60 150 69 113 152 146 80 94 107 133 0 147 69 133 103 96 62 164 0 161 95 146 69 147 133 80 0 146 152 170 168 125 64 60 139 95 78 124 168 129 104 110 78 64 164 129 86 164 107 170 78 95 96 96 64 140 161 117 113 113 140 147 95 158 139 72 146 155 152 95 64 78 170 64 117 78 78 124 152 133 155 125 108 108 117 150 96 62 124 133 109 140 72 64 69 78 139 150 64 140 60 64 117 113 129 133 95 124 108 117 110 140 140 125 95 64 104 95 60 164 80 133 79 158 95 0 171 95 95 117 140 95
128 91 72 93 146 156 122 79 75 121 122 115 80 114 158 173 104 71 85 161 91 74 121 146 73 129 69 115 147 0 91 115 162 128 104 156 147 173 153 146 91 0 115 93 147 146 121 75 147 114 121 120 72 153 169 96 147 66 158 158 173 121 156 66 157 156 69 75 169 80 121 121 96 65 173 89 74 74 145 0 153 82 72 71 146 66 121 80 121 169 75 121 89 173 169 96 121 115 66 114 163 163 89 161 128 104 96 115 104 65 71 96 114 169 72 161 96 65 120 96 89 74 66 115 153 96 163 89 158 145 145 114 80 96 158 80 85 156 73 115 143 80 80 147 79 80 153 89 145 80
112 0 98 83 91 61 172 76 104 150 172 130 66 89 71 77 66 79 72 131 0 92 101 91 85 65 131 130 69 91 0 130 65 112 66 61 69 169 109 91 0 91 130 83 69 91 101 104 150 83 150 95 98 109 174 73 150 98 71 122 77 150 61 98 107 61 131 104 174 164 120 120 78 124 169 157 92 92 138 91 109 160 98 79 91 153 101 164 150 174 104 150 157 77 174 73 101 130 153 83 138 138 157 131 112 66 73 130 109 124 79 78 89 174 98 131 78 124 95 78 157 92 98 130 109 73 138 157 122 138 138 83 164 78 71 164 72 61 85 130 149 66 164 69 76 164 109 157 138 164
117 130 106 105 177 71 173 122 139 121 173 0 152 141 84 172 65 134 60 128 130 95 99 177 70 73 96 0 133 115 130 0 158 117 65 71 133 98 87 177 130 115 0 105 133 177 99 139 89 101 121 95 106 87 105 102 89 114 84 140 172 121 71 114 175 71 96 139 105 166 146 146 146 88 98 107 95 95 178 115 87 104 106 134 177 178 99 166 121 105 139 121 107 172 105 102 99 0 178 101 161 161 107 128 117 65 102 0 104 88 134 146 141 105 106 128 146 88 95 146 107 95 114 0 87 102 161 107 140 178 178 101 166 146 84 166 60 71 70 0 94 152 166 133 122 166 87 107 178 166
165 65 157 104 157 110 68 136 79 123 68 158 176 136 149 145 80 135 119 153 65 157 174 157 163 122 136 158 103 162 65 158 0 165 80 110 103 67 171 157 65 162 158 104 103 157 174 79 173 162 123 158 157 171 87 165 173 139 149 73 145 123 110 139 163 110 136 79 87 154 64 64 128 83 67 76 157 157 69 162 171 62 157 135 157 150 174 154 123 87 79 123 76 145 87 165 174 158 150 162 114 114 76 153 165 80 165 158 160 83 135 128 136 87 157 153 128 83 158 128 76 157 139 158 171 165 114 76 73 69 69 162 154 128 149 154 119 110 163 158 134 176 154 103 136 154 171 76 69 154
0 112 98 142 106 105 154 92 117 141 154 117 62 109 126 61 134 63 90 130 112 137 167 106 164 106 60 117 96 128 112 117 165 0 134 105 96 146 92 106 112 128 117 142 96 106 167 117 171 70 141 130 98 92 156 86 171 168 126 72 61 141 105 168 108 105 60 117 156 126 174 174 126 128 146 73 137 137 174 128 92 149 98 63 106 176 167 126 141 156 117 141 73 61 156 86 167 117 176 70 80 80 73 130 0 134 86 117 105 128 63 126 109 156 98 130 126 128 130 126 73 137 168 117 92 86 80 73 72 174 174 70 126 126 126 126 90 105 164 117 138 62 126 96 92 126 92 73 174 126
134 66 143 152 179 106 159 151 152 141 159 65 135 90 162 69 0 140 158 89 66 62 134 179 98 177 80 65 62 104 66 65 80 134 0 106 62 65 177 179 66 104 65 152 62 179 134 152 174 165 141 109 143 177 103 79 174 72 162 148 69 141 106 72 124 106 80 152 103 81 173 173 158 77 65 156 62 62 85 104 177 69 143 140 179 165 134 81 141 103 152 141 156 69 103 79 134 65 165 165 131 131 156 89 134 0 79 65 63 77 140 158 90 103 143 89 158 77 109 158 156 62 72 65 177 79 131 156 148 85 85 165 81 158 162 81 158 106 98 65 87 135 81 62 151 81 177 156 85 81
105 61 80 94 140 0 105 67 100 140 105 71 160 129 85 158 106 134 142 115 61 146 109 140 156 168 130 71 164 156 61 71 110 105 106 0 164 109 60 140 61 156 71 94 164 140 109 100 98 78 140 129 80 60 143 100 98 136 85 63 158 140 0 136 76 0 130 100 143 140 119 119 176 133 109 86 146 146 149 156 60 164 80 134 140 72 109 140 140 143 100 140 86 158 143 100 109 71 72 78 97 97 86 115 105 106 100 71 162 133 134 176 129 143 80 115 176 133 129 176 86 146 136 71 60 100 97 86 63 149 149 78 140 176 85 140 142 0 156 71 127 160 140 164 67 140 60 86 149 140
96 69 139 80 146 164 156 171 170 64 156 133 158 69 104 78 62 72 60 150 69 113 152 146 80 94 107 133 0 147 69 133 103 96 62 164 0 161 95 146 69 147 133 80 0 146 152 170 168 125 64 60 139 95 78 124 168 129 104 110 78 64 164 129 86 164 107 170 78 95 96 96 64 140 161 117 113 113 140 147 95 158 139 72 146 155 152 95 64 78 170 64 117 78 78 124 152 133 155 125 108 108 117 150 96 62 124 133 109 140 72 64 69 78 139 150 64 140 60 64 117 113 129 133 95 124 108 117 110 140 140 125 95 64 104 95 60 164 80 133 79 158 95 0 171 95 95 117 140 95
146 169 134 89 140 109 84 116 152 118 84 98 147 82 80 96 65 161 104 83 169 82 62 140 91 107 105 98 161 173 169 98 67 146 65 109 161 0 127 140 169 173 98 89 161 140 62 152 155 160 118 80 134 127 121 165 155 99 80 93 96 118 109 99 67 109 105 152 121 127 84 84 69 69 0 177 82 82 69 173 127 138 134 161 140 179 62 127 118 121 152 118 177 96 121 165 62 98 179 160 171 171 177 83 146 65 165 98 119 69 161 69 82 121 134 83 69 69 80 69 177 82 99 98 127 165 171 177 93 69 69 160 127 69 80 127 104 109 91 98 131 147 127 161 116 127 127 177 69 127
92 109 72 134 131 60 125 105 154 154 125 87 63 125 94 123 177 162 106 67 109 115 163 131 102 60 102 87 95 153 109 87 171 92 177 60 95 127 0 131 109 153 87 134 95 131 163 154 158 174 154 93 72 0 153 89 158 170 94 115 123 154 60 170 169 60 102 154 153 173 68 68 142 84 127 152 115 115 68 153 0 85 72 162 131 65 163 173 154 153 154 154 152 123 153 89 163 87 65 174 164 164 152 67 92 177 89 87 176 84 162 142 125 153 72 67 142 84 93 142 152 115 170 87 0 89 164 152 115 68 68 174 173 142 94 173 106 60 102 87 108 63 173 95 105 173 0 152 68 173
106 91 146 80 0 140 177 74 94 171 177 177 173 116 81 86 179 116 70 138 91 148 177 0 110 168 110 177 146 146 91 177 157 106 179 140 146 140 131 0 91 146 177 80 146 0 177 94 90 151 171 142 146 131 72 63 90 77 81 85 86 171 140 77 139 140 110 94 72 95 164 164 137 147 140 148 148 148 128 146 131 113 146 116 0 71 177 95 171 72 94 171 148 86 72 63 177 177 71 151 90 90 148 138 106 179 63 177 140 147 116 137 116 72 146 138 137 147 142 137 148 148 77 177 131 63 90 148 85 128 128 151 95 137 81 95 70 140 110 177 165 173 95 146 74 95 131 148 128 95
112 0 98 83 91 61 172 76 104 150 172 130 66 89 71 77 66 79 72 131 0 92 101 91 85 65 131 130 69 91 0 130 65 112 66 61 69 169 109 91 0 91 130 83 69 91 101 104 150 83 150 95 98 109 174 73 150 98 71 122 77 150 61 98 107 61 131 104 174 164 120 120 78 124 169 157 92 92 138 91 109 160 98 79 91 153 101 164 150 174 104 150 157 77 174 73 101 130 153 83 138 138 157 131 112 66 73 130 109 124 79 78 89 174 98 131 78 124 95 78 157 92 98 130 109 73 138 157 122 138 138 83 164 78 71 164 72 61 85 130 149 66 164 69 76 164 109 157 138 164
128 91 72 93 146 156 122 79 75 121 122 115 80 114 158 173 104 71 85 161 91 74 121 146 73 129 69 115 147 0 91 115 162 128 104 156 147 173 153 146 91 0 115 93 147 146 121 75 147 114 121 120 72 153 169 96 147 66 158 158 173 121 156 66 157 156 69 75 169 80 121 121 96 65 173 89 74 74 145 0 153 82 72 71 146 66 121 80 121 169 75 121 89 173 169 96 121 115 66 114 163 163 89 161 128 104 96 115 104 65 71 96 114 169 72 161 96 65 120 96 89 74 66 115 153 96 163 89 158 145 145 114 80 96 158 80 85 156 73 115 143 80 80 147 79 80 153 89 145 80
117 130 106 105 177 71 173 122 139 121 173 0 152 141 84 172 65 134 60 128 130 95 99 177 70 73 96 0 133 115 130 0 158 117 65 71 133 98 87 177 130 115 0 105 133 177 99 139 89 101 121 95 106 87 105 102 89 114 84 140 172 121 71 114 175 71 96 139 105 166 146 146 146 88 98 107 95 95 178 115 87 104 106 134 177 178 99 166 121 105 139 121 107 172 105 102 99 0 178 101 161 161 107 128 117 65 102 0 104 88 134 146 141 105 106 128 146 88 95 146 107 95 114 0 87 102 161 107 140 178 178 101 166 146 84 166 60 71 70 0 94 152 166 133 122 166 87 107 178 166
142 83 65 0 80 94 134 95 163 120 134 105 66 100 79 92 152 71 139 64 83 165 88 80 145 88 63 105 80 93 83 105 104 142 152 94 80 89 134 80 83 93 105 0 80 80 88 163 133 173 120 126 65 134 143 139 133 155 79 108 92 120 94 155 60 94 63 163 143 176 102 102 64 108 89 97 165 165 108 93 134 110 65 71 80 179 88 176 120 143 163 120 97 92 143 139 88 105 179 173 86 86 97 64 142 152 139 105 166 108 71 64 100 143 65 64 64 108 126 64 97 165 155 105 134 139 86 97 108 108 108 173 176 64 79 176 139 94 145 105 161 66 176 80 95 176 134 97 108 176
96 69 139 80 146 164 156 171 170 64 156 133 158 69 104 78 62 72 60 150 69 113 152 146 80 94 107 133 0 147 69 133 103 96 62 164 0 161 95 146 69 147 133 80 0 146 152 170 168 125 64 60 139 95 78 124 168 129 104 110 78 64 164 129 86 164 107 170 78 95 96 96 64 140 161 117 113 113 140 147 95 158 139 72 146 155 152 95 64 78 170 64 117 78 78 124 152 133 155 125 108 108 117 150 96 62 124 133 109 140 72 64 69 78 139 150 64 140 60 64 117 113 129 133 95 124 108 117 110 140 140 125 95 64 104 95 60 164 80 133 79 158 95 0 171 95 95 117 140 95
106 91 146 80 0 140 177 74 94 171 177 177 173 116 81 86 179 116 70 138 91 148 177 0 110 168 110 177 146 146 91 177 157 106 179 140 146 140 131 0 91 146 177 80 146 0 177 94 90 151 171 142 146 131 72 63 90 77 81 85 86 171 140 77 139 140 110 94 72 95 164 164 137 147 140 148 148 148 128 146 131 113 146 116 0 71 177 95 171 72 94 171 148 86 72 63 177 177 71 151 90 90 148 138 106 179 63 177 140 147 116 137 116 72 146 138 137 147 142 137 148 148 77 177 131 63 90 148 85 128 128 151 95 137 81 95 70 140 110 177 165 173 95 146 74 95 131 148 128 95
167 101 148 88 177 109 146 85 113 74 146 99 108 87 140 72 134 124 129 151 101 71 0 177 164 141 84 99 152 121 101 99 174 167 134 109 152 62 163 177 101 121 99 88 152 177 0 113 121 97 74 88 148 163 177 88 121 159 140 68 72 74 109 159 105 109 84 113 177 165 121 121 150 66 62 76 71 71 92 121 163 126 148 124 177 69 0 165 74 177 113 74 76 72 177 88 0 99 69 97 144 144 76 151 167 134 88 99 174 66 124 150 87 177 148 151 150 66 88 150 76 71 159 99 163 88 144 76 68 92 92 97 165 150 140 165 129 109 164 99 102 108 165 152 85 165 163 76 92 165
117 104 149 163 94 100 136 161 0 89 136 139 100 161 130 80 152 140 147 158 104 79 113 94 169 147 160 139 170 75 104 139 79 117 152 100 170 152 154 94 104 75 139 163 170 94 113 0 89 99 89 87 149 154 104 171 89 144 130 124 80 89 100 144 143 100 160 0 104 133 179 179 133 117 152 74 79 79 171 75 154 137 149 140 94 131 113 133 89 104 0 89 74 80 104 171 113 139 131 99 114 114 74 158 117 152 171 139 166 117 140 133 161 104 149 158 133 117 87 133 74 79 144 139 154 171 114 74 124 171 171 99 133 133 130 133 147 100 169 139 146 100 133 170 161 133 154 74 171 133
171 150 84 133 90 98 72 81 89 156 72 89 144 110 107 65 174 91 137 67 150 149 121 90 107 126 98 89 168 147 150 89 173 171 174 98 168 155 158 90 150 147 89 133 168 90 121 89 0 87 156 72 84 158 176 148 0 62 107 156 65 156 98 62 79 98 98 89 176 163 151 151 100 80 155 103 149 149 151 147 158 158 84 91 90 72 121 163 156 176 89 156 103 65 176 148 121 89 72 87 112 112 103 67 171 174 148 89 134 80 91 100 110 176 84 67 100 80 72 100 103 149 62 89 158 148 112 103 156 151 151 87 163 100 107 163 137 98 107 89 66 144 163 168 81 163 158 103 151 163
70 83 135 173 151 78 103 139 99 77 103 101 63 164 72 62 165 132 110 75 83 69 97 151 144 123 100 101 125 114 83 101 162 70 165 78 125 160 174 151 83 114 101 173 125 151 97 99 87 0 77 78 135 174 146 78 87 146 72 117 62 77 78 146 98 78 100 99 146 172 116 116 120 142 160 78 69 69 103 114 174 85 135 132 151 152 97 172 77 146 99 77 78 62 146 78 97 101 152 0 73 73 78 75 70 165 78 101 129 142 132 120 164 146 135 75 120 142 78 120 78 69 146 101 174 78 73 78 117 103 103 0 172 120 72 172 110 78 144 101 171 63 172 125 139 172 174 78 103 172
141 150 86 120 171 140 90 75 89 0 90 121 71 130 133 176 141 135 152 80 150 170 74 171 92 117 108 121 64 121 150 121 123 141 141 140 64 118 154 171 150 121 121 120 64 171 74 89 156 77 0 164 86 154 112 81 156 140 133 117 176 0 140 140 132 140 108 89 112 136 78 78 93 133 118 99 170 170 106 121 154 87 86 135 171 130 74 136 0 112 89 0 99 176 112 81 74 121 130 77 138 138 99 80 141 141 81 121 160 133 135 93 130 112 86 80 93 133 164 93 99 170 140 121 154 81 138 99 117 106 106 77 136 93 133 136 152 140 92 121 89 71 136 64 75 136 154 99 106 136
130 95 64 126 142 129 175 71 87 164 175 95 151 84 92 153 109 152 66 124 95 65 88 142 178 151 165 95 60 120 95 95 158 130 109 129 60 80 93 142 95 120 95 126 60 142 88 87 72 78 164 0 64 93 169 161 72 137 92 133 153 164 129 137 62 129 165 87 169 179 120 120 172 98 80 156 65 65 82 120 93 126 64 152 142 164 88 179 164 169 87 164 156 153 169 161 88 95 164 78 125 125 156 124 130 109 161 95 171 98 152 172 84 169 64 124 172 98 0 172 156 65 137 95 93 161 125 156 133 82 82 78 179 172 92 179 66 129 178 95 82 151 179 60 71 179 93 156 82 179
98 98 0 65 146 80 164 169 149 86 164 106 176 111 81 63 143 101 138 127 98 123 148 146 117 74 127 106 139 72 98 106 157 98 143 80 139 134 72 146 98 72 106 65 139 146 148 149 84 135 86 64 0 72 61 90 84 118 81 149 63 86 80 118 100 80 127 149 61 170 79 79 158 65 134 159 123 123 174 72 72 177 0 101 146 129 148 170 86 61 149 86 159 63 61 90 148 106 129 135 171 171 159 127 98 143 90 106 158 65 101 158 111 61 0 127 158 65 64 158 159 123 118 106 72 90 171 159 149 174 174 135 170 158 81 170 138 80 117 106 168 176 170 139 169 170 72 159 174 170
92 109 72 134 131 60 125 105 154 154 125 87 63 125 94 123 177 162 106 67 109 115 163 131 102 60 102 87 95 153 109 87 171 92 177 60 95 127 0 131 109 153 87 134 95 131 163 154 158 174 154 93 72 0 153 89 158 170 94 115 123 154 60 170 169 60 102 154 153 173 68 68 142 84 127 152 115 115 68 153 0 85 72 162 131 65 163 173 154 153 154 154 152 123 153 89 163 87 65 174 164 164 152 67 92 177 89 87 176 84 162 142 125 153 72 67 142 84 93 142 152 115 170 87 0 89 164 152 115 68 68 174 173 142 94 173 106 60 102 87 108 63 173 95 105 173 0 152 68 173
156 174 61 143 72 143 121 160 104 112 121 105 73 116 164 103 103 147 75 109 174 178 177 72 173 152 131 105 78 169 174 105 87 156 103 143 78 121 153 72 174 169 105 143 78 72 177 104 176 146 112 169 61 153 0 113 176 65 164 111 103 112 143 65 154 143 131 104 0 88 156 156 109 135 121 151 178 178 118 169 153 103 61 147 72 114 177 88 112 0 104 112 151 103 0 113 177 105 114 146 81 81 151 109 156 103 113 105 139 135 147 109 116 0 61 109 109 135 169 109 151 178 65 105 153 113 81 151 111 118 118 146 88 109 164 88 75 143 173 105 114 73 88 78 160 88 153 151 118 88
86 73 90 139 63 100 60 73 171 81 60 102 167 64 174 125 79 69 159 81 73 105 88 63 106 122 98 102 124 96 73 102 165 86 79 100 124 165 89 63 73 96 102 139 124 63 88 171 148 78 81 161 90 89 113 0 148 119 174 169 125 81 100 119 63 100 98 171 113 97 121 121 64 171 165 135 105 105 146 96 89 153 90 69 63 163 88 97 81 113 171 81 135 125 113 0 88 102 163 78 117 117 135 81 86 79 0 102 178 171 69 64 64 113 90 81 64 171 161 64 135 105 119 102 89 0 117 135 169 146 146 78 97 64 174 97 159 100 106 102 152 167 97 124 73 97 89 135 146 97
171 150 84 133 90 98 72 81 89 156 72 89 144 110 107 65 174 91 137 67 150 149 121 90 107 126 98 89 168 147 150 89 173 171 174 98 168 155 158 90 150 147 89 133 168 90 121 89 0 87 156 72 84 158 176 148 0 62 107 156 65 156 98 62 79 98 98 89 176 163 151 151 100 80 155 103 149 149 151 147 158 158 84 91 90 72 121 163 156 176 89 156 103 65 176 148 121 89 72 87 112 112 103 67 171 174 148 89 134 80 91 100 110 176 84 67 100 80 72 100 103 149 62 89 158 148 112 103 156 151 151 87 163 100 107 163 137 98 107 89 66 144 163 168 81 163 158 103 151 163
168 98 118 155 77 136 96 144 144 140 96 114 84 120 168 166 72 64 151 74 98 124 159 77 100 132 66 114 129 66 98 114 139 168 72 136 129 99 170 77 98 66 114 155 129 77 159 144 62 146 140 137 118 170 65 119 62 0 168 60 166 140 136 0 92 136 66 144 65 161 82 82 149 61 99 80 124 124 78 66 170 135 118 64 77 83 159 161 140 65 144 140 80 166 65 119 159 114 83 146 161 161 80 74 168 72 119 114 155 61 64 149 120 65 118 74 149 61 137 149 80 124 0 114 170 119 161 80 60 78 78 146 161 149 168 161 151 136 100 114 97 84 161 129 144 161 170 80 78 161
126 71 81 79 81 85 157 82 130 133 157 84 175 119 0 113 162 144 91 74 71 102 140 81 88 127 137 84 104 158 71 84 149 126 162 85 104 80 94 81 71 158 84 79 104 81 140 130 107 72 133 92 81 94 164 174 107 168 0 123 113 133 85 168 114 85 137 130 164 169 132 132 169 179 80 133 102 102 103 158 94 92 81 144 81 132 140 169 133 164 130 133 133 113 164 174 140 84 132 72 78 78 133 74 126 162 174 84 63 179 144 169 119 164 81 74 169 179 92 169 133 102 168 84 94 174 78 133 123 103 103 72 169 169 0 169 91 85 88 84 72 175 169 104 82 169 94 133 103 169
72 122 149 108 85 63 122 127 124 117 122 140 104 151 123 166 148 120 98 114 122 149 68 85 99 172 95 140 110 158 122 140 73 72 148 63 110 93 115 85 122 158 140 108 110 85 68 124 156 117 117 133 149 115 111 169 156 60 123 0 166 117 63 60 157 63 95 124 111 61 113 113 177 134 93 72 149 149 177 158 115 146 149 120 85 160 68 61 117 111 124 117 72 166 111 169 68 140 160 117 67 67 72 114 72 148 169 140 102 134 120 177 151 111 149 114 177 134 133 177 72 149 60 140 115 169 67 72 0 177 177 117 61 177 123 61 98 63 99 140 132 104 61 110 127 61 115 72 177 61
61 77 63 92 86 158 87 178 80 176 87 172 144 117 113 0 69 107 138 144 77 97 72 86 97 91 112 172 78 173 77 172 145 61 69 158 78 96 123 86 77 173 172 92 78 86 72 80 65 62 176 153 63 123 103 125 65 166 113 166 0 176 158 166 97 158 112 80 103 94 88 88 101 72 96 80 97 97 76 173 123 155 63 107 86 108 72 94 176 103 80 176 80 0 103 125 72 172 108 62 121 121 80 144 61 69 125 172 109 72 107 101 117 103 63 144 101 72 153 101 80 97 166 172 123 125 121 80 166 76 76 62 94 101 113 94 138 158 97 172 125 144 94 78 178 94 123 80 76 94
141 150 86 120 171 140 90 75 89 0 90 121 71 130 133 176 141 135 152 80 150 170 74 171 92 117 108 121 64 121 150 121 123 141 141 140 64 118 154 171 150 121 121 120 64 171 74 89 156 77 0 164 86 154 112 81 156 140 133 117 176 0 140 140 132 140 108 89 112 136 78 78 93 133 118 99 170 170 106 121 154 87 86 135 171 130 74 136 0 112 89 0 99 176 112 81 74 121 130 77 138 138 99 80 141 141 81 121 160 133 135 93 130 112 86 80 93 133 164 93 99 170 140 121 154 81 138 99 117 106 106 77 136 93 133 136 152 140 92 121 89 71 136 64 75 136 154 99 106 136
105 61 80 94 140 0 105 67 100 140 105 71 160 129 85 158 106 134 142 115 61 146 109 140 156 168 130 71 164 156 61 71 110 105 106 0 164 109 60 140 61 156 71 94 164 140 109 100 98 78 140 129 80 60 143 100 98 136 85 63 158 140 0 136 76 0 130 100 143 140 119 119 176 133 109 86 146 146 149 156 60 164 80 134 140 72 109 140 140 143 100 140 86 158 143 100 109 71 72 78 97 97 86 115 105 106 100 71 162 133 134 176 129 143 80 115 176 133 129 176 86 146 136 71 60 100 97 86 63 149 149 78 140 176 85 140 142 0 156 71 127 160 140 164 67 140 60 86 149 140
168 98 118 155 77 136 96 144 144 140 96 114 84 120 168 166 72 64 151 74 98 124 159 77 100 132 66 114 129 66 98 114 139 168 72 136 129 99 170 77 98 66 114 155 129 77 159 144 62 146 140 137 118 170 65 119 62 0 168 60 166 140 136 0 92 136 66 144 65 161 82 82 149 61 99 80 124 124 78 66 170 135 118 64 77 83 159 161 140 65 144 140 80 166 65 119 159 114 83 146 161 161 80 74 168 72 119 114 155 61 64 149 120 65 118 74 149 61 137 149 80 124 0 114 170 119 161 80 60 78 78 146 161 149 168 161 151 136 100 114 97 84 161 129 144 161 170 80 78 161
108 107 100 60 139 76 99 95 143 132 99 175 175 65 114 97 124 72 91 129 107 160 105 139 111 162 78 175 86 157 107 175 163 108 124 76 86 67 169 139 107 157 175 60 86 139 105 143 79 98 132 62 100 169 154 63 79 92 114 157 97 132 76 92 0 76 78 143 154 65 152 152 91 77 67 60 160 160 118 157 169 76 100 72 139 131 105 65 132 154 143 132 60 97 154 63 105 175 131 98 123 123 60 129 108 124 63 175 79 77 72 91 65 154 100 129 91 77 62 91 60 160 92 175 169 63 123 60 157 118 118 98 65 91 114 65 91 76 111 175 114 175 65 86 95 65 169 60 118 65
105 61 80 94 140 0 105 67 100 140 105 71 160 129 85 158 106 134 142 115 61 146 109 140 156 168 130 71 164 156 61 71 110 105 106 0 164 109 60 140 61 156 71 94 164 140 109 100 98 78 140 129 80 60 143 100 98 136 85 63 158 140 0 136 76 0 130 100 143 140 119 119 176 133 109 86 146 146 149 156 60 164 80 134 140 72 109 140 140 143 100 140 86 158 143 100 109 71 72 78 97 97 86 115 105 106 100 71 162 133 134 176 129 143 80 115 176 133 129 176 86 146 136 71 60 100 97 86 63 149 149 78 140 176 85 140 142 0 156 71 127 160 140 164 67 140 60 86 149 140
60 131 127 63 110 130 174 111 160 108 174 96 136 119 137 112 80 137 138 61 131 100 84 110 139 157 0 96 107 69 131 96 136 60 80 130 107 105 102 110 131 69 96 63 107 110 84 160 98 100 108 165 127 102 131 98 98 66 137 95 112 108 130 66 78 130 0 160 131 169 108 108 168 74 105 168 100 100 141 69 102 145 127 137 110 121 84 169 108 131 160 108 168 112 131 98 84 96 121 100 152 152 168 61 60 80 98 96 119 74 137 168 119 131 127 61 168 74 165 168 168 100 66 96 102 98 152 168 95 141 141 100 169 168 137 169 138 130 139 96 117 136 169 107 111 169 102 168 141 169
117 104 149 163 94 100 136 161 0 89 136 139 100 161 130 80 152 140 147 158 104 79 113 94 169 147 160 139 170 75 104 139 79 117 152 100 170 152 154 94 104 75 139 163 170 94 113 0 89 99 89 87 149 154 104 171 89 144 130 124 80 89 100 144 143 100 160 0 104 133 179 179 133 117 152 74 79 79 171 75 154 137 149 140 94 131 113 133 89 104 0 89 74 80 104 171 113 139 131 99 114 114 74 158 117 152 171 139 166 117 140 133 161 104 149 158 133 117 87 133 74 79 144 139 154 171 114 74 124 171 171 99 133 133 130 133 147 100 169 139 146 100 133 170 161 133 154 74 171 133
156 174 61 143 72 143 121 160 104 112 121 105 73 116 164 103 103 147 75 109 174 178 177 72 173 152 131 105 78 169 174 105 87 156 103 143 78 121 153 72 174 169 105 143 78 72 177 104 176 146 112 169 61 153 0 113 176 65 164 111 103 112 143 65 154 143 131 104 0 88 156 156 109 135 121 151 178 178 118 169 153 103 61 147 72 114 177 88 112 0 104 112 151 103 0 113 177 105 114 146 81 81 151 109 156 103 113 105 139 135 147 109 116 0 61 109 109 135 169 109 151 178 65 105 153 113 81 151 111 118 118 146 88 109 164 88 75 143 173 105 114 73 88 78 160 88 153 151 118 88
126 164 170 176 95 140 83 145 133 136 83 166 85 98 169 94 81 142 169 157 164 97 165 95 101 84 169 166 95 80 164 166 154 126 81 140 95 127 173 95 164 80 166 176 95 95 165 133 163 172 136 179 170 173 88 97 163 161 169 61 94 136 140 161 65 140 169 133 88 0 107 107 102 176 127 125 97 97 178 80 173 137 170 142 95 122 165 0 136 88 133 136 125 94 88 97 165 166 122 172 90 90 125 157 126 81 97 166 95 176 142 102 98 88 170 157 102 176 179 102 125 97 161 166 173 97 90 125 61 178 178 172 0 102 169 0 169 140 101 166 110 85 0 95 145 0 173 125 178 0
174 120 79 102 164 119 114 177 179 78 114 146 98 79 132 88 173 143 171 174 120 130 121 164 175 121 108 146 96 121 120 146 64 174 173 119 96 84 68 164 120 121 146 102 96 164 121 179 151 116 78 120 79 68 156 121 151 82 132 113 88 78 119 82 152 119 108 179 156 107 0 0 97 117 84 106 130 130 139 121 68 167 79 143 164 154 121 107 78 156 179 78 106 88 156 121 121 146 154 116 149 149 106 174 174 173 121 146 121 117 143 97 79 156 79 174 97 117 120 97 106 130 82 146 68 121 149 106 113 139 139 116 107 97 132 107 171 119 175 146 120 98 107 96 177 107 68 106 139 107
174 120 79 102 164 119 114 177 179 78 114 146 98 79 132 88 173 143 171 174 120 130 121 164 175 121 108 146 96 121 120 146 64 174 173 119 96 84 68 164 120 121 146 102 96 164 121 179 151 116 78 120 79 68 156 121 151 82 132 113 88 78 119 82 152 119 108 179 156 107 0 0 97 117 84 106 130 130 139 121 68 167 79 143 164 154 121 107 78 156 179 78 106 88 156 121 121 146 154 116 149 149 106 174 174 173 121 146 121 117 143 97 79 156 79 174 97 117 120 97 106 130 82 146 68 121 149 106 113 139 139 116 107 97 132 107 171 119 175 146 120 98 107 96 177 107 68 106 139 107
126 78 158 64 137 176 105 173 133 93 105 146 70 71 169 101 158 105 155 65 78 116 150 137 113 87 168 146 64 96 78 146 128 126 158 176 64 69 142 137 78 96 146 64 64 137 150 133 100 120 93 172 158 142 109 64 100 149 169 177 101 93 176 149 91 176 168 133 109 102 97 97 0 70 69 167 116 116 65 96 142 78 158 105 137 146 150 102 93 109 133 93 167 101 109 64 150 146 146 120 103 103 167 65 126 158 64 146 117 70 105 0 71 109 158 65 0 70 172 0 167 116 149 146 142 64 103 167 177 65 65 120 102 0 169 102 155 176 113 146 88 70 102 64 173 102 142 167 65 102
128 124 65 108 147 133 107 163 117 133 107 88 137 118 179 72 77 110 104 144 124 76 66 147 120 112 74 88 140 65 124 88 83 128 77 133 140 69 84 147 124 65 88 108 140 147 66 117 80 142 133 98 65 84 135 171 80 61 179 134 72 133 133 61 77 133 74 117 135 176 117 117 70 0 69 120 76 76 108 65 84 70 65 110 147 148 66 176 133 135 117 133 120 72 135 171 66 88 148 142 144 144 120 144 128 77 171 88 70 0 110 70 118 135 65 144 70 0 98 70 120 76 61 88 84 171 144 120 134 108 108 142 176 70 179 176 104 133 120 88 133 137 176 140 163 176 84 120 108 176
146 169 134 89 140 109 84 116 152 118 84 98 147 82 80 96 65 161 104 83 169 82 62 140 91 107 105 98 161 173 169 98 67 146 65 109 161 0 127 140 169 173 98 89 161 140 62 152 155 160 118 80 134 127 121 165 155 99 80 93 96 118 109 99 67 109 105 152 121 127 84 84 69 69 0 177 82 82 69 173 127 138 134 161 140 179 62 127 118 121 152 118 177 96 121 165 62 98 179 160 171 171 177 83 146 65 165 98 119 69 161 69 82 121 134 83 69 69 80 69 177 82 99 98 127 165 171 177 93 69 69 160 127 69 80 127 104 109 91 98 131 147 127 161 116 127 127 177 69 127
73 157 159 97 148 86 169 79 74 99 169 107 169 155 133 80 156 93 173 175 157 160 76 148 178 101 168 107 117 89 157 107 76 73 156 86 117 177 152 148 157 89 107 97 117 148 76 74 103 78 99 156 159 152 151 135 103 80 133 72 80 99 86 80 60 86 168 74 151 125 106 106 167 120 177 0 160 160 123 89 152 159 159 93 148 103 76 125 99 151 74 99 0 80 151 135 76 107 103 78 172 172 0 175 73 156 135 107 147 120 93 167 155 151 159 175 167 120 156 167 0 160 80 107 152 135 172 0 72 123 123 78 125 167 133 125 173 86 178 107 82 169 125 117 79 125 152 0 123 125
137 92 123 165 148 146 169 165 79 170 169 95 75 125 102 97 62 64 96 177 92 0 71 148 103 154 100 95 113 74 92 95 157 137 62 146 113 82 115 148 92 74 95 165 113 148 71 79 149 69 170 65 123 115 178 105 149 124 102 149 97 170 146 124 160 146 100 79 178 97 130 130 116 76 82 160 0 0 136 74 115 167 123 64 148 153 71 97 170 178 79 170 160 97 178 105 71 95 153 69 94 94 160 177 137 62 105 95 94 76 64 116 125 178 123 177 116 76 65 116 160 0 124 95 115 105 94 160 149 136 136 69 97 116 102 97 96 146 103 95 126 75 97 113 165 97 115 160 136 97
137 92 123 165 148 146 169 165 79 170 169 95 75 125 102 97 62 64 96 177 92 0 71 148 103 154 100 95 113 74 92 95 157 137 62 146 113 82 115 148 92 74 95 165 113 148 71 79 149 69 170 65 123 115 178 105 149 124 102 149 97 170 146 124 160 146 100 79 178 97 130 130 116 76 82 160 0 0 136 74 115 167 123 64 148 153 71 97 170 178 79 170 160 97 178 105 71 95 153 69 94 94 160 177 137 62 105 95 94 76 64 116 125 178 123 177 116 76 65 116 160 0 124 95 115 105 94 160 149 136 136 69 97 116 102 97 96 146 103 95 126 75 97 113 165 97 115 160 136 97
174 138 174 108 128 149 120 165 171 106 120 178 123 86 103 76 85 146 151 69 138 136 92 128 84 61 141 178 140 145 138 178 69 174 85 149 140 69 68 128 138 145 178 108 140 128 92 171 151 103 106 82 174 68 118 146 151 78 103 177 76 106 149 78 118 149 141 171 118 178 139 139 65 108 69 123 136 136 0 145 68 158 174 146 128 68 92 178 106 118 171 106 123 76 118 146 92 178 68 103 117 117 123 69 174 85 146 178 147 108 146 65 86 118 174 69 65 108 82 65 123 136 78 178 68 146 117 123 177 0 0 103 178 65 103 178 151 149 84 178 91 123 178 140 165 178 68 123 0 178
128 91 72 93 146 156 122 79 75 121 122 115 80 114 158 173 104 71 85 161 91 74 121 146 73 129 69 115 147 0 91 115 162 128 104 156 147 173 153 146 91 0 115 93 147 146 121 75 147 114 121 120 72 153 169 96 147 66 158 158 173 121 156 66 157 156 69 75 169 80 121 121 96 65 173 89 74 74 145 0 153 82 72 71 146 66 121 80 121 169 75 121 89 173 169 96 121 115 66 114 163 163 89 161 128 104 96 115 104 65 71 96 114 169 72 161 96 65 120 96 89 74 66 115 153 96 163 89 158 145 145 114 80 96 158 80 85 156 73 115 143 80 80 147 79 80 153 89 145 80
92 109 72 134 131 60 125 105 154 154 125 87 63 125 94 123 177 162 106 67 109 115 163 131 102 60 102 87 95 153 109 87 171 92 177 60 95 127 0 131 109 153 87 134 95 131 163 154 158 174 154 93 72 0 153 89 158 170 94 115 123 154 60 170 169 60 102 154 153 173 68 68 142 84 127 152 115 115 68 153 0 85 72 162 131 65 163 173 154 153 154 154 152 123 153 89 163 87 65 174 164 164 152 67 92 177 89 87 176 84 162 142 125 153 72 67 142 84 93 142 152 115 170 87 0 89 164 152 115 68 68 174 173 142 94 173 106 60 102 87 108 63 173 95 105 173 0 152 68 173
149 160 177 110 113 164 157 76 137 87 157 104 83 81 92 155 69 109 113 101 160 167 126 113 75 164 145 104 158 82 160 104 62 149 69 164 158 138 85 113 160 82 104 110 158 113 126 137 158 85 87 126 177 85 103 153 158 135 92 146 155 87 164 135 76 164 145 137 103 137 167 167 78 70 138 159 167 167 158 82 85 0 177 109 113 104 126 137 87 103 137 87 159 155 103 153 126 104 104 85 71 71 159 101 149 69 153 104 104 70 109 78 81 103 177 101 78 70 126 78 159 167 135 104 85 153 71 159 146 158 158 85 137 78 92 137 113 164 75 104 161 83 137 158 76 137 85 159 158 137
98 98 0 65 146 80 164 169 149 86 164 106 176 111 81 63 143 101 138 127 98 123 148 146 117 74 127 106 139 72 98 106 157 98 143 80 139 134 72 146 98 72 106 65 139 146 148 149 84 135 86 64 0 72 61 90 84 118 81 149 63 86 80 118 100 80 127 149 61 170 79 79 158 65 134 159 123 123 174 72 72 177 0 101 146 129 148 170 86 61 149 86 159 63 61 90 148 106 129 135 171 171 159 127 98 143 90 106 158 65 101 158 111 61 0 127 158 65 64 158 159 123 118 106 72 90 171 159 149 174 174 135 170 158 81 170 138 80 117 106 168 176 170 139 169 170 72 159 174 170
63 79 101 71 116 134 80 141 140 135 80 134 103 90 144 107 140 0 67 166 79 64 124 116 157 132 137 134 72 71 79 134 135 63 140 134 72 161 162 116 79 71 134 71 72 116 124 140 91 132 135 152 101 162 147 69 91 64 144 120 107 135 134 64 72 134 137 140 147 142 143 143 105 110 161 93 64 64 146 71 162 109 101 0 116 89 124 142 135 147 140 135 93 107 147 69 124 134 89 132 60 60 93 166 63 140 69 134 102 110 0 105 90 147 101 166 105 110 152 105 93 64 64 134 162 69 60 93 120 146 146 132 142 105 144 142 67 134 157 134 159 103 142 72 141 142 162 93 146 142
106 91 146 80 0 140 177 74 94 171 177 177 173 116 81 86 179 116 70 138 91 148 177 0 110 168 110 177 146 146 91 177 157 106 179 140 146 140 131 0 91 146 177 80 146 0 177 94 90 151 171 142 146 131 72 63 90 77 81 85 86 171 140 77 139 140 110 94 72 95 164 164 137 147 140 148 148 148 128 146 131 113 146 116 0 71 177 95 171 72 94 171 148 86 72 63 177 177 71 151 90 90 148 138 106 179 63 177 140 147 116 137 116 72 146 138 137 147 142 137 148 148 77 177 131 63 90 148 85 128 128 151 95 137 81 95 70 140 110 177 165 173 95 146 74 95 131 148 128 95
176 153 129 179 71 72 157 132 131 130 157 178 89 130 132 108 165 89 151 91 153 153 69 71 74 68 121 178 155 66 153 178 150 176 165 72 155 179 65 71 153 66 178 179 155 71 69 131 72 152 130 164 129 65 114 163 72 83 132 160 108 130 72 83 131 72 121 131 114 122 154 154 146 148 179 103 153 153 68 66 65 104 129 89 71 0 69 122 130 114 131 130 103 108 114 163 69 178 0 152 137 137 103 91 176 165 163 178 124 148 89 146 130 114 129 91 146 148 164 146 103 153 83 178 65 163 137 103 160 68 68 152 122 146 132 122 151 72 74 178 175 89 122 155 132 122 65 103 68 122
167 101 148 88 177 109 146 85 113 74 146 99 108 87 140 72 134 124 129 151 101 71 0 177 164 141 84 99 152 121 101 99 174 167 134 109 152 62 163 177 101 121 99 88 152 177 0 113 121 97 74 88 148 163 177 88 121 159 140 68 72 74 109 159 105 109 84 113 177 165 121 121 150 66 62 76 71 71 92 121 163 126 148 124 177 69 0 165 74 177 113 74 76 72 177 88 0 99 69 97 144 144 76 151 167 134 88 99 174 66 124 150 87 177 148 151 150 66 88 150 76 71 159 99 163 88 144 76 68 92 92 97 165 150 140 165 129 109 164 99 102 108 165 152 85 165 163 76 92 165
126 164 170 176 95 140 83 145 133 136 83 166 85 98 169 94 81 142 169 157 164 97 165 95 101 84 169 166 95 80 164 166 154 126 81 140 95 127 173 95 164 80 166 176 95 95 165 133 163 172 136 179 170 173 88 97 163 161 169 61 94 136 140 161 65 140 169 133 88 0 107 107 102 176 127 125 97 97 178 80 173 137 170 142 95 122 165 0 136 88 133 136 125 94 88 97 165 166 122 172 90 90 125 157 126 81 97 166 95 176 142 102 98 88 170 157 102 176 179 102 125 97 161 166 173 97 90 125 61 178 178 172 0 102 169 0 169 140 101 166 110 85 0 95 145 0 173 125 178 0
141 150 86 120 171 140 90 75 89 0 90 121 71 130 133 176 141 135 152 80 150 170 74 171 92 117 108 121 64 121 150 121 123 141 141 140 64 118 154 171 150 121 121 120 64 171 74 89 156 77 0 164 86 154 112 81 156 140 133 117 176 0 140 140 132 140 108 89 112 136 78 78 93 133 118 99 170 170 106 121 154 87 86 135 171 130 74 136 0 112 89 0 99 176 112 81 74 121 130 77 138 138 99 80 141 141 81 121 160 133 135 93 130 112 86 80 93 133 164 93 99 170 140 121 154 81 138 99 117 106 106 77 136 93 133 136 152 140 92 121 89 71 136 64 75 136 154 99 106 136
156 174 61 143 72 143 121 160 104 112 121 105 73 116 164 103 103 147 75 109 174 178 177 72 173 152 131 105 78 169 174 105 87 156 103 143 78 121 153 72 174 169 105 143 78 72 177 104 176 146 112 169 61 153 0 113 176 65 164 111 103 112 143 65 154 143 131 104 0 88 156 156 109 135 121 151 178 178 118 169 153 103 61 147 72 114 177 88 112 0 104 112 151 103 0 113 177 105 114 146 81 81 151 109 156 103 113 105 139 135 147 109 116 0 61 109 109 135 169 109 151 178 65 105 153 113 81 151 111 118 118 146 88 109 164 88 75 143 173 105 114 73 88 78 160 88 153 151 118 88
117 104 149 163 94 100 136 161 0 89 136 139 100 161 130 80 152 140 147 158 104 79 113 94 169 147 160 139 170 75 104 139 79 117 152 100 170 152 154 94 104 75 139 163 170 94 113 0 89 99 89 87 149 154 104 171 89 144 130 124 80 89 100 144 143 100 160 0 104 133 179 179 133 117 152 74 79 79 171 75 154 137 149 140 94 131 113 133 89 104 0 89 74 80 104 171 113 139 131 99 114 114 74 158 117 152 171 139 166 117 140 133 161 104 149 158 133 117 87 133 74 79 144 139 154 171 114 74 124 171 171 99 133 133 130 133 147 100 169 139 146 100 133 170 161 133 154 74 171 133
141 150 86 120 171 140 90 75 89 0 90 121 71 130 133 176 141 135 152 80 150 170 74 171 92 117 108 121 64 121 150 121 123 141 141 140 64 118 154 171 150 121 121 120 64 171 74 89 156 77 0 164 86 154 112 81 156 140 133 117 176 0 140 140 132 140 108 89 112 136 78 78 93 133 118 99 170 170 106 121 154 87 86 135 171 130 74 136 0 112 89 0 99 176 112 81 74 121 130 77 138 138 99 80 141 141 81 121 160 133 135 93 130 112 86 80 93 133 164 93 99 170 140 121 154 81 138 99 117 106 106 77 136 93 133 136 152 140 92 121 89 71 136 64 75 136 154 99 106 136
73 157 159 97 148 86 169 79 74 99 169 107 169 155 133 80 156 93 173 175 157 160 76 148 178 101 168 107 117 89 157 107 76 73 156 86 117 177 152 148 157 89 107 97 117 148 76 74 103 78 99 156 159 152 151 135 103 80 133 72 80 99 86 80 60 86 168 74 151 125 106 106 167 120 177 0 160 160 123 89 152 159 159 93 148 103 76 125 99 151 74 99 0 80 151 135 76 107 103 78 172 172 0 175 73 156 135 107 147 120 93 167 155 151 159 175 167 120 156 167 0 160 80 107 152 135 172 0 72 123 123 78 125 167 133 125 173 86 178 107 82 169 125 117 79 125 152 0 123 125
61 77 63 92 86 158 87 178 80 176 87 172 144 117 113 0 69 107 138 144 77 97 72 86 97 91 112 172 78 173 77 172 145 61 69 158 78 96 123 86 77 173 172 92 78 86 72 80 65 62 176 153 63 123 103 125 65 166 113 166 0 176 158 166 97 158 112 80 103 94 88 88 101 72 96 80 97 97 76 173 123 155 63 107 86 108 72 94 176 103 80 176 80 0 103 125 72 172 108 62 121 121 80 144 61 69 125 172 109 72 107 101 117 103 63 144 101 72 153 101 80 97 166 172 123 125 121 80 166 76 76 62 94 101 113 94 138 158 97 172 125 144 94 78 178 94 123 80 76 94
156 174 61 143 72 143 121 160 104 112 121 105 73 116 164 103 103 147 75 109 174 178 177 72 173 152 131 105 78 169 174 105 87 156 103 143 78 121 153 72 174 169 105 143 78 72 177 104 176 146 112 169 61 153 0 113 176 65 164 111 103 112 143 65 154 143 131 104 0 88 156 156 109 135 121 151 178 178 118 169 153 103 61 147 72 114 177 88 112 0 104 112 151 103 0 113 177 105 114 146 81 81 151 109 156 103 113 105 139 135 147 109 116 0 61 109 109 135 169 109 151 178 65 105 153 113 81 151 111 118 118 146 88 109 164 88 75 143 173 105 114 73 88 78 160 88 153 151 118 88
86 73 90 139 63 100 60 73 171 81 60 102 167 64 174 125 79 69 159 81 73 105 88 63 106 122 98 102 124 96 73 102 165 86 79 100 124 165 89 63 73 96 102 139 124 63 88 171 148 78 81 161 90 89 113 0 148 119 174 169 125 81 100 119 63 100 98 171 113 97 121 121 64 171 165 135 105 105 146 96 89 153 90 69 63 163 88 97 81 113 171 81 135 125 113 0 88 102 163 78 117 117 135 81 86 79 0 102 178 171 69 64 64 113 90 81 64 171 161 64 135 105 119 102 89 0 117 135 169 146 146 78 97 64 174 97 159 100 106 102 152 167 97 124 73 97 89 135 146 97
167 101 148 88 177 109 146 85 113 74 146 99 108 87 140 72 134 124 129 151 101 71 0 177 164 141 84 99 152 121 101 99 174 167 134 109 152 62 163 177 101 121 99 88 152 177 0 113 121 97 74 88 148 163 177 88 121 159 140 68 72 74 109 159 105 109 84 113 177 165 121 121 150 66 62 76 71 71 92 121 163 126 148 124 177 69 0 165 74 177 113 74 76 72 177 88 0 99 69 97 144 144 76 151 167 134 88 99 174 66 124 150 87 177 148 151 150 66 88 150 76 71 159 99 163 88 144 76 68 92 92 97 165 150 140 165 129 109 164 99 102 108 165 152 85 165 163 76 92 165
117 130 106 105 177 71 173 122 139 121 173 0 152 141 84 172 65 134 60 128 130 95 99 177 70 73 96 0 133 115 130 0 158 117 65 71 133 98 87 177 130 115 0 105 133 177 99 139 89 101 121 95 106 87 105 102 89 114 84 140 172 121 71 114 175 71 96 139 105 166 146 146 146 88 98 107 95 95 178 115 87 104 106 134 177 178 99 166 121 105 139 121 107 172 105 102 99 0 178 101 161 161 107 128 117 65 102 0 104 88 134 146 141 105 106 128 146 88 95 146 107 95 114 0 87 102 161 107 140 178 178 101 166 146 84 166 60 71 70 0 94 152 166 133 122 166 87 107 178 166
176 153 129 179 71 72 157 132 131 130 157 178 89 130 132 108 165 89 151 91 153 153 69 71 74 68 121 178 155 66 153 178 150 176 165 72 155 179 65 71 153 66 178 179 155 71 69 131 72 152 130 164 129 65 114 163 72 83 132 160 108 130 72 83 131 72 121 131 114 122 154 154 146 148 179 103 153 153 68 66 65 104 129 89 71 0 69 122 130 114 131 130 103 108 114 163 69 178 0 152 137 137 103 91 176 165 163 178 124 148 89 146 130 114 129 91 146 148 164 146 103 153 83 178 65 163 137 103 160 68 68 152 122 146 132 122 151 72 74 178 175 89 122 155 132 122 65 103 68 122
70 83 135 173 151 78 103 139 99 77 103 101 63 164 72 62 165 132 110 75 83 69 97 151 144 123 100 101 125 114 83 101 162 70 165 78 125 160 174 151 83 114 101 173 125 151 97 99 87 0 77 78 135 174 146 78 87 146 72 117 62 77 78 146 98 78 100 99 146 172 116 116 120 142 160 78 69 69 103 114 174 85 135 132 151 152 97 172 77 146 99 77 78 62 146 78 97 101 152 0 73 73 78 75 70 165 78 101 129 142 132 120 164 146 135 75 120 142 78 120 78 69 146 101 174 78 73 78 117 103 103 0 172 120 72 172 110 78 144 101 171 63 172 125 139 172 174 78 103 172
80 138 171 86 90 97 69 130 114 138 69 161 146 159 78 121 131 60 147 143 138 94 144 90 81 151 152 161 108 163 138 161 114 80 131 97 108 171 164 90 138 163 161 86 108 90 144 114 112 73 138 125 171 164 81 117 112 161 78 67 121 138 97 161 123 97 152 114 81 90 149 149 103 144 171 172 94 94 117 163 164 71 171 60 90 137 144 90 138 81 114 138 172 121 81 117 144 161 137 73 0 0 172 143 80 131 117 161 86 144 60 103 159 81 171 143 103 144 125 103 172 94 161 161 164 117 0 172 67 117 117 73 90 103 78 90 147 97 81 161 159 146 90 108 130 90 164 172 117 90
80 138 171 86 90 97 69 130 114 138 69 161 146 159 78 121 131 60 147 143 138 94 144 90 81 151 152 161 108 163 138 161 114 80 131 97 108 171 164 90 138 163 161 86 108 90 144 114 112 73 138 125 171 164 81 117 112 161 78 67 121 138 97 161 123 97 152 114 81 90 149 149 103 144 171 172 94 94 117 163 164 71 171 60 90 137 144 90 138 81 114 138 172 121 81 117 144 161 137 73 0 0 172 143 80 131 117 161 86 144 60 103 159 81 171 143 103 144 125 103 172 94 161 161 164 117 0 172 67 117 117 73 90 103 78 90 147 97 81 161 159 146 90 108 130 90 164 172 117 90
73 157 159 97 148 86 169 79 74 99 169 107 169 155 133 80 156 93 173 175 157 160 76 148 178 101 168 107 117 89 157 107 76 73 156 86 117 177 152 148 157 89 107 97 117 148 76 74 103 78 99 156 159 152 151 135 103 80 133 72 80 99 86 80 60 86 168 74 151 125 106 106 167 120 177 0 160 160 123 89 152 159 159 93 148 103 76 125 99 151 74 99 0 80 151 135 76 107 103 78 172 172 0 175 73 156 135 107 147 120 93 167 155 151 159 175 167 120 156 167 0 160 80 107 152 135 172 0 72 123 123 78 125 167 133 125 173 86 178 107 82 169 125 117 79 125 152 0 123 125
130 131 127 64 138 115 63 140 158 80 63 128 104 124 74 144 89 166 166 0 131 177 151 138 173 89 61 128 150 161 131 128 153 130 89 115 150 83 67 138 131 161 128 64 150 138 151 158 67 75 80 124 127 67 109 81 67 74 74 114 144 80 115 74 129 115 61 158 109 157 174 174 65 144 83 175 177 177 69 161 67 101 127 166 138 91 151 157 80 109 158 80 175 144 109 81 151 128 91 75 143 143 175 0 130 89 81 128 148 144 166 65 124 109 127 0 65 144 124 65 175 177 74 128 67 81 143 175 114 69 69 75 157 65 74 157 166 115 173 128 175 104 157 150 140 157 67 175 69 157
0 112 98 142 106 105 154 92 117 141 154 117 62 109 126 61 134 63 90 130 112 137 167 106 164 106 60 117 96 128 112 117 165 0 134 105 96 146 92 106 112 128 117 142 96 106 167 117 171 70 141 130 98 92 156 86 171 168 126 72 61 141 105 168 108 105 60 117 156 126 174 174 126 128 146 73 137 137 174 128 92 149 98 63 106 176 167 126 141 156 117 141 73 61 156 86 167 117 176 70 80 80 73 130 0 134 86 117 105 128 63 126 109 156 98 130 126 128 130 126 73 137 168 117 92 86 80 73 72 174 174 70 126 126 126 126 90 105 164 117 138 62 126 96 92 126 92 73 174 126
134 66 143 152 179 106 159 151 152 141 159 65 135 90 162 69 0 140 158 89 66 62 134 179 98 177 80 65 62 104 66 65 80 134 0 106 62 65 177 179 66 104 65 152 62 179 134 152 174 165 141 109 143 177 103 79 174 72 162 148 69 141 106 72 124 106 80 152 103 81 173 173 158 77 65 156 62 62 85 104 177 69 143 140 179 165 134 81 141 103 152 141 156 69 103 79 134 65 165 165 131 131 156 89 134 0 79 65 63 77 140 158 90 103 143 89 158 77 109 158 156 62 72 65 177 79 131 156 148 85 85 165 81 158 162 81 158 106 98 65 87 135 81 62 151 81 177 156 85 81
86 73 90 139 63 100 60 73 171 81 60 102 167 64 174 125 79 69 159 81 73 105 88 63 106 122 98 102 124 96 73 102 165 86 79 100 124 165 89 63 73 96 102 139 124 63 88 171 148 78 81 161 90 89 113 0 148 119 174 169 125 81 100 119 63 100 98 171 113 97 121 121 64 171 165 135 105 105 146 96 89 153 90 69 63 163 88 97 81 113 171 81 135 125 113 0 88 102 163 78 117 117 135 81 86 79 0 102 178 171 69 64 64 113 90 81 64 171 161 64 135 105 119 102 89 0 117 135 169 146 146 78 97 64 174 97 159 100 106 102 152 167 97 124 73 97 89 135 146 97
117 130 106 105 177 71 173 122 139 121 173 0 152 141 84 172 65 134 60 128 130 95 99 177 70 73 96 0 133 115 130 0 158 117 65 71 133 98 87 177 130 115 0 105 133 177 99 139 89 101 121 95 106 87 105 102 89 114 84 140 172 121 71 114 175 71 96 139 105 166 146 146 146 88 98 107 95 95 178 115 87 104 106 134 177 178 99 166 121 105 139 121 107 172 105 102 99 0 178 101 161 161 107 128 117 65 102 0 104 88 134 146 141 105 106 128 146 88 95 146 107 95 114 0 87 102 161 107 140 178 178 101 166 146 84 166 60 71 70 0 94 152 166 133 122 166 87 107 178 166
105 109 158 166 140 162 169 133 166 160 169 104 108 124 63 109 63 102 145 148 109 94 174 140 152 79 119 104 109 104 109 104 160 105 63 162 109 119 176 140 109 104 104 166 109 140 174 166 134 129 160 171 158 176 139 178 134 155 63 102 109 160 162 155 79 162 119 166 139 95 121 121 117 70 119 147 94 94 147 104 176 104 158 102 140 124 174 95 160 139 166 160 147 109 139 178 174 104 124 129 86 86 147 148 105 63 178 104 0 70 102 117 124 139 158 148 117 70 171 117 147 94 155 104 176 178 86 147 102 147 147 129 95 117 63 95 145 162 152 104 134 108 95 109 133 95 176 147 147 95
128 124 65 108 147 133 107 163 117 133 107 88 137 118 179 72 77 110 104 144 124 76 66 147 120 112 74 88 140 65 124 88 83 128 77 133 140 69 84 147 124 65 88 108 140 147 66 117 80 142 133 98 65 84 135 171 80 61 179 134 72 133 133 61 77 133 74 117 135 176 117 117 70 0 69 120 76 76 108 65 84 70 65 110 147 148 66 176 133 135 117 133 120 72 135 171 66 88 148 142 144 144 120 144 128 77 171 88 70 0 110 70 118 135 65 144 70 0 98 70 120 76 61 88 84 171 144 120 134 108 108 142 176 70 179 176 104 133 120 88 133 137 176 140 163 176 84 120 108 176
63 79 101 71 116 134 80 141 140 135 80 134 103 90 144 107 140 0 67 166 79 64 124 116 157 132 137 134 72 71 79 134 135 63 140 134 72 161 162 116 79 71 134 71 72 116 124 140 91 132 135 152 101 162 147 69 91 64 144 120 107 135 134 64 72 134 137 140 147 142 143 143 105 110 161 93 64 64 146 71 162 109 101 0 116 89 124 142 135 147 140 135 93 107 147 69 124 134 89 132 60 60 93 166 63 140 69 134 102 110 0 105 90 147 101 166 105 110 152 105 93 64 64 134 162 69 60 93 120 146 146 132 142 105 144 142 67 134 157 134 159 103 142 72 141 142 162 93 146 142
126 78 158 64 137 176 105 173 133 93 105 146 70 71 169 101 158 105 155 65 78 116 150 137 113 87 168 146 64 96 78 146 128 126 158 176 64 69 142 137 78 96 146 64 64 137 150 133 100 120 93 172 158 142 109 64 100 149 169 177 101 93 176 149 91 176 168 133 109 102 97 97 0 70 69 167 116 116 65 96 142 78 158 105 137 146 150 102 93 109 133 93 167 101 109 64 150 146 146 120 103 103 167 65 126 158 64 146 117 70 105 0 71 109 158 65 0 70 172 0 167 116 149 146 142 64 103 167 177 65 65 120 102 0 169 102 155 176 113 146 88 70 102 64 173 102 142 167 65 102
109 89 111 100 116 129 172 174 161 130 172 141 104 0 119 117 90 90 160 124 89 125 87 116 109 68 119 141 69 114 89 141 136 109 90 129 69 82 125 116 89 114 141 100 69 116 87 161 110 164 130 84 111 125 116 64 110 120 119 151 117 130 129 120 65 129 119 161 116 98 79 79 71 118 82 155 125 125 86 114 125 81 111 90 116 130 87 98 130 116 161 130 155 117 116 64 87 141 130 164 159 159 155 124 109 90 64 141 124 118 90 71 0 116 111 124 71 118 84 71 155 125 120 141 125 64 159 155 151 86 86 164 98 71 119 98 160 129 109 141 78 104 98 69 174 98 125 155 86 98
156 174 61 143 72 143 121 160 104 112 121 105 73 116 164 103 103 147 75 109 174 178 177 72 173 152 131 105 78 169 174 105 87 156 103 143 78 121 153 72 174 169 105 143 78 72 177 104 176 146 112 169 61 153 0 113 176 65 164 111 103 112 143 65 154 143 131 104 0 88 156 156 109 135 121 151 178 178 118 169 153 103 61 147 72 114 177 88 112 0 104 112 151 103 0 113 177 105 114 146 81 81 151 109 156 103 113 105 139 135 147 109 116 0 61 109 109 135 169 109 151 178 65 105 153 113 81 151 111 118 118 146 88 109 164 88 75 143 173 105 114 73 88 78 160 88 153 151 118 88
98 98 0 65 146 80 164 169 149 86 164 106 176 111 81 63 143 101 138 127 98 123 148 146 117 74 127 106 139 72 98 106 157 98 143 80 139 134 72 146 98 72 106 65 139 146 148 149 84 135 86 64 0 72 61 90 84 118 81 149 63 86 80 118 100 80 127 149 61 170 79 79 158 65 134 159 123 123 174 72 72 177 0 101 146 129 148 170 86 61 149 86 159 63 61 90 148 106 129 135 171 171 159 127 98 143 90 106 158 65 101 158 111 61 0 127 158 65 64 158 159 123 118 106 72 90 171 159 149 174 174 135 170 158 81 170 138 80 117 106 168 176 170 139 169 170 72 159 174 170
130 131 127 64 138 115 63 140 158 80 63 128 104 124 74 144 89 166 166 0 131 177 151 138 173 89 61 128 150 161 131 128 153 130 89 115 150 83 67 138 131 161 128 64 150 138 151 158 67 75 80 124 127 67 109 81 67 74 74 114 144 80 115 74 129 115 61 158 109 157 174 174 65 144 83 175 177 177 69 161 67 101 127 166 138 91 151 157 80 109 158 80 175 144 109 81 151 128 91 75 143 143 175 0 130 89 81 128 148 144 166 65 124 109 127 0 65 144 124 65 175 177 74 128 67 81 143 175 114 69 69 75 157 65 74 157 166 115 173 128 175 104 157 150 140 157 67 175 69 157
126 78 158 64 137 176 105 173 133 93 105 146 70 71 169 101 158 105 155 65 78 116 150 137 113 87 168 146 64 96 78 146 128 126 158 176 64 69 142 137 78 96 146 64 64 137 150 133 100 120 93 172 158 142 109 64 100 149 169 177 101 93 176 149 91 176 168 133 109 102 97 97 0 70 69 167 116 116 65 96 142 78 158 105 137 146 150 102 93 109 133 93 167 101 109 64 150 146 146 120 103 103 167 65 126 158 64 146 117 70 105 0 71 109 158 65 0 70 172 0 167 116 149 146 142 64 103 167 177 65 65 120 102 0 169 102 155 176 113 146 88 70 102 64 173 102 142 167 65 102
128 124 65 108 147 133 107 163 117 133 107 88 137 118 179 72 77 110 104 144 124 76 66 147 120 112 74 88 140 65 124 88 83 128 77 133 140 69 84 147 124 65 88 108 140 147 66 117 80 142 133 98 65 84 135 171 80 61 179 134 72 133 133 61 77 133 74 117 135 176 117 117 70 0 69 120 76 76 108 65 84 70 65 110 147 148 66 176 133 135 117 133 120 72 135 171 66 88 148 142 144 144 120 144 128 77 171 88 70 0 110 70 118 135 65 144 70 0 98 70 120 76 61 88 84 171 144 120 134 108 108 142 176 70 179 176 104 133 120 88 133 137 176 140 163 176 84 120 108 176
130 95 64 126 142 129 175 71 87 164 175 95 151 84 92 153 109 152 66 124 95 65 88 142 178 151 165 95 60 120 95 95 158 130 109 129 60 80 93 142 95 120 95 126 60 142 88 87 72 78 164 0 64 93 169 161 72 137 92 133 153 164 129 137 62 129 165 87 169 179 120 120 172 98 80 156 65 65 82 120 93 126 64 152 142 164 88 179 164 169 87 164 156 153 169 161 88 95 164 78 125 125 156 124 130 109 161 95 171 98 152 172 84 169 64 124 172 98 0 172 156 65 137 95 93 161 125 156 133 82 82 78 179 172 92 179 66 129 178 95 82 151 179 60 71 179 93 156 82 179
126 78 158 64 137 176 105 173 133 93 105 146 70 71 169 101 158 105 155 65 78 116 150 137 113 87 168 146 64 96 78 146 128 126 158 176 64 69 142 137 78 96 146 64 64 137 150 133 100 120 93 172 158 142 109 64 100 149 169 177 101 93 176 149 91 176 168 133 109 102 97 97 0 70 69 167 116 116 65 96 142 78 158 105 137 146 150 102 93 109 133 93 167 101 109 64 150 146 146 120 103 103 167 65 126 158 64 146 117 70 105 0 71 109 158 65 0 70 172 0 167 116 149 146 142 64 103 167 177 65 65 120 102 0 169 102 155 176 113 146 88 70 102 64 173 102 142 167 65 102
73 157 159 97 148 86 169 79 74 99 169 107 169 155 133 80 156 93 173 175 157 160 76 148 178 101 168 107 117 89 157 107 76 73 156 86 117 177 152 148 157 89 107 97 117 148 76 74 103 78 99 156 159 152 151 135 103 80 133 72 80 99 86 80 60 86 168 74 151 125 106 106 167 120 177 0 160 160 123 89 152 159 159 93 148 103 76 125 99 151 74 99 0 80 151 135 76 107 103 78 172 172 0 175 73 156 135 107 147 120 93 167 155 151 159 175 167 120 156 167 0 160 80 107 152 135 172 0 72 123 123 78 125 167 133 125 173 86 178 107 82 169 125 117 79 125 152 0 123 125
137 92 123 165 148 146 169 165 79 170 169 95 75 125 102 97 62 64 96 177 92 0 71 148 103 154 100 95 113 74 92 95 157 137 62 146 113 82 115 148 92 74 95 165 113 148 71 79 149 69 170 65 123 115 178 105 149 124 102 149 97 170 146 124 160 146 100 79 178 97 130 130 116 76 82 160 0 0 136 74 115 167 123 64 148 153 71 97 170 178 79 170 160 97 178 105 71 95 153 69 94 94 160 177 137 62 105 95 94 76 64 116 125 178 123 177 116 76 65 116 160 0 124 95 115 105 94 160 149 136 136 69 97 116 102 97 96 146 103 95 126 75 97 113 165 97 115 160 136 97
168 98 118 155 77 136 96 144 144 140 96 114 84 120 168 166 72 64 151 74 98 124 159 77 100 132 66 114 129 66 98 114 139 168 72 136 129 99 170 77 98 66 114 155 129 77 159 144 62 146 140 137 118 170 65 119 62 0 168 60 166 140 136 0 92 136 66 144 65 161 82 82 149 61 99 80 124 124 78 66 170 135 118 64 77 83 159 161 140 65 144 140 80 166 65 119 159 114 83 146 161 161 80 74 168 72 119 114 155 61 64 149 120 65 118 74 149 61 137 149 80 124 0 114 170 119 161 80 60 78 78 146 161 149 168 161 151 136 100 114 97 84 161 129 144 161 170 80 78 161
117 130 106 105 177 71 173 122 139 121 173 0 152 141 84 172 65 134 60 128 130 95 99 177 70 73 96 0 133 115 130 0 158 117 65 71 133 98 87 177 130 115 0 105 133 177 99 139 89 101 121 95 106 87 105 102 89 114 84 140 172 121 71 114 175 71 96 139 105 166 146 146 146 88 98 107 95 95 178 115 87 104 106 134 177 178 99 166 121 105 139 121 107 172 105 102 99 0 178 101 161 161 107 128 117 65 102 0 104 88 134 146 141 105 106 128 146 88 95 146 107 95 114 0 87 102 161 107 140 178 178 101 166 146 84 166 60 71 70 0 94 152 166 133 122 166 87 107 178 166
92 109 72 134 131 60 125 105 154 154 125 87 63 125 94 123 177 162 106 67 109 115 163 131 102 60 102 87 95 153 109 87 171 92 177 60 95 127 0 131 109 153 87 134 95 131 163 154 158 174 154 93 72 0 153 89 158 170 94 115 123 154 60 170 169 60 102 154 153 173 68 68 142 84 127 152 115 115 68 153 0 85 72 162 131 65 163 173 154 153 154 154 152 123 153 89 163 87 65 174 164 164 152 67 92 177 89 87 176 84 162 142 125 153 72 67 142 84 93 142 152 115 170 87 0 89 164 152 115 68 68 174 173 142 94 173 106 60 102 87 108 63 173 95 105 173 0 152 68 173
86 73 90 139 63 100 60 73 171 81 60 102 167 64 174 125 79 69 159 81 73 105 88 63 106 122 98 102 124 96 73 102 165 86 79 100 124 165 89 63 73 96 102 139 124 63 88 171 148 78 81 161 90 89 113 0 148 119 174 169 125 81 100 119 63 100 98 171 113 97 121 121 64 171 165 135 105 105 146 96 89 153 90 69 63 163 88 97 81 113 171 81 135 125 113 0 88 102 163 78 117 117 135 81 86 79 0 102 178 171 69 64 64 113 90 81 64 171 161 64 135 105 119 102 89 0 117 135 169 146 146 78 97 64 174 97 159 100 106 102 152 167 97 124 73 97 89 135 146 97
80 138 171 86 90 97 69 130 114 138 69 161 146 159 78 121 131 60 147 143 138 94 144 90 81 151 152 161 108 163 138 161 114 80 131 97 108 171 164 90 138 163 161 86 108 90 144 114 112 73 138 125 171 164 81 117 112 161 78 67 121 138 97 161 123 97 152 114 81 90 149 149 103 144 171 172 94 94 117 163 164 71 171 60 90 137 144 90 138 81 114 138 172 121 81 117 144 161 137 73 0 0 172 143 80 131 117 161 86 144 60 103 159 81 171 143 103 144 125 103 172 94 161 161 164 117 0 172 67 117 117 73 90 103 78 90 147 97 81 161 159 146 90 108 130 90 164 172 117 90
73 157 159 97 148 86 169 79 74 99 169 107 169 155 133 80 156 93 173 175 157 160 76 148 178 101 168 107 117 89 157 107 76 73 156 86 117 177 152 148 157 89 107 97 117 148 76 74 103 78 99 156 159 152 151 135 103 80 133 72 80 99 86 80 60 86 168 74 151 125 106 106 167 120 177 0 160 160 123 89 152 159 159 93 148 103 76 125 99 151 74 99 0 80 151 135 76 107 103 78 172 172 0 175 73 156 135 107 147 120 93 167 155 151 159 175 167 120 156 167 0 160 80 107 152 135 172 0 72 123 123 78 125 167 133 125 173 86 178 107 82 169 125 117 79 125 152 0 123 125
72 122 149 108 85 63 122 127 124 117 122 140 104 151 123 166 148 120 98 114 122 149 68 85 99 172 95 140 110 158 122 140 73 72 148 63 110 93 115 85 122 158 140 108 110 85 68 124 156 117 117 133 149 115 111 169 156 60 123 0 166 117 63 60 157 63 95 124 111 61 113 113 177 134 93 72 149 149 177 158 115 146 149 120 85 160 68 61 117 111 124 117 72 166 111 169 68 140 160 117 67 67 72 114 72 148 169 140 102 134 120 177 151 111 149 114 177 134 133 177 72 149 60 140 115 169 67 72 0 177 177 117 61 177 123 61 98 63 99 140 132 104 61 110 127 61 115 72 177 61
174 138 174 108 128 149 120 165 171 106 120 178 123 86 103 76 85 146 151 69 138 136 92 128 84 61 141 178 140 145 138 178 69 174 85 149 140 69 68 128 138 145 178 108 140 128 92 171 151 103 106 82 174 68 118 146 151 78 103 177 76 106 149 78 118 149 141 171 118 178 139 139 65 108 69 123 136 136 0 145 68 158 174 146 128 68 92 178 106 118 171 106 123 76 118 146 92 178 68 103 117 117 123 69 174 85 146 178 147 108 146 65 86 118 174 69 65 108 82 65 123 136 78 178 68 146 117 123 177 0 0 103 178 65 103 178 151 149 84 178 91 123 178 140 165 178 68 123 0 178
174 138 174 108 128 149 120 165 171 106 120 178 123 86 103 76 85 146 151 69 138 136 92 128 84 61 141 178 140 145 138 178 69 174 85 149 140 69 68 128 138 145 178 108 140 128 92 171 151 103 106 82 174 68 118 146 151 78 103 177 76 106 149 78 118 149 141 171 118 178 139 139 65 108 69 123 136 136 0 145 68 158 174 146 128 68 92 178 106 118 171 106 123 76 118 146 92 178 68 103 117 117 123 69 174 85 146 178 147 108 146 65 86 118 174 69 65 108 82 65 123 136 78 178 68 146 117 123 177 0 0 103 178 65 103 178 151 149 84 178 91 123 178 140 165 178 68 123 0 178
70 83 135 173 151 78 103 139 99 77 103 101 63 164 72 62 165 132 110 75 83 69 97 151 144 123 100 101 125 114 83 101 162 70 165 78 125 160 174 151 83 114 101 173 125 151 97 99 87 0 77 78 135 174 146 78 87 146 72 117 62 77 78 146 98 78 100 99 146 172 116 116 120 142 160 78 69 69 103 114 174 85 135 132 151 152 97 172 77 146 99 77 78 62 146 78 97 101 152 0 73 73 78 75 70 165 78 101 129 142 132 120 164 146 135 75 120 142 78 120 78 69 146 101 174 78 73 78 117 103 103 0 172 120 72 172 110 78 144 101 171 63 172 125 139 172 174 78 103 172
126 164 170 176 95 140 83 145 133 136 83 166 85 98 169 94 81 142 169 157 164 97 165 95 101 84 169 166 95 80 164 166 154 126 81 140 95 127 173 95 164 80 166 176 95 95 165 133 163 172 136 179 170 173 88 97 163 161 169 61 94 136 140 161 65 140 169 133 88 0 107 107 102 176 127 125 97 97 178 80 173 137 170 142 95 122 165 0 136 88 133 136 125 94 88 97 165 166 122 172 90 90 125 157 126 81 97 166 95 176 142 102 98 88 170 157 102 176 179 102 125 97 161 166 173 97 90 125 61 178 178 172 0 102 169 0 169 140 101 166 110 85 0 95 145 0 173 125 178 0
126 78 158 64 137 176 105 173 133 93 105 146 70 71 169 101 158 105 155 65 78 116 150 137 113 87 168 146 64 96 78 146 128 126 158 176 64 69 142 137 78 96 146 64 64 137 150 133 100 120 93 172 158 142 109 64 100 149 169 177 101 93 176 149 91 176 168 133 109 102 97 97 0 70 69 167 116 116 65 96 142 78 158 105 137 146 150 102 93 109 133 93 167 101 109 64 150 146 146 120 103 103 167 65 126 158 64 146 117 70 105 0 71 109 158 65 0 70 172 0 167 116 149 146 142 64 103 167 177 65 65 120 102 0 169 102 155 176 113 146 88 70 102 64 173 102 142 167 65 102
126 71 81 79 81 85 157 82 130 133 157 84 175 119 0 113 162 144 91 74 71 102 140 81 88 127 137 84 104 158 71 84 149 126 162 85 104 80 94 81 71 158 84 79 104 81 140 130 107 72 133 92 81 94 164 174 107 168 0 123 113 133 85 168 114 85 137 130 164 169 132 132 169 179 80 133 102 102 103 158 94 92 81 144 81 132 140 169 133 164 130 133 133 113 164 174 140 84 132 72 78 78 133 74 126 162 174 84 63 179 144 169 119 164 81 74 169 179 92 169 133 102 168 84 94 174 78 133 123 103 103 72 169 169 0 169 91 85 88 84 72 175 169 104 82 169 94 133 103 169
126 164 170 176 95 140 83 145 133 136 83 166 85 98 169 94 81 142 169 157 164 97 165 95 101 84 169 166 95 80 164 166 154 126 81 140 95 127 173 95 164 80 166 176 95 95 165 133 163 172 136 179 170 173 88 97 163 161 169 61 94 136 140 161 65 140 169 133 88 0 107 107 102 176 127 125 97 97 178 80 173 137 170 142 95 122 165 0 136 88 133 136 125 94 88 97 165 166 122 172 90 90 125 157 126 81 97 166 95 176 142 102 98 88 170 157 102 176 179 102 125 97 161 166 173 97 90 125 61 178 178 172 0 102 169 0 169 140 101 166 110 85 0 95 145 0 173 125 178 0
90 72 138 139 70 142 179 151 147 152 179 60 178 160 91 138 158 67 0 166 72 96 129 70 139 88 138 60 60 85 72 60 119 90 158 142 60 104 106 70 72 85 60 139 60 70 129 147 137 110 152 66 138 106 75 159 137 151 91 98 138 152 142 151 91 142 138 147 75 169 171 171 155 104 104 173 96 96 151 85 106 113 138 67 70 151 129 169 152 75 147 152 173 138 75 159 129 60 151 110 147 147 173 166 90 158 159 60 145 104 67 155 160 75 138 166 155 104 66 155 173 96 151 60 106 159 147 173 98 151 151 110 169 155 91 169 0 142 139 60 139 178 169 60 151 169 106 173 151 169
105 61 80 94 140 0 105 67 100 140 105 71 160 129 85 158 106 134 142 115 61 146 109 140 156 168 130 71 164 156 61 71 110 105 106 0 164 109 60 140 61 156 71 94 164 140 109 100 98 78 140 129 80 60 143 100 98 136 85 63 158 140 0 136 76 0 130 100 143 140 119 119 176 133 109 86 146 146 149 156 60 164 80 134 140 72 109 140 140 143 100 140 86 158 143 100 109 71 72 78 97 97 86 115 105 106 100 71 162 133 134 176 129 143 80 115 176 133 129 176 86 146 136 71 60 100 97 86 63 149 149 78 140 176 85 140 142 0 156 71 127 160 140 164 67 140 60 86 149 140
164 85 117 145 110 156 87 152 169 92 87 70 94 109 88 97 98 157 139 173 85 103 164 110 0 149 139 70 80 73 85 70 163 164 98 156 80 91 102 110 85 73 70 145 80 110 164 169 107 144 92 178 117 102 173 106 107 100 88 99 97 92 156 100 111 156 139 169 173 101 175 175 113 120 91 178 103 103 84 73 102 75 117 157 110 74 164 101 92 173 169 92 178 97 173 106 164 70 74 144 81 81 178 173 164 98 106 70 152 120 157 113 109 173 117 173 113 120 178 113 178 103 100 70 102 106 81 178 99 84 84 144 101 113 88 101 139 156 0 70 114 94 101 80 152 101 102 178 84 101
117 130 106 105 177 71 173 122 139 121 173 0 152 141 84 172 65 134 60 128 130 95 99 177 70 73 96 0 133 115 130 0 158 117 65 71 133 98 87 177 130 115 0 105 133 177 99 139 89 101 121 95 106 87 105 102 89 114 84 140 172 121 71 114 175 71 96 139 105 166 146 146 146 88 98 107 95 95 178 115 87 104 106 134 177 178 99 166 121 105 139 121 107 172 105 102 99 0 178 101 161 161 107 128 117 65 102 0 104 88 134 146 141 105 106 128 146 88 95 146 107 95 114 0 87 102 161 107 140 178 178 101 166 146 84 166 60 71 70 0 94 152 166 133 122 166 87 107 178 166
138 149 168 161 165 127 65 142 146 89 65 94 82 78 72 125 87 159 139 175 149 126 102 165 114 161 117 94 79 143 149 94 134 138 87 127 79 131 108 165 149 143 94 161 79 165 102 146 66 171 89 82 168 108 114 152 66 97 72 132 125 89 127 97 114 127 117 146 114 110 120 120 88 133 131 82 126 126 91 143 108 161 168 159 165 175 102 110 89 114 146 89 82 125 114 152 102 94 175 171 159 159 82 175 138 87 152 94 134 133 159 88 78 114 168 175 88 133 82 88 82 126 97 94 108 152 159 82 132 91 91 171 110 88 72 110 139 127 114 94 0 82 110 79 142 110 108 82 91 110
62 66 176 66 173 160 123 114 100 71 123 152 0 104 175 144 135 103 178 104 66 75 108 173 94 124 136 152 158 80 66 152 176 62 135 160 158 147 63 173 66 80 152 66 158 173 108 100 144 63 71 151 176 63 73 167 144 84 175 104 144 71 160 84 175 160 136 100 73 85 98 98 70 137 147 169 75 75 123 80 63 83 176 103 173 89 108 85 71 73 100 71 169 144 73 167 108 152 89 63 146 146 169 104 62 135 167 152 108 137 103 70 104 73 176 104 70 137 151 70 169 75 84 152 63 167 146 169 104 123 123 63 85 70 175 85 178 160 94 152 82 0 85 158 114 85 63 169 123 85
126 164 170 176 95 140 83 145 133 136 83 166 85 98 169 94 81 142 169 157 164 97 165 95 101 84 169 166 95 80 164 166 154 126 81 140 95 127 173 95 164 80 166 176 95 95 165 133 163 172 136 179 170 173 88 97 163 161 169 61 94 136 140 161 65 140 169 133 88 0 107 107 102 176 127 125 97 97 178 80 173 137 170 142 95 122 165 0 136 88 133 136 125 94 88 97 165 166 122 172 90 90 125 157 126 81 97 166 95 176 142 102 98 88 170 157 102 176 179 102 125 97 161 166 173 97 90 125 61 178 178 172 0 102 169 0 169 140 101 166 110 85 0 95 145 0 173 125 178 0
96 69 139 80 146 164 156 171 170 64 156 133 158 69 104 78 62 72 60 150 69 113 152 146 80 94 107 133 0 147 69 133 103 96 62 164 0 161 95 146 69 147 133 80 0 146 152 170 168 125 64 60 139 95 78 124 168 129 104 110 78 64 164 129 86 164 107 170 78 95 96 96 64 140 161 117 113 113 140 147 95 158 139 72 146 155 152 95 64 78 170 64 117 78 78 124 152 133 155 125 108 108 117 150 96 62 124 133 109 140 72 64 69 78 139 150 64 140 60 64 117 113 129 133 95 124 108 117 110 140 140 125 95 64 104 95 60 164 80 133 79 158 95 0 171 95 95 117 140 95
92 76 169 95 74 67 127 0 161 75 127 122 114 174 82 178 151 141 151 140 76 165 85 74 152 146 111 122 171 79 76 122 136 92 151 67 171 116 105 74 76 79 122 95 171 74 85 161 81 139 75 71 169 105 160 73 81 144 82 127 178 75 67 144 95 67 111 161 160 145 177 177 173 163 116 79 165 165 165 79 105 76 169 141 74 132 85 145 75 160 161 75 79 178 160 73 85 122 132 139 130 130 79 140 92 151 73 122 133 163 141 173 174 160 169 140 173 163 71 173 79 165 144 122 105 73 130 79 127 165 165 139 145 173 82 145 151 67 152 122 142 114 145 171 0 145 105 79 165 145
126 164 170 176 95 140 83 145 133 136 83 166 85 98 169 94 81 142 169 157 164 97 165 95 101 84 169 166 95 80 164 166 154 126 81 140 95 127 173 95 164 80 166 176 95 95 165 133 163 172 136 179 170 173 88 97 163 161 169 61 94 136 140 161 65 140 169 133 88 0 107 107 102 176 127 125 97 97 178 80 173 137 170 142 95 122 165 0 136 88 133 136 125 94 88 97 165 166 122 172 90 90 125 157 126 81 97 166 95 176 142 102 98 88 170 157 102 176 179 102 125 97 161 166 173 97 90 125 61 178 178 172 0 102 169 0 169 140 101 166 110 85 0 95 145 0 173 125 178 0
92 109 72 134 131 60 125 105 154 154 125 87 63 125 94 123 177 162 106 67 109 115 163 131 102 60 102 87 95 153 109 87 171 92 177 60 95 127 0 131 109 153 87 134 95 131 163 154 158 174 154 93 72 0 153 89 158 170 94 115 123 154 60 170 169 60 102 154 153 173 68 68 142 84 127 152 115 115 68 153 0 85 72 162 131 65 163 173 154 153 154 154 152 123 153 89 163 87 65 174 164 164 152 67 92 177 89 87 176 84 162 142 125 153 72 67 142 84 93 142 152 115 170 87 0 89 164 152 115 68 68 174 173 142 94 173 106 60 102 87 108 63 173 95 105 173 0 152 68 173
73 157 159 97 148 86 169 79 74 99 169 107 169 155 133 80 156 93 173 175 157 160 76 148 178 101 168 107 117 89 157 107 76 73 156 86 117 177 152 148 157 89 107 97 117 148 76 74 103 78 99 156 159 152 151 135 103 80 133 72 80 99 86 80 60 86 168 74 151 125 106 106 167 120 177 0 160 160 123 89 152 159 159 93 148 103 76 125 99 151 74 99 0 80 151 135 76 107 103 78 172 172 0 175 73 156 135 107 147 120 93 167 155 151 159 175 167 120 156 167 0 160 80 107 152 135 172 0 72 123 123 78 125 167 133 125 173 86 178 107 82 169 125 117 79 125 152 0 123 125
174 138 174 108 128 149 120 165 171 106 120 178 123 86 103 76 85 146 151 69 138 136 92 128 84 61 141 178 140 145 138 178 69 174 85 149 140 69 68 128 138 145 178 108 140 128 92 171 151 103 106 82 174 68 118 146 151 78 103 177 76 106 149 78 118 149 141 171 118 178 139 139 65 108 69 123 136 136 0 145 68 158 174 146 128 68 92 178 106 118 171 106 123 76 118 146 92 178 68 103 117 117 123 69 174 85 146 178 147 108 146 65 86 118 174 69 65 108 82 65 123 136 78 178 68 146 117 123 177 0 0 103 178 65 103 178 151 149 84 178 91 123 178 140 165 178 68 123 0 178
126 164 170 176 95 140 83 145 133 136 83 166 85 98 169 94 81 142 169 157 164 97 165 95 101 84 169 166 95 80 164 166 154 126 81 140 95 127 173 95 164 80 166 176 95 95 165 133 163 172 136 179 170 173 88 97 163 161 169 61 94 136 140 161 65 140 169 133 88 0 107 107 102 176 127 125 97 97 178 80 173 137 170 142 95 122 165 0 136 88 133 136 125 94 88 97 165 166 122 172 90 90 125 157 126 81 97 166 95 176 142 102 98 88 170 157 102 176 179 102 125 97 161 166 173 97 90 125 61 178 178 172 0 102 169 0 169 140 101 166 110 85 0 95 145 0 173 125 178 0
