50
367 953
829 1172
544 1652
736 2627
723 3279
869 3633
823 4241
669 5223
981 6152
472 6623
491 7575
543 7892
735 8630
706 9439
970 10069
333 10277
787 10922
813 11221
871 12173
225 13172
717 13511
615 14441
920 15398
919 16104
417 16414
505 16717
741 17650
300 18147
806 18965
685 19964
877 20742
396 21009
270 21516
225 21999
572 22277
406 22692
747 23333
375 23969
337 24509
483 24871
563 25175
276 25705
665 26100
568 26999
316 27553
221 27779
970 28354
911 29037
352 29771
562 30127
0 79 147 149 147 172 138 147 147 171 178 171 172 147 107 171 171 72 171 76 172 172 138 178 172 77 149 76 0 79 147 72 147 0 147 0 107 147 149 171 147 120 77 0 120 77 147 151 120 138
79 0 117 62 117 77 71 117 117 70 170 70 77 78 95 70 70 79 70 144 77 77 71 170 77 152 62 144 79 0 78 79 138 79 78 79 95 117 62 70 78 175 152 79 175 152 117 176 175 71
147 117 0 160 0 120 106 0 0 97 95 97 120 166 95 97 97 163 97 94 120 120 106 95 120 95 160 94 147 117 166 163 65 147 166 147 95 0 160 97 166 123 95 147 123 95 0 144 123 106
149 62 160 0 160 171 109 160 160 116 72 116 171 116 173 116 116 75 116 115 171 171 109 72 171 89 0 115 149 62 116 75 138 149 116 149 173 160 0 116 116 99 89 149 99 89 160 160 99 109
147 117 0 160 0 120 106 0 0 97 95 97 120 166 95 97 97 163 97 94 120 120 106 95 120 95 160 94 147 117 166 163 65 147 166 147 95 0 160 97 166 123 95 147 123 95 0 144 123 106
172 77 120 171 120 0 179 120 120 118 128 118 0 132 106 118 118 151 118 79 0 0 179 128 0 118 171 79 172 77 132 151 142 172 132 172 106 120 171 118 132 147 118 172 147 118 120 120 147 179
138 71 106 109 106 179 0 106 106 76 113 76 179 168 114 76 76 171 76 97 179 179 0 113 179 176 109 97 138 71 168 171 153 138 168 138 114 106 109 76 168 105 176 138 105 176 106 125 105 0
147 117 0 160 0 120 106 0 0 97 95 97 120 166 95 97 97 163 97 94 120 120 106 95 120 95 160 94 147 117 166 163 65 147 166 147 95 0 160 97 166 123 95 147 123 95 0 144 123 106
147 117 0 160 0 120 106 0 0 97 95 97 120 166 95 97 97 163 97 94 120 120 106 95 120 95 160 94 147 117 166 163 65 147 166 147 95 0 160 97 166 123 95 147 123 95 0 144 123 106
171 70 97 116 97 118 76 97 97 0 81 0 118 87 107 0 0 139 0 131 118 118 76 81 118 121 116 131 171 70 87 139 133 171 87 171 107 97 116 0 87 63 121 171 63 121 97 145 63 76
178 170 95 72 95 128 113 95 95 81 0 81 128 104 140 81 81 62 81 173 128 128 113 0 128 118 72 173 178 170 104 62 67 178 104 178 140 95 72 81 104 151 118 178 151 118 95 64 151 113
171 70 97 116 97 118 76 97 97 0 81 0 118 87 107 0 0 139 0 131 118 118 76 81 118 121 116 131 171 70 87 139 133 171 87 171 107 97 116 0 87 63 121 171 63 121 97 145 63 76
172 77 120 171 120 0 179 120 120 118 128 118 0 132 106 118 118 151 118 79 0 0 179 128 0 118 171 79 172 77 132 151 142 172 132 172 106 120 171 118 132 147 118 172 147 118 120 120 147 179
147 78 166 116 166 132 168 166 166 87 104 87 132 0 149 87 87 98 87 142 132 132 168 104 132 122 116 142 147 78 0 98 90 147 0 147 149 166 116 87 0 179 122 147 179 122 166 163 179 168
107 95 95 173 95 106 114 95 95 107 140 107 106 149 0 107 107 150 107 136 106 106 114 140 106 117 173 136 107 95 149 150 133 107 149 107 0 95 173 107 149 68 117 107 68 117 95 109 68 114
171 70 97 116 97 118 76 97 97 0 81 0 118 87 107 0 0 139 0 131 118 118 76 81 118 121 116 131 171 70 87 139 133 171 87 171 107 97 116 0 87 63 121 171 63 121 97 145 63 76
171 70 97 116 97 118 76 97 97 0 81 0 118 87 107 0 0 139 0 131 118 118 76 81 118 121 116 131 171 70 87 139 133 171 87 171 107 97 116 0 87 63 121 171 63 121 97 145 63 76
72 79 163 75 163 151 171 163 163 139 62 139 151 98 150 139 139 0 139 66 151 151 171 62 151 108 75 66 72 79 98 0 67 72 98 72 150 163 75 139 98 139 108 72 139 108 163 150 139 171
171 70 97 116 97 118 76 97 97 0 81 0 118 87 107 0 0 139 0 131 118 118 76 81 118 121 116 131 171 70 87 139 133 171 87 171 107 97 116 0 87 63 121 171 63 121 97 145 63 76
76 144 94 115 94 79 97 94 94 131 173 131 79 142 136 131 131 66 131 0 79 79 97 173 79 160 115 0 76 144 142 66 173 76 142 76 136 94 115 131 142 137 160 76 137 160 94 155 137 97
172 77 120 171 120 0 179 120 120 118 128 118 0 132 106 118 118 151 118 79 0 0 179 128 0 118 171 79 172 77 132 151 142 172 132 172 106 120 171 118 132 147 118 172 147 118 120 120 147 179
172 77 120 171 120 0 179 120 120 118 128 118 0 132 106 118 118 151 118 79 0 0 179 128 0 118 171 79 172 77 132 151 142 172 132 172 106 120 171 118 132 147 118 172 147 118 120 120 147 179
138 71 106 109 106 179 0 106 106 76 113 76 179 168 114 76 76 171 76 97 179 179 0 113 179 176 109 97 138 71 168 171 153 138 168 138 114 106 109 76 168 105 176 138 105 176 106 125 105 0
178 170 95 72 95 128 113 95 95 81 0 81 128 104 140 81 81 62 81 173 128 128 113 0 128 118 72 173 178 170 104 62 67 178 104 178 140 95 72 81 104 151 118 178 151 118 95 64 151 113
172 77 120 171 120 0 179 120 120 118 128 118 0 132 106 118 118 151 118 79 0 0 179 128 0 118 171 79 172 77 132 151 142 172 132 172 106 120 171 118 132 147 118 172 147 118 120 120 147 179
77 152 95 89 95 118 176 95 95 121 118 121 118 122 117 121 121 108 121 160 118 118 176 118 118 0 89 160 77 152 122 108 73 77 122 77 117 95 89 121 122 165 0 77 165 0 95 128 165 176
149 62 160 0 160 171 109 160 160 116 72 116 171 116 173 116 116 75 116 115 171 171 109 72 171 89 0 115 149 62 116 75 138 149 116 149 173 160 0 116 116 99 89 149 99 89 160 160 99 109
76 144 94 115 94 79 97 94 94 131 173 131 79 142 136 131 131 66 131 0 79 79 97 173 79 160 115 0 76 144 142 66 173 76 142 76 136 94 115 131 142 137 160 76 137 160 94 155 137 97
0 79 147 149 147 172 138 147 147 171 178 171 172 147 107 171 171 72 171 76 172 172 138 178 172 77 149 76 0 79 147 72 147 0 147 0 107 147 149 171 147 120 77 0 120 77 147 151 120 138
79 0 117 62 117 77 71 117 117 70 170 70 77 78 95 70 70 79 70 144 77 77 71 170 77 152 62 144 79 0 78 79 138 79 78 79 95 117 62 70 78 175 152 79 175 152 117 176 175 71
147 78 166 116 166 132 168 166 166 87 104 87 132 0 149 87 87 98 87 142 132 132 168 104 132 122 116 142 147 78 0 98 90 147 0 147 149 166 116 87 0 179 122 147 179 122 166 163 179 168
72 79 163 75 163 151 171 163 163 139 62 139 151 98 150 139 139 0 139 66 151 151 171 62 151 108 75 66 72 79 98 0 67 72 98 72 150 163 75 139 98 139 108 72 139 108 163 150 139 171
147 138 65 138 65 142 153 65 65 133 67 133 142 90 133 133 133 67 133 173 142 142 153 67 142 73 138 173 147 138 90 67 0 147 90 147 133 65 138 133 90 90 73 147 90 73 65 149 90 153
0 79 147 149 147 172 138 147 147 171 178 171 172 147 107 171 171 72 171 76 172 172 138 178 172 77 149 76 0 79 147 72 147 0 147 0 107 147 149 171 147 120 77 0 120 77 147 151 120 138
147 78 166 116 166 132 168 166 166 87 104 87 132 0 149 87 87 98 87 142 132 132 168 104 132 122 116 142 147 78 0 98 90 147 0 147 149 166 116 87 0 179 122 147 179 122 166 163 179 168
0 79 147 149 147 172 138 147 147 171 178 171 172 147 107 171 171 72 171 76 172 172 138 178 172 77 149 76 0 79 147 72 147 0 147 0 107 147 149 171 147 120 77 0 120 77 147 151 120 138
107 95 95 173 95 106 114 95 95 107 140 107 106 149 0 107 107 150 107 136 106 106 114 140 106 117 173 136 107 95 149 150 133 107 149 107 0 95 173 107 149 68 117 107 68 117 95 109 68 114
147 117 0 160 0 120 106 0 0 97 95 97 120 166 95 97 97 163 97 94 120 120 106 95 120 95 160 94 147 117 166 163 65 147 166 147 95 0 160 97 166 123 95 147 123 95 0 144 123 106
149 62 160 0 160 171 109 160 160 116 72 116 171 116 173 116 116 75 116 115 171 171 109 72 171 89 0 115 149 62 116 75 138 149 116 149 173 160 0 116 116 99 89 149 99 89 160 160 99 109
171 70 97 116 97 118 76 97 97 0 81 0 118 87 107 0 0 139 0 131 118 118 76 81 118 121 116 131 171 70 87 139 133 171 87 171 107 97 116 0 87 63 121 171 63 121 97 145 63 76
147 78 166 116 166 132 168 166 166 87 104 87 132 0 149 87 87 98 87 142 132 132 168 104 132 122 116 142 147 78 0 98 90 147 0 147 149 166 116 87 0 179 122 147 179 122 166 163 179 168
120 175 123 99 123 147 105 123 123 63 151 63 147 179 68 63 63 139 63 137 147 147 105 151 147 165 99 137 120 175 179 139 90 120 179 120 68 123 99 63 179 0 165 120 0 165 123 112 0 105
77 152 95 89 95 118 176 95 95 121 118 121 118 122 117 121 121 108 121 160 118 118 176 118 118 0 89 160 77 152 122 108 73 77 122 77 117 95 89 121 122 165 0 77 165 0 95 128 165 176
0 79 147 149 147 172 138 147 147 171 178 171 172 147 107 171 171 72 171 76 172 172 138 178 172 77 149 76 0 79 147 72 147 0 147 0 107 147 149 171 147 120 77 0 120 77 147 151 120 138
120 175 123 99 123 147 105 123 123 63 151 63 147 179 68 63 63 139 63 137 147 147 105 151 147 165 99 137 120 175 179 139 90 120 179 120 68 123 99 63 179 0 165 120 0 165 123 112 0 105
77 152 95 89 95 118 176 95 95 121 118 121 118 122 117 121 121 108 121 160 118 118 176 118 118 0 89 160 77 152 122 108 73 77 122 77 117 95 89 121 122 165 0 77 165 0 95 128 165 176
147 117 0 160 0 120 106 0 0 97 95 97 120 166 95 97 97 163 97 94 120 120 106 95 120 95 160 94 147 117 166 163 65 147 166 147 95 0 160 97 166 123 95 147 123 95 0 144 123 106
151 176 144 160 144 120 125 144 144 145 64 145 120 163 109 145 145 150 145 155 120 120 125 64 120 128 160 155 151 176 163 150 149 151 163 151 109 144 160 145 163 112 128 151 112 128 144 0 112 125
120 175 123 99 123 147 105 123 123 63 151 63 147 179 68 63 63 139 63 137 147 147 105 151 147 165 99 137 120 175 179 139 90 120 179 120 68 123 99 63 179 0 165 120 0 165 123 112 0 105
138 71 106 109 106 179 0 106 106 76 113 76 179 168 114 76 76 171 76 97 179 179 0 113 179 176 109 97 138 71 168 171 153 138 168 138 114 106 109 76 168 105 176 138 105 176 106 125 105 0
