100
2873 147233
3706 166707
1046 172968
8211 145011
3616 88231
2692 302353
1305 206600
3326 244111
2865 122222
2741 138290
878 34286
1908 135359
651 265558
3220 203082
744 140017
4241 190213
4511 187291
6249 246703
6596 124458
5671 154410
6492 102299
2800 98755
6811 147504
4329 171282
2572 42973
5805 133700
3547 34458
5312 300533
4436 115071
2427 199953
3524 171190
567 171883
5393 141442
1454 196730
2096 67373
4642 232233
3566 108593
2894 257159
7580 157201
5358 277499
1381 138400
7214 151721
871 252736
4617 176260
3579 92561
3557 309719
519 164338
3981 129238
2548 160032
79 131432
1920 199525
4554 296815
3480 47495
4419 177471
13 178760
3067 237368
1719 161363
5539 259914
1795 50494
264 193499
2483 62418
4455 103098
2314 164236
6836 268987
448 169903
658 233107
3379 112103
696 176270
4500 212277
5305 324277
1193 293163
6732 126986
3807 133937
2284 194628
3301 168184
1790 88948
1250 75106
7526 68314
1199 245326
1067 51420
5464 136773
2867 115337
236 148001
3340 85352
4568 263174
5710 228869
2766 198517
3246 164691
5775 130718
1741 64362
79 299385
4655 186430
3921 307044
871 104785
4361 92840
520 150073
571 52619
4667 133605
6627 136350
5534 238788
0 21 629 768 644 165 948 146 509 457 377 810 190 399 93 687 179 25 668 833 881 644 731 535 569 315 395 718 773 409 749 150 423 190 332 216 397 845 24 540 652 726 97 720 192 187 841 926 464 600 550 511 185 682 339 574 977 675 360 855 796 678 34 933 735 263 288 724 776 371 255 529 531 499 430 542 584 166 403 538 186 913 388 215 651 879 548 864 368 8 521 321 426 558 12 461 926 791 595 705
646 0 506 860 454 24 819 64 226 166 318 356 148 400 108 449 626 460 485 670 598 490 515 460 612 806 61 941 352 444 550 855 508 550 555 70 80 434 736 179 768 556 925 598 55 920 56 797 517 478 129 204 757 510 6 969 812 124 13 258 328 984 78 99 828 176 833 382 144 962 336 788 465 48 101 350 314 125 304 891 725 402 725 276 926 777 957 460 780 508 74 561 340 65 217 461 846 649 485 579
448 144 0 736 54 64 506 487 312 814 141 113 179 864 211 882 630 972 232 738 145 866 628 195 478 943 307 531 975 370 155 332 726 594 672 280 548 123 162 455 308 119 329 245 782 189 149 571 633 85 121 973 799 305 316 123 893 162 988 683 573 717 690 851 979 954 32 689 982 274 617 788 296 169 864 633 179 351 864 940 496 266 907 346 687 283 931 938 702 892 514 454 138 376 491 231 215 112 3 987
165 0 4 0 531 621 962 533 730 917 35 651 748 305 677 290 308 721 670 579 542 685 524 472 302 243 274 287 503 31 391 74 204 674 917 517 361 109 889 320 793 504 649 222 523 335 618 725 163 211 108 709 431 655 376 677 720 56 451 633 494 455 403 147 570 984 148 209 500 391 904 130 740 870 683 633 125 485 994 629 456 511 388 748 687 884 990 123 790 455 655 152 495 751 350 829 732 790 54 39
371 62 222 199 0 941 457 715 995 531 558 414 145 396 643 704 197 633 402 886 673 645 737 565 457 50 176 553 98 200 560 583 166 250 873 957 40 1 198 129 196 347 951 70 209 42 794 607 120 958 532 446 42 384 499 591 499 118 847 161 700 79 490 132 160 353 808 443 219 949 822 251 81 918 186 110 991 736 319 454 40 578 471 833 21 220 603 428 6 339 160 12 204 305 327 726 374 121 734 243
625 574 573 347 158 0 351 959 691 437 438 103 388 576 233 700 308 194 48 409 757 705 242 494 90 763 199 122 892 117 484 139 696 746 995 224 66 284 175 445 317 957 909 808 891 539 224 121 522 920 8 767 371 787 816 239 268 304 22 455 175 528 112 795 18 85 274 370 90 925 670 165 0 188 409 85 633 978 953 186 416 81 922 725 931 248 808 342 940 702 588 314 926 121 872 900 587 567 561 550
746 661 349 492 37 876 0 895 211 669 500 885 334 690 15 749 310 696 899 64 22 3 77 783 731 248 544 235 585 584 275 710 656 837 485 267 902 881 374 143 154 276 910 748 808 17 323 669 196 984 632 972 261 173 883 185 320 985 411 246 666 715 227 410 949 757 245 130 344 745 741 632 367 42 330 496 615 228 266 238 650 399 590 152 587 503 146 596 498 727 234 598 877 646 580 418 120 350 476 381
103 571 917 502 187 445 116 0 707 910 850 8 545 656 681 465 770 11 663 421 440 823 864 416 816 178 678 198 888 971 622 893 197 809 904 405 913 990 936 558 80 316 134 7 821 492 651 607 72 474 978 754 626 656 53 623 609 581 837 538 855 642 723 104 468 307 972 451 352 599 377 31 830 699 274 625 805 983 408 374 901 444 958 549 749 808 508 285 819 248 531 779 773 635 862 996 667 406 425 44
741 122 332 176 874 414 790 277 0 467 182 46 397 505 101 561 758 255 701 482 914 815 833 950 564 897 638 704 499 355 32 460 469 363 709 852 619 91 362 113 824 193 176 570 975 846 778 840 240 372 152 770 928 625 524 322 410 682 61 141 72 979 431 537 953 946 331 586 228 606 785 903 310 936 159 252 415 825 754 553 958 676 760 667 451 143 626 183 413 808 252 814 451 877 127 504 64 272 578 968
98 671 936 765 786 363 195 706 854 0 350 901 220 544 431 303 970 497 904 37 444 984 730 543 611 289 59 857 779 543 239 798 600 378 791 975 101 473 572 425 47 604 231 657 435 638 569 414 841 644 896 991 864 398 882 353 580 298 80 685 180 504 87 510 374 238 503 241 453 604 823 5 420 263 968 290 82 343 651 681 219 614 248 722 120 928 357 554 302 928 30 35 517 313 475 98 969 70 598 380
402 346 787 470 484 888 557 166 170 241 0 297 88 392 986 443 894 460 240 201 88 431 296 318 842 453 870 951 151 959 79 41 911 67 839 153 837 533 807 420 718 250 85 513 425 696 39 860 450 88 183 610 462 681 434 931 768 730 971 302 98 565 255 410 417 288 677 732 852 286 224 245 856 369 652 321 166 420 676 933 154 136 806 793 109 159 491 621 691 392 803 788 109 442 260 86 628 96 793 104
688 651 803 330 674 557 482 751 521 362 612 0 861 770 328 554 637 537 640 60 120 197 359 929 782 876 565 52 133 450 104 854 531 920 677 966 124 702 655 359 604 504 68 525 857 471 110 16 278 636 195 626 40 40 117 34 354 588 628 120 589 444 905 853 852 986 142 661 828 865 762 48 184 807 78 841 725 364 712 650 783 84 854 542 674 122 339 737 918 306 8 870 590 649 81 532 111 350 633 269
179 500 182 711 920 786 462 291 660 720 533 568 0 918 575 20 561 517 577 991 694 844 569 319 37 523 447 966 858 242 117 207 190 826 534 245 431 394 121 92 957 968 499 235 125 182 239 968 729 159 202 869 794 93 20 610 890 163 426 579 388 991 333 570 881 363 165 552 126 880 439 280 792 93 160 511 172 821 369 248 355 69 329 699 550 486 850 538 117 551 68 498 936 698 614 923 338 1 364 689
737 381 953 895 257 261 274 312 701 759 138 150 328 0 369 793 468 373 625 388 603 184 227 402 418 437 775 570 154 229 655 254 71 503 438 614 521 310 1 201 359 530 207 735 147 311 340 591 769 971 801 698 427 956 956 474 305 468 229 183 873 682 162 109 163 131 642 417 727 933 42 570 538 499 260 704 154 940 669 129 227 23 970 699 894 603 555 160 754 63 973 800 141 334 385 1 446 974 408 508
931 932 73 993 504 94 644 723 135 751 221 603 448 453 0 411 777 903 626 717 324 51 117 711 64 57 653 46 445 792 789 248 48 762 41 31 462 225 542 483 191 603 409 317 932 720 577 448 54 937 990 846 428 100 289 57 51 781 742 858 298 93 883 66 851 138 726 929 76 344 813 636 447 130 177 366 903 197 443 223 430 831 300 466 709 98 335 541 757 547 533 561 214 981 266 713 937 265 567 227
317 495 886 486 582 264 124 467 621 831 674 482 532 356 137 0 858 465 417 271 591 602 958 825 195 733 717 287 599 122 172 181 347 687 300 549 944 83 505 852 946 760 822 26 100 144 214 515 958 695 294 94 112 192 584 504 298 866 297 2 681 52 377 61 321 940 627 822 699 230 65 705 921 170 993 730 378 230 385 552 491 462 281 473 711 230 800 949 900 601 351 526 384 306 469 681 572 577 992 424
371 223 772 861 524 955 683 987 428 470 256 648 927 128 597 155 0 377 849 214 711 879 410 846 501 549 114 654 723 979 267 514 625 892 826 351 936 179 791 449 335 315 213 569 872 281 503 236 503 349 180 972 446 135 975 490 595 144 40 8 737 124 822 167 253 143 283 932 442 980 836 514 544 418 741 107 888 136 651 194 778 841 434 341 533 166 153 386 889 39 451 252 72 431 356 458 337 364 364 613
59 721 300 488 234 296 274 693 794 185 810 405 60 354 756 628 522 0 62 824 64 406 342 853 273 963 444 935 431 812 288 718 58 189 358 321 797 296 564 886 615 987 350 633 489 288 197 266 887 347 121 267 971 658 674 541 636 642 531 435 622 373 906 673 324 939 158 459 285 613 384 413 308 690 694 706 141 112 983 76 828 781 130 633 545 420 302 455 855 935 39 126 612 676 473 439 747 139 834 248
338 540 518 379 315 373 496 288 628 440 387 779 145 593 260 416 812 429 0 662 348 1 312 532 905 741 777 709 596 728 942 28 884 597 390 48 829 566 311 616 799 538 790 278 920 603 988 974 154 75 853 968 237 219 122 297 274 778 69 717 27 737 460 125 698 901 830 280 140 514 741 392 694 63 565 1 864 319 206 318 127 496 38 406 904 128 489 224 89 478 667 733 152 284 550 554 232 640 512 504
528 767 514 282 869 162 405 587 458 148 284 294 668 625 655 604 9 618 620 0 650 957 150 603 12 283 266 92 895 642 139 463 470 815 817 583 538 783 888 514 272 168 206 812 684 714 429 661 753 59 379 521 609 479 816 841 68 542 42 955 963 861 14 833 253 737 297 777 233 223 816 637 302 461 803 315 17 216 855 666 24 825 701 612 43 839 808 465 449 997 554 835 36 412 395 552 11 445 904 541
512 971 846 262 298 626 890 387 870 776 710 311 401 329 368 508 539 520 304 629 0 782 89 968 25 152 206 868 531 603 6 31 232 535 627 441 381 482 185 71 529 341 308 920 877 573 287 250 359 389 621 670 852 808 262 628 861 738 748 149 932 338 647 771 936 205 424 871 294 222 727 327 647 699 525 938 415 762 22 40 67 879 295 741 204 610 427 695 666 327 74 728 883 865 73 321 336 701 364 46
941 892 594 954 431 594 417 564 235 182 529 280 790 250 294 687 886 430 966 899 636 0 86 636 216 432 330 840 851 208 514 443 688 94 24 957 761 23 227 76 364 498 396 658 441 444 730 106 406 537 591 659 592 53 23 712 956 809 915 218 320 511 923 495 842 527 976 920 164 894 613 377 760 940 868 15 452 931 130 786 141 933 511 750 758 311 751 610 616 33 492 848 602 944 929 752 996 519 935 612
587 409 399 522 38 732 955 652 623 159 339 641 133 263 821 33 929 320 631 519 403 507 0 365 565 438 328 411 862 252 216 718 39 437 659 373 313 664 823 410 239 473 920 574 536 589 202 8 993 833 575 937 543 873 529 900 141 324 150 498 613 964 655 45 149 985 265 763 742 873 23 252 659 241 93 82 858 45 420 173 516 517 407 795 786 152 293 489 417 4 491 729 16 714 931 418 12 986 879 394
218 839 456 60 718 503 872 385 766 829 690 472 71 541 944 621 465 93 500 449 778 104 268 0 361 951 782 987 2 614 770 408 677 942 966 261 906 805 300 115 166 314 174 356 969 209 740 306 995 4 831 527 297 355 227 20 708 575 269 844 454 632 668 183 909 13 985 418 574 110 803 991 986 619 796 173 335 536 367 608 373 522 235 567 572 120 688 605 289 237 946 460 724 120 164 200 649 954 639 206
880 291 856 118 659 23 480 494 663 185 880 509 592 446 880 170 963 834 903 297 735 856 807 734 0 624 824 491 464 823 406 639 119 771 199 575 966 129 982 251 358 610 867 245 779 359 726 607 876 862 192 330 740 20 934 914 245 347 896 917 585 382 746 655 843 726 85 576 479 536 400 853 704 885 304 956 229 921 692 308 129 532 151 814 94 722 718 847 69 851 513 546 452 288 506 725 420 337 888 46
580 716 622 494 27 464 8 742 340 446 289 401 640 686 515 170 305 870 479 106 921 895 335 412 786 0 326 394 99 182 154 555 510 555 949 295 783 778 405 819 771 334 404 249 236 634 703 643 190 87 419 691 156 509 587 0 364 929 188 504 374 213 875 161 250 382 686 927 42 369 509 227 498 60 538 813 702 436 7 716 356 901 233 795 766 498 559 329 153 139 562 41 917 74 258 746 374 213 956 881
22 428 285 388 298 695 571 702 116 529 900 260 385 950 348 83 947 276 370 328 624 273 253 394 561 602 0 882 54 863 328 620 656 900 130 500 681 251 45 540 605 662 96 868 240 583 805 48 239 30 48 56 856 461 824 973 39 604 643 374 618 313 321 971 659 38 167 556 919 841 972 438 811 855 143 344 840 993 682 785 803 943 945 423 881 91 962 980 170 16 544 454 871 106 898 651 915 471 786 491
448 344 942 547 116 331 51 513 312 55 417 562 937 640 903 938 58 668 941 19 559 895 809 272 442 310 42 0 201 338 817 825 469 219 488 967 929 926 764 858 254 72 434 682 387 703 830 909 457 813 821 481 389 42 254 78 727 440 586 132 658 3 43 252 576 675 231 504 244 131 880 534 440 495 339 307 137 881 507 955 728 535 352 350 233 567 633 457 142 331 36 731 270 85 783 565 149 353 108 682
31 307 840 874 694 347 1 209 8 816 910 978 213 546 221 872 881 940 283 665 691 658 439 271 317 614 823 945 0 168 122 704 554 181 693 770 328 996 673 712 106 695 786 899 936 783 493 236 404 173 769 854 768 739 689 40 107 92 251 813 102 390 801 516 61 11 991 587 724 700 913 213 71 305 509 759 590 781 756 38 929 671 747 176 919 29 50 309 547 539 936 767 982 688 765 906 245 296 663 934
680 540 90 305 447 585 299 386 287 732 909 702 585 145 424 956 99 954 82 154 686 86 496 709 283 481 123 464 236 0 238 345 566 978 268 185 388 41 324 390 688 651 735 327 347 866 811 404 76 470 921 374 975 778 961 90 852 579 550 863 817 948 596 623 730 569 930 733 991 368 150 282 761 92 470 738 67 793 674 254 495 500 88 457 864 341 746 500 369 556 872 791 449 481 936 893 379 314 24 883
738 213 331 665 158 756 681 852 378 860 799 905 894 739 334 486 737 464 522 270 54 36 197 63 340 198 771 428 264 958 0 546 554 617 337 174 771 150 473 885 837 532 961 642 371 595 747 330 923 96 448 256 62 393 838 552 915 803 515 57 7 696 431 203 226 108 202 377 376 609 712 406 128 23 193 537 666 361 692 61 452 996 136 296 58 183 274 488 28 966 614 528 115 968 769 197 788 597 21 226
101 767 25 44 244 591 338 307 253 412 439 728 361 974 497 619 630 118 573 444 829 767 29 308 225 718 302 519 598 625 505 0 579 509 847 572 519 244 650 9 639 119 67 596 799 112 921 818 197 571 119 197 929 805 527 921 411 353 183 736 167 878 832 181 515 655 977 120 442 333 234 891 912 778 442 382 225 347 576 789 410 607 567 348 573 759 204 433 45 493 757 173 577 807 978 633 24 715 716 91
728 865 805 381 563 51 183 80 272 178 43 201 471 107 497 581 708 624 800 954 806 311 743 962 580 426 61 272 483 836 474 912 0 816 250 538 284 179 882 478 554 151 598 745 359 181 285 199 892 236 387 915 219 833 325 697 983 106 562 145 674 185 831 81 258 315 896 295 462 182 964 516 966 416 585 473 817 583 873 458 497 118 465 709 554 663 554 674 206 872 350 696 813 410 973 203 168 784 19 545
857 694 468 521 558 14 851 803 490 201 656 628 218 73 299 469 327 222 692 385 460 97 58 833 460 227 158 796 400 752 284 399 163 0 882 88 774 489 268 567 258 939 874 666 633 260 204 282 80 946 388 447 361 31 722 164 419 552 460 356 718 526 489 167 346 83 854 779 186 216 254 700 890 431 623 717 437 593 210 916 789 210 902 353 208 793 593 190 535 618 359 507 83 613 818 299 270 644 989 568
363 966 679 579 50 8 434 825 73 559 264 302 297 216 431 250 586 410 752 369 630 991 408 406 823 533 716 389 817 175 885 488 574 127 0 724 391 718 68 392 467 287 382 487 946 789 731 43 555 923 933 432 863 445 180 98 932 420 611 563 728 256 142 323 324 212 424 509 892 71 395 707 268 536 90 695 127 118 958 748 421 82 935 337 956 417 195 611 675 287 612 435 388 140 262 908 429 623 571 939
717 360 57 132 164 813 770 283 764 120 27 37 58 614 499 262 973 407 144 714 748 605 283 604 980 549 5 756 458 379 753 420 758 556 656 0 104 324 652 11 509 240 61 338 656 911 312 641 287 841 489 662 265 260 873 479 868 977 487 655 194 374 266 176 39 348 325 396 909 70 871 615 906 172 244 441 79 760 469 516 962 950 597 788 750 777 531 194 756 738 140 539 931 615 823 633 373 724 959 58
83 980 771 208 317 23 500 701 873 265 791 911 493 729 662 191 770 84 391 838 488 833 871 678 891 963 862 340 447 822 637 300 927 655 438 826 0 643 384 791 559 969 464 4 492 9 982 986 113 23 997 762 134 658 79 399 255 400 898 995 83 788 519 212 79 314 789 825 345 52 684 144 312 205 984 91 112 948 675 387 288 249 66 570 256 340 558 592 440 918 76 889 283 870 285 992 508 851 629 573
435 791 459 678 932 984 786 502 61 339 605 780 737 64 755 3 303 448 712 426 6 81 954 392 467 404 630 83 649 29 662 1 675 321 678 273 349 0 640 231 811 723 308 742 811 276 120 314 110 499 275 256 885 571 696 875 564 428 316 978 658 193 290 515 209 885 136 395 402 552 846 266 561 58 879 413 441 732 350 276 845 41 944 315 246 351 305 417 701 103 566 692 665 425 594 770 273 264 126 633
789 166 723 725 560 294 518 254 363 691 169 433 164 728 738 785 64 551 586 25 987 172 404 993 521 781 499 823 83 702 283 181 894 157 687 939 906 824 0 153 262 713 172 983 893 699 16 965 805 574 726 708 632 627 696 254 548 558 683 98 352 804 453 527 785 563 453 626 706 226 421 8 920 985 794 174 24 918 834 912 342 113 881 740 220 20 552 807 459 265 583 871 526 719 265 292 529 537 881 214
983 69 100 292 257 874 964 353 342 722 938 284 646 965 787 69 978 296 942 257 239 304 46 49 548 186 276 677 705 19 629 643 751 292 114 848 75 471 653 0 219 819 740 617 351 70 182 254 852 761 3 391 497 652 60 854 951 507 61 573 819 91 762 765 220 801 275 936 590 239 384 911 846 921 941 141 471 908 661 285 673 164 147 361 631 955 103 483 859 475 585 819 983 270 114 429 366 77 623 529
810 413 297 334 483 919 701 616 447 130 792 405 285 519 166 219 510 169 217 794 538 502 975 966 620 242 244 580 193 682 626 735 780 306 467 897 389 306 780 150 0 891 458 825 356 540 805 187 347 970 285 131 850 556 901 165 41 64 647 126 417 820 846 531 276 860 713 348 424 317 638 449 995 334 715 414 427 227 806 94 557 629 731 457 924 867 142 883 281 372 490 238 75 128 375 210 578 271 814 395
437 118 991 375 496 239 749 596 670 496 169 641 963 692 416 947 669 745 35 233 8 559 907 529 871 212 468 241 197 893 546 254 740 381 180 957 452 548 60 612 833 0 209 509 806 424 953 273 825 107 2 333 670 778 486 788 102 435 246 497 849 50 227 227 918 779 692 625 510 882 609 950 89 280 960 320 724 577 54 709 27 451 29 311 783 366 758 653 639 134 923 870 268 18 138 165 343 705 743 458
159 492 314 432 931 420 494 987 888 687 46 333 165 412 377 779 610 645 229 520 137 989 905 851 808 744 222 907 853 894 361 277 92 222 647 3 700 116 216 791 426 87 0 140 229 4 789 368 770 803 259 663 390 351 486 373 760 991 452 868 948 741 381 445 905 223 236 918 684 25 800 791 20 908 519 66 837 199 496 82 723 436 10 825 119 659 914 827 817 173 687 519 472 469 473 90 227 413 834 341
486 918 789 950 903 467 534 513 681 414 888 650 506 651 807 925 738 227 497 234 970 364 62 445 245 323 189 499 844 757 946 634 5 35 9 591 57 353 770 633 708 55 871 0 583 327 118 531 827 42 190 790 469 464 561 364 630 935 828 305 286 731 735 305 200 427 369 817 719 695 554 662 625 350 422 984 44 934 650 8 860 650 242 435 778 558 363 224 973 67 528 950 11 253 198 215 808 450 427 606
263 726 316 444 306 950 48 337 719 109 555 851 118 42 296 0 901 59 380 129 450 898 679 200 305 54 73 484 586 741 370 327 557 147 660 573 19 923 525 584 612 876 303 30 0 462 605 812 950 411 993 769 942 201 572 223 16 810 700 514 48 989 281 556 24 485 631 988 436 517 356 17 779 785 741 291 135 245 879 974 344 631 715 826 678 394 47 771 893 947 407 131 592 696 81 935 886 15 565 580
171 786 200 609 986 355 611 27 589 96 416 541 554 281 514 269 171 598 162 212 383 831 994 321 141 598 491 800 31 893 481 116 81 603 608 692 100 791 743 750 898 667 352 543 861 0 328 381 302 593 309 618 817 741 278 438 930 643 412 458 713 873 170 560 138 922 163 871 146 276 964 915 884 860 134 305 410 40 262 259 205 684 954 305 850 355 768 551 135 398 42 860 62 699 253 146 693 354 896 339
218 878 593 75 399 97 380 951 570 176 708 552 355 672 27 99 720 963 778 857 69 418 801 264 729 90 30 339 452 81 858 927 808 867 606 699 912 987 14 773 952 773 90 641 327 129 0 539 15 911 343 83 659 791 901 155 170 409 858 311 94 639 813 346 721 835 842 840 138 806 164 4 109 870 479 101 243 513 790 416 325 564 639 462 755 63 824 681 928 947 813 762 350 278 729 812 440 765 787 601
612 559 416 397 675 148 459 159 844 16 145 803 154 533 594 674 842 980 538 679 859 978 919 373 722 738 819 529 444 322 741 822 464 889 229 12 582 212 676 208 300 225 357 851 91 923 768 0 820 500 112 926 208 696 768 720 792 152 211 385 790 343 210 387 950 295 751 905 307 500 916 166 640 98 296 325 837 739 987 60 481 857 924 383 433 170 473 569 514 287 245 989 108 800 345 960 579 3 27 640
561 644 280 65 275 464 76 919 283 393 518 785 437 506 742 758 370 249 855 992 265 924 241 496 690 113 958 265 439 754 229 632 429 493 856 313 439 14 689 555 625 15 881 428 744 818 167 82 0 183 922 792 552 249 51 812 78 0 347 333 305 599 770 254 536 713 832 797 15 255 992 345 485 439 84 981 320 352 510 35 583 306 102 641 283 237 195 278 656 511 360 862 122 764 290 909 959 28 789 609
132 867 704 393 744 382 281 593 893 124 536 607 444 901 346 355 132 442 483 24 44 172 932 776 137 535 346 85 554 362 961 319 861 768 607 520 123 408 102 663 607 547 593 498 264 575 633 259 922 0 803 776 676 975 721 778 30 38 758 234 529 770 906 667 602 727 183 441 349 869 388 412 789 442 298 18 214 52 952 934 404 890 65 329 613 753 32 455 937 942 147 334 287 445 363 258 258 813 532 639
357 426 865 490 708 199 589 258 480 553 87 443 409 534 214 757 490 393 355 810 628 281 475 712 845 747 756 919 585 39 296 555 653 427 107 259 431 576 164 100 592 875 729 752 436 535 202 521 779 324 0 962 623 876 768 814 748 173 783 746 308 579 340 285 689 187 303 361 413 368 248 465 791 656 514 717 438 714 332 252 343 247 674 706 301 560 918 29 536 741 490 418 348 92 779 978 588 713 503 193
74 299 496 787 320 339 6 134 424 311 663 296 308 708 302 453 244 290 966 954 968 809 69 700 842 915 554 993 798 602 62 944 7 0 314 992 556 865 543 847 642 767 701 637 255 556 375 588 936 83 260 0 21 703 270 712 453 253 652 275 609 36 693 76 580 350 787 59 349 244 319 6 483 465 137 625 157 931 701 799 175 784 83 823 11 900 466 150 517 966 62 310 563 594 331 315 84 54 382 251
825 495 389 599 798 76 528 905 396 994 339 715 213 351 499 648 596 417 549 417 527 598 98 274 277 541 724 825 935 696 857 802 493 250 430 651 335 504 285 628 977 644 376 470 796 855 668 181 211 250 172 928 0 246 323 643 114 812 839 188 123 290 551 280 685 227 40 771 805 437 514 192 13 236 517 961 106 56 323 270 262 417 294 492 878 610 839 676 24 432 986 171 931 32 425 921 322 38 311 668
125 576 665 95 550 664 395 264 218 72 132 304 578 788 215 98 320 503 190 862 10 923 366 477 761 639 949 100 369 411 619 147 513 684 971 885 913 499 815 97 77 975 44 768 516 564 258 904 235 255 327 70 163 0 172 198 779 912 300 32 970 812 199 207 297 934 873 55 507 386 445 51 393 457 222 872 843 731 35 462 675 521 952 2 57 875 41 855 481 981 885 103 289 406 424 981 617 408 937 788
179 652 0 842 532 783 271 906 28 641 746 275 753 605 326 455 23 301 471 245 567 212 67 662 430 515 69 262 916 351 603 863 587 206 940 703 333 795 638 657 314 573 236 501 43 869 607 486 594 304 443 984 716 615 0 823 735 958 503 37 412 980 456 313 146 383 38 97 688 119 811 671 11 668 153 188 462 647 395 84 380 720 90 32 933 500 926 949 952 997 324 899 193 945 263 525 516 401 952 698
966 520 203 590 625 105 535 30 698 213 103 978 73 499 167 729 151 801 324 166 136 2 819 252 414 540 248 933 211 8 704 980 714 199 909 714 247 430 860 969 450 44 391 592 937 211 145 917 350 536 62 729 923 526 252 0 976 680 138 554 933 645 193 977 297 729 2 934 257 716 626 37 540 756 287 63 961 517 587 736 260 195 464 753 488 873 271 44 957 938 825 220 214 353 320 507 508 728 940 937
283 627 482 936 24 532 648 956 732 456 77 813 383 781 309 69 161 519 676 585 479 813 228 204 554 943 123 393 335 658 235 939 356 777 445 964 513 989 436 504 13 686 730 176 232 378 882 621 307 881 660 171 112 328 90 3 0 456 356 109 113 212 975 851 191 693 797 555 892 543 792 130 759 193 475 800 495 0 937 455 832 207 929 407 276 870 815 254 157 845 832 649 555 635 432 9 576 465 864 376
971 725 168 574 887 827 33 365 965 85 26 175 758 767 480 838 213 398 430 693 397 352 623 109 841 196 461 523 465 435 676 488 699 603 136 84 467 164 732 539 196 885 879 400 340 242 312 770 517 555 336 328 596 512 770 856 73 0 69 97 465 173 198 237 977 213 181 951 248 237 545 434 298 536 791 408 897 457 908 757 413 307 725 535 871 471 702 242 509 839 897 653 50 69 178 899 142 336 621 283
923 619 984 931 198 470 528 79 763 729 235 545 264 390 429 274 455 790 691 109 458 810 497 214 628 220 778 2 144 348 414 886 550 607 230 38 713 856 313 515 165 218 439 454 546 512 535 980 872 996 175 873 89 69 20 249 180 920 0 728 619 502 244 44 301 337 154 789 791 312 350 307 245 102 720 354 62 566 943 971 151 602 155 316 291 895 751 437 692 441 295 40 553 868 596 972 255 401 255 993
980 853 329 633 543 439 731 272 875 979 281 494 905 153 550 356 763 841 35 678 853 542 703 981 967 646 325 161 311 177 70 683 940 175 155 465 88 364 307 859 544 983 350 759 910 204 945 633 951 339 419 986 649 806 186 551 476 600 699 0 324 420 348 165 320 753 611 348 74 63 79 776 539 244 160 502 474 977 166 121 954 612 762 777 620 717 669 792 767 642 421 872 796 621 254 776 822 372 583 388
416 60 946 314 84 501 260 650 580 907 952 261 849 431 796 965 38 926 148 635 339 429 813 546 830 667 979 112 636 529 480 57 854 511 927 164 189 778 654 885 759 154 92 40 292 100 862 495 632 11 430 27 65 391 430 13 478 971 268 417 0 821 13 257 644 969 358 423 982 367 202 671 46 725 536 383 779 35 973 602 680 419 987 307 127 440 396 90 645 772 340 911 711 990 771 293 566 857 229 572
241 834 620 528 167 84 155 282 706 992 931 817 349 975 421 455 585 60 793 517 360 193 175 739 924 897 412 566 42 886 84 189 638 541 226 210 90 322 36 739 226 603 523 714 930 608 866 994 426 662 906 746 846 456 837 823 892 325 527 441 508 0 668 498 247 83 649 240 663 279 872 661 827 257 644 254 162 849 562 104 602 743 631 84 66 490 619 597 285 284 259 638 557 333 601 903 841 994 15 103
710 788 611 707 689 316 639 302 860 954 254 120 953 115 893 209 830 500 295 163 258 49 953 510 242 270 790 501 471 84 661 428 877 605 356 211 455 146 296 703 830 226 958 458 846 902 512 915 199 892 279 980 454 381 241 369 519 804 804 229 325 249 0 241 144 866 764 993 859 894 962 130 759 995 995 406 850 938 336 837 16 291 670 18 613 879 132 531 542 729 131 63 461 978 528 9 748 361 728 253
828 805 231 355 484 60 738 783 178 341 313 246 452 463 359 698 386 569 211 968 423 963 830 798 846 905 275 72 164 868 208 376 862 955 396 558 447 753 364 396 827 762 180 464 165 904 891 893 439 934 924 405 988 510 576 344 65 344 50 559 995 579 530 0 320 619 507 151 206 861 771 827 561 722 487 560 231 165 610 767 287 696 155 148 92 153 517 897 279 245 269 58 526 771 45 865 291 857 414 329
125 715 321 355 81 834 754 874 45 919 948 196 657 743 97 795 630 988 55 552 146 453 173 300 29 118 95 963 150 367 693 937 52 317 322 814 454 821 695 109 78 395 706 524 342 54 941 678 421 446 839 354 993 455 154 488 725 165 939 931 672 873 494 371 0 692 532 911 126 829 723 182 944 226 862 621 542 681 104 150 41 526 914 664 803 488 84 397 207 276 844 825 578 642 991 377 873 458 70 388
734 988 891 908 661 188 188 80 270 323 982 755 434 377 925 652 892 647 907 256 88 426 594 214 828 609 710 253 241 728 203 786 721 694 451 833 749 784 717 893 169 459 499 670 631 872 282 448 633 760 402 711 170 803 592 507 785 673 948 140 767 317 501 823 508 0 21 39 799 684 829 233 364 206 567 222 824 48 590 774 394 789 911 220 637 907 408 711 420 412 776 213 544 879 764 165 332 829 135 356
826 902 16 871 251 934 233 936 346 776 788 599 160 195 218 539 115 489 977 415 612 836 183 220 152 508 312 841 683 350 419 327 965 84 183 13 107 107 309 87 325 397 924 226 437 398 851 866 95 155 296 988 866 934 874 3 118 872 667 734 351 678 352 189 138 913 0 404 980 702 197 451 986 80 625 769 978 636 319 554 849 409 948 38 529 566 349 17 951 438 628 34 819 200 946 790 889 987 855 896
989 959 765 913 613 536 858 924 544 24 656 711 953 649 581 776 139 707 934 217 24 360 81 522 427 662 817 607 948 962 47 78 456 779 636 980 560 202 662 511 63 628 392 306 901 505 536 721 981 7 613 858 735 289 895 476 908 534 567 28 850 897 863 525 157 943 305 0 367 959 482 57 994 580 400 780 34 923 615 156 92 687 931 903 579 385 698 250 62 556 186 418 11 50 946 785 114 450 133 944
818 235 597 955 915 588 262 706 882 291 969 527 727 317 492 595 650 141 853 874 36 41 433 728 590 379 72 139 844 345 836 559 143 621 677 663 329 12 766 953 799 601 238 26 237 133 230 830 92 590 138 260 426 542 887 540 124 492 164 252 284 47 418 608 478 60 566 876 0 934 331 895 264 499 538 183 465 248 90 123 878 95 416 808 102 938 49 848 597 59 277 627 705 521 954 57 997 414 35 880
618 663 727 56 128 213 364 659 701 361 985 91 683 558 769 106 713 844 635 548 685 706 885 346 676 176 868 758 912 261 973 683 458 933 289 74 526 177 872 583 557 770 578 893 792 18 898 240 869 900 389 281 85 481 195 689 991 359 945 437 367 68 977 835 799 252 432 648 362 0 190 972 609 992 642 786 667 636 503 355 59 469 34 676 236 617 94 401 768 222 546 585 854 392 197 401 923 634 829 108
977 163 413 533 355 222 412 864 687 374 652 774 644 353 982 893 759 771 228 163 255 438 616 322 439 841 738 727 582 97 56 49 196 543 149 265 77 925 534 88 554 102 606 168 98 267 510 955 747 887 482 169 216 144 812 910 132 115 616 874 670 518 757 689 694 159 464 447 18 649 0 528 965 249 492 474 729 82 508 540 448 482 655 392 614 748 412 689 9 417 752 718 347 723 417 944 56 478 428 597
167 144 455 55 103 723 460 817 175 646 214 461 705 253 925 36 102 44 966 505 628 769 249 9 624 17 283 975 273 419 163 132 383 686 574 880 517 430 874 30 223 82 431 164 984 100 377 369 31 69 273 882 72 481 424 831 434 794 913 707 821 956 416 624 314 1 342 666 465 131 900 0 198 315 919 738 566 966 690 162 668 203 527 390 780 621 22 954 141 14 487 478 705 169 977 744 718 683 531 340
832 468 741 597 389 419 528 831 666 887 707 772 248 753 111 421 506 488 418 954 698 753 129 945 928 302 893 133 181 871 931 414 252 390 314 363 47 970 889 386 525 50 930 54 594 786 913 136 307 131 921 405 706 138 581 355 292 154 201 100 182 627 436 381 192 77 921 485 767 737 201 510 0 12 269 454 820 955 547 319 202 993 62 215 196 542 708 362 400 949 201 599 585 439 150 248 327 390 684 634
18 330 305 471 701 9 943 310 596 88 327 197 432 936 400 316 360 44 535 121 84 443 163 610 570 82 289 786 883 187 942 431 514 101 713 630 737 389 0 371 992 458 288 629 890 173 240 972 775 275 861 26 546 809 68 726 881 808 231 261 357 849 688 349 546 197 678 34 856 482 298 853 879 0 213 650 797 491 731 831 244 228 563 548 108 988 935 286 411 558 608 323 631 522 480 945 40 103 948 708
453 202 440 828 904 145 430 40 858 867 379 431 993 746 881 181 315 482 596 896 343 124 727 259 844 164 852 727 552 768 712 833 71 771 561 713 411 660 978 617 53 36 910 971 447 74 726 539 786 616 712 814 937 667 456 816 332 388 416 910 926 256 936 22 787 200 618 529 760 37 271 19 503 108 0 853 427 20 262 451 587 75 545 287 868 907 533 874 764 594 965 966 231 104 569 711 618 349 666 656
833 150 887 560 144 83 298 986 827 35 874 411 721 267 987 598 273 566 891 822 852 841 433 298 280 473 393 50 637 340 664 500 438 565 661 190 698 270 164 599 573 358 740 475 807 559 54 419 71 167 128 750 437 310 405 237 886 979 835 824 838 908 723 193 922 195 536 725 980 649 780 253 213 821 905 0 484 283 543 832 568 959 816 319 69 546 555 449 455 500 167 707 198 591 354 227 286 626 714 895
759 915 859 966 249 661 517 26 355 836 168 496 797 873 36 812 856 125 546 696 453 892 577 619 88 548 814 803 474 789 320 631 714 653 994 325 381 265 60 201 964 386 310 159 116 675 92 813 535 119 792 259 498 737 440 510 362 693 209 924 477 712 993 134 942 5 890 933 391 878 306 284 212 127 510 388 0 333 840 391 295 297 760 965 618 254 829 446 813 698 990 751 134 332 907 776 523 890 106 785
796 6 331 68 874 936 773 912 975 593 865 400 454 620 529 764 577 49 748 175 650 182 913 755 640 879 435 231 257 964 418 747 931 428 445 168 891 653 13 75 403 576 545 438 987 146 943 111 11 698 42 803 355 581 156 829 396 960 391 404 302 974 461 537 634 907 595 469 576 768 658 473 178 662 380 320 601 0 477 158 269 973 702 312 776 9 360 120 303 670 318 687 105 389 42 466 331 977 696 557
921 797 468 693 693 936 142 901 45 99 519 391 880 166 179 826 546 460 310 583 579 666 931 528 786 346 580 561 552 785 145 876 152 622 100 596 750 256 786 846 218 875 510 152 326 35 239 863 60 866 373 632 48 649 195 146 324 537 154 132 376 678 353 423 483 691 294 528 845 144 181 332 780 860 618 397 170 461 0 900 200 421 169 662 762 852 126 820 563 684 726 733 726 164 439 12 824 515 525 458
892 148 179 37 328 732 908 129 876 563 511 212 127 30 764 288 515 440 17 850 427 251 202 646 174 366 166 850 760 398 595 452 504 844 144 678 230 841 67 566 322 104 608 48 528 868 237 188 314 618 79 767 376 960 419 244 951 774 60 808 490 30 221 301 150 392 570 979 292 130 548 58 185 418 578 522 277 566 329 0 560 76 340 747 798 952 235 320 292 436 880 828 531 726 438 385 776 22 907 334
878 98 33 797 114 79 590 961 831 933 372 164 246 306 639 244 609 142 389 335 819 106 952 764 950 154 836 213 24 43 540 586 710 437 161 677 934 472 637 74 303 242 456 55 533 813 940 847 68 882 551 658 176 203 400 357 697 375 407 198 491 794 323 966 375 659 763 643 102 222 726 721 552 89 233 729 259 389 80 540 0 311 891 211 784 644 699 606 418 716 613 241 346 443 180 458 213 339 435 70
658 769 10 73 360 726 981 526 788 304 221 752 376 225 238 41 293 585 897 82 570 887 108 891 910 357 351 406 423 247 58 475 491 156 440 53 218 926 714 877 393 892 667 659 291 115 537 604 726 410 612 953 71 709 658 843 736 527 867 587 188 818 161 263 249 970 228 416 204 386 623 994 163 808 692 396 902 691 643 283 834 0 813 851 688 368 128 188 626 209 15 253 731 180 405 224 473 545 651 118
684 908 473 458 735 158 88 616 952 978 747 570 793 286 346 768 242 993 239 156 222 937 132 411 858 369 568 964 6 623 750 188 164 666 20 728 905 223 513 780 230 305 458 330 569 116 218 710 893 96 39 679 446 619 862 753 222 881 289 279 833 699 889 907 620 889 965 505 644 117 560 553 470 206 324 773 874 337 388 445 482 801 0 283 124 849 96 549 73 48 96 498 204 817 324 665 338 192 193 698
713 565 291 211 963 634 635 634 647 802 661 127 433 879 117 737 771 521 255 648 238 864 760 796 38 890 200 704 63 275 330 940 187 678 127 134 322 241 505 438 776 639 24 42 361 489 331 199 179 612 485 165 438 307 239 835 765 130 390 170 832 298 964 105 517 822 616 4 635 733 646 919 476 322 751 188 357 715 831 734 635 156 622 0 173 0 809 496 122 555 399 57 365 840 703 197 214 838 412 48
847 507 470 26 493 632 740 492 20 495 229 662 985 110 70 705 375 439 444 385 179 819 266 44 786 259 277 957 887 960 688 660 96 580 280 206 899 162 794 854 298 15 34 255 266 874 349 280 330 625 222 77 747 131 496 88 152 920 485 187 875 904 441 888 329 908 369 975 239 505 354 423 666 356 129 351 152 887 551 189 192 520 544 492 0 254 900 212 178 405 859 800 449 631 717 300 704 410 716 247
459 648 381 88 154 682 588 879 671 265 629 911 950 189 833 413 239 29 18 188 28 641 610 41 247 143 6 187 970 304 923 299 252 65 587 580 326 90 19 239 928 42 935 992 789 455 883 961 455 338 609 723 425 72 512 119 580 641 391 200 901 421 654 981 475 126 257 646 878 210 814 725 714 111 172 629 352 15 555 936 353 899 740 957 252 0 685 915 857 798 238 367 650 666 484 438 989 89 991 782
940 805 17 460 354 685 576 982 102 556 767 548 682 345 769 175 617 201 834 529 754 639 615 570 554 702 982 757 788 58 150 87 473 396 491 695 621 172 110 165 135 610 702 530 989 309 676 643 301 947 255 658 65 21 932 474 174 592 275 236 93 745 280 974 567 463 265 116 323 601 167 246 883 91 517 746 761 581 666 315 912 598 763 852 906 170 0 247 536 624 195 403 485 526 754 475 28 731 720 363
587 962 529 953 859 509 545 178 411 511 428 905 683 911 250 25 536 42 891 648 618 294 634 21 932 342 985 564 574 343 519 882 200 577 349 298 977 717 324 233 308 465 150 604 984 525 397 93 750 491 305 28 846 291 703 139 469 644 952 295 903 174 335 612 900 914 81 649 710 744 297 369 945 786 583 10 78 480 118 812 738 943 187 733 60 987 39 0 51 964 217 383 983 705 424 48 14 344 209 700
715 985 756 716 477 871 28 790 357 134 364 150 286 454 561 239 308 703 219 521 52 549 369 316 455 77 295 832 610 379 753 798 966 842 727 989 241 712 972 234 54 680 600 122 141 173 936 834 997 785 3 766 156 880 888 677 615 753 407 387 507 726 688 38 931 982 793 952 193 397 851 456 323 600 64 549 178 77 797 28 966 138 892 817 288 259 139 808 0 608 81 849 953 273 679 611 652 155 126 635
299 421 595 426 17 417 925 916 340 118 399 12 163 558 358 733 464 526 11 28 542 543 707 349 980 757 854 190 504 493 834 711 555 967 984 297 116 82 764 789 193 255 601 564 36 867 849 196 566 175 589 778 379 708 233 791 946 114 81 544 547 511 542 173 784 597 363 364 277 302 401 797 752 76 284 895 87 32 928 671 982 212 588 51 362 599 870 120 994 0 726 345 494 263 287 608 296 293 69 723
317 378 149 187 733 535 5 56 607 109 497 219 70 573 766 987 320 86 389 359 288 865 287 104 452 527 236 222 215 845 945 769 743 329 135 892 951 367 294 113 329 421 38 466 702 102 802 69 405 427 264 850 98 414 658 91 412 843 347 615 384 482 574 448 81 548 132 362 289 227 108 682 586 370 457 504 572 570 562 458 692 757 410 408 581 38 871 833 673 173 0 759 926 949 982 467 115 297 766 136
676 244 431 397 978 489 620 119 545 11 573 924 825 303 302 182 39 395 364 236 541 553 276 383 742 968 819 91 3 92 359 102 247 427 287 38 580 781 770 945 95 194 475 820 635 939 672 220 697 616 430 143 924 874 736 95 798 758 174 612 861 689 626 255 603 519 521 105 400 693 268 787 205 836 711 679 523 111 380 117 249 210 920 223 6 758 697 576 350 871 228 0 568 487 10 523 733 258 391 142
292 473 536 381 269 877 199 381 363 471 768 458 498 867 482 150 628 360 68 201 405 193 303 160 99 250 678 803 648 188 82 406 994 406 644 398 400 427 742 773 346 134 28 250 985 317 487 716 996 610 524 210 260 257 75 261 480 194 918 98 52 816 263 963 857 48 95 2 857 159 785 162 43 462 372 403 528 745 146 40 44 690 305 823 463 799 378 945 825 855 783 594 0 670 899 618 819 404 212 553
540 496 556 416 1 588 995 362 258 923 398 758 836 916 965 997 757 664 564 545 811 918 615 92 502 356 889 207 738 184 774 103 5 942 389 288 573 616 684 497 106 840 306 577 318 395 637 270 878 333 352 454 667 130 880 980 227 532 310 990 921 672 983 965 766 415 461 746 206 665 683 741 225 618 740 945 32 128 120 412 667 5 398 786 575 566 404 147 184 97 440 118 91 0 907 262 930 295 219 642
385 611 606 305 936 874 494 440 382 978 563 398 176 201 607 514 249 696 591 711 761 43 745 176 600 176 285 78 472 853 815 773 792 494 101 349 280 902 809 886 813 834 974 851 627 277 426 45 677 164 306 593 876 344 320 659 419 548 563 107 451 900 675 687 408 590 565 271 558 31 573 197 774 775 893 136 679 518 938 321 506 629 763 348 969 860 754 613 668 193 308 331 770 592 0 58 579 415 475 258
402 29 434 697 157 441 787 842 448 448 776 934 713 893 941 337 652 632 108 661 779 42 231 826 621 743 305 88 21 969 214 295 417 115 440 250 881 374 409 90 810 24 866 631 940 622 253 301 348 325 232 80 905 172 497 551 859 162 641 642 872 922 838 515 178 596 487 534 699 476 684 69 763 762 225 441 908 227 475 818 957 307 335 63 804 130 552 879 443 416 220 387 340 707 199 0 815 914 538 539
294 370 697 470 183 891 408 689 292 100 753 583 834 764 677 35 994 555 306 242 229 433 274 935 469 855 225 830 36 630 600 389 694 631 845 78 930 520 510 791 870 284 142 217 408 377 511 333 144 448 841 849 66 508 151 477 929 206 485 837 98 505 751 97 679 434 43 418 630 440 648 542 737 765 715 713 475 9 849 47 214 557 925 556 578 736 217 712 627 663 321 867 288 21 610 852 0 226 523 779
851 772 252 180 477 94 845 37 150 231 761 675 678 935 513 679 504 332 165 950 472 375 352 684 126 62 572 244 744 169 973 591 395 11 450 939 253 870 846 148 276 744 885 650 701 560 554 288 165 628 667 386 190 574 88 735 106 923 796 339 492 330 590 675 714 288 438 320 710 247 303 419 682 571 447 945 468 556 634 322 722 835 59 865 340 937 228 198 245 466 247 298 721 819 187 449 606 0 491 258
387 726 155 233 675 774 937 831 614 910 478 356 557 941 889 412 776 155 759 226 498 983 326 90 408 281 137 101 589 14 795 718 914 893 484 268 220 591 856 349 654 568 773 111 869 755 856 833 630 615 366 852 432 723 89 460 766 687 951 309 427 136 635 517 617 725 570 900 259 162 304 388 709 961 818 547 153 377 657 204 816 990 134 607 759 480 438 719 287 448 33 459 987 661 402 91 515 933 0 542
138 661 939 534 59 713 969 597 758 670 688 794 934 300 949 817 489 240 466 462 769 407 97 645 120 742 109 399 331 490 465 514 832 981 181 991 617 139 894 146 52 723 284 414 335 58 745 615 33 162 676 711 289 512 289 182 484 30 521 311 425 160 938 979 773 151 10 821 217 683 516 801 525 58 194 736 139 828 977 31 383 64 395 170 293 437 702 826 696 556 135 247 181 491 810 753 800 390 621 0
