200
10 1576
9 3105
33 1984
30 2218
4 815
27 602
33 331
26 457
20 1252
25 2530
13 2712
20 2792
11 657
8 3313
30 973
16 1699
22 1789
4 1668
18 1046
2 413
19 885
11 3079
15 245
3 3257
16 3107
26 1243
31 1640
18 2723
23 1455
27 136
20 1754
13 1994
5 2322
15 3364
29 1320
17 3373
16 3249
24 2259
15 1324
22 1232
28 917
7 2503
10 2287
29 1074
2 2093
5 2763
18 2489
28 2940
28 3154
17 2266
9 192
16 2772
12 2331
14 3324
31 1000
32 2195
2 319
16 2201
2 2041
32 517
25 2091
29 201
5 3311
22 1373
12 2392
13 676
22 622
22 1061
6 231
22 3233
10 1732
15 3404
3 1725
22 2257
16 3232
4 2002
16 1826
19 3175
23 74
22 2174
2 797
18 2179
10 1246
28 1153
18 202
10 3070
23 497
3 3028
17 1514
4 121
3 2492
14 652
20 69
15 2864
5 3449
26 2687
28 1322
27 2509
33 3394
17 2990
29 653
33 161
4 3176
8 1116
8 2309
15 264
13 1435
25 2703
19 2352
7 1416
12 1827
16 1357
2 1146
28 1403
26 2300
27 922
4 160
24 1465
19 2915
21 1356
5 2512
5 2176
4 2861
29 3287
32 1307
29 3062
4 1731
20 395
18 2091
32 3020
14 2457
16 476
17 1871
14 1518
25 3193
5 121
28 3087
21 233
33 3491
21 2337
24 961
12 3397
20 1723
9 550
32 397
5 2380
29 431
20 1147
7 102
11 333
22 751
17 2790
18 546
2 2178
23 1471
30 1043
5 2231
19 847
5 1703
20 2997
7 2284
2 887
16 1746
33 365
19 1911
33 3095
12 3264
28 1404
2 2852
29 2671
11 374
3 2088
23 22
19 2187
33 3440
26 1778
21 2421
31 1616
11 1979
32 849
25 3064
3 1303
2 410
8 1601
9 2074
24 851
19 2309
12 1662
20 3407
7 1560
26 378
11 264
5 1955
25 515
8 1127
11 2003
28 1378
10 3396
19 553
4 3283
0 10 10 7 9 4 6 8 2 2 6 3 10 3 1 1 9 9 5 3 6 8 4 3 1 3 10 9 1 2 2 9 1 4 8 1 2 9 5 2 2 10 10 7 4 4 2 6 1 2 8 1 4 3 9 6 5 7 8 7 1 1 4 4 6 10 7 2 5 2 7 5 8 3 10 1 7 7 10 2 3 8 6 5 5 5 2 7 2 5 6 2 4 10 1 4 10 10 10 8 2 5 6 5 9 3 4 8 8 5 7 9 5 5 1 7 6 7 8 8 7 1 3 7 3 6 6 1 8 8 9 1 3 8 7 9 5 9 9 6 9 1 3 7 1 6 10 6 5 7 2 8 2 5 4 1 2 7 9 3 4 4 6 4 7 8 7 8 6 3 4 10 1 4 6 2 6 8 2 7 1 1 9 7 2 4 1 5 1 6 7 8 4 1 4 9 10 2 7 4 
4 0 4 9 3 10 10 5 10 10 1 6 8 6 2 1 6 8 1 4 3 3 1 9 7 4 2 10 7 5 5 9 9 9 7 2 3 1 10 7 10 6 3 9 4 10 3 7 3 6 2 2 3 4 1 8 2 5 8 10 4 7 9 3 6 8 4 7 8 6 9 9 5 5 10 2 6 4 5 7 10 4 9 6 6 3 2 7 5 4 8 6 8 4 7 7 8 8 9 5 2 4 1 3 2 2 9 9 6 8 9 9 6 6 6 5 4 1 8 2 2 3 3 5 7 8 9 9 1 3 3 9 6 4 5 5 8 8 6 1 1 1 5 8 6 7 3 10 6 2 5 3 6 9 7 9 10 9 7 3 7 8 7 2 2 5 7 4 10 1 5 1 3 2 4 8 6 10 10 10 6 8 1 2 7 2 7 1 4 1 7 5 1 6 8 10 7 9 9 9 
3 10 0 10 7 2 3 4 4 5 8 3 8 10 5 1 5 6 5 1 8 10 9 4 6 8 4 10 5 6 4 4 9 8 4 1 1 3 3 3 4 1 10 2 7 3 7 7 5 2 2 3 2 9 10 6 4 8 2 9 2 8 1 7 7 2 7 5 4 7 4 2 9 3 2 1 7 3 2 4 8 9 7 5 9 6 7 3 2 9 1 9 7 8 3 6 9 4 3 5 3 4 4 5 5 6 3 9 3 7 4 9 2 1 1 8 10 2 6 3 1 6 8 1 9 1 6 10 3 7 5 2 3 10 10 6 3 8 2 5 7 4 6 5 10 6 2 7 2 9 3 2 1 8 4 7 5 4 8 9 1 8 8 4 9 8 7 7 10 9 8 10 10 2 5 6 9 4 5 1 9 4 5 6 8 1 4 4 4 4 10 3 7 1 10 2 4 4 4 8 
4 4 9 0 6 1 3 5 10 5 6 2 1 9 5 4 9 2 3 3 2 2 1 6 6 1 2 2 6 3 6 1 4 10 8 9 10 4 7 3 10 1 1 4 7 1 8 8 7 9 9 10 3 8 9 6 2 6 1 1 8 1 8 4 9 6 3 10 1 9 10 10 5 3 3 6 1 8 7 4 10 7 8 7 9 5 10 5 3 5 6 3 2 3 8 7 7 4 1 10 4 5 9 5 5 10 5 4 8 5 3 4 5 8 1 5 10 9 5 7 8 10 1 5 3 6 2 7 5 8 6 6 10 1 5 1 3 7 5 10 4 2 4 6 3 8 5 7 3 8 3 1 2 5 4 3 2 2 3 7 6 3 5 1 6 9 4 10 1 8 9 1 5 3 7 7 3 10 10 3 9 7 4 10 10 6 10 10 6 3 1 4 6 6 10 1 6 9 7 6 
4 4 9 4 0 7 2 4 2 9 5 3 2 8 4 8 2 3 2 9 10 5 6 5 1 9 3 10 10 7 10 9 5 6 9 1 1 2 5 10 4 9 10 7 9 8 3 3 4 3 8 4 9 4 8 10 5 7 6 4 6 9 9 9 6 9 2 10 7 3 1 7 4 3 9 5 2 1 2 5 10 1 5 4 3 1 3 6 2 3 5 7 2 10 9 9 5 1 10 9 4 6 9 7 2 1 8 2 8 2 5 2 4 9 10 9 4 10 6 1 2 3 1 5 7 1 6 9 4 2 1 5 10 4 1 4 1 5 1 5 8 2 1 2 8 10 4 6 9 10 5 8 5 2 7 3 5 5 5 3 2 2 7 3 9 10 8 10 3 4 9 1 3 2 1 5 7 1 1 3 6 3 6 7 3 4 4 7 1 5 4 1 7 5 2 2 4 6 9 8 
2 3 2 5 9 0 10 3 5 7 4 6 9 4 6 4 3 1 4 3 7 9 3 2 1 10 7 1 7 10 9 8 10 10 10 7 8 3 10 10 1 6 3 3 6 4 4 6 6 2 3 4 2 9 6 2 9 4 2 7 1 1 6 6 7 2 3 7 8 6 6 8 10 10 4 9 7 9 10 2 6 4 9 1 1 2 9 7 5 5 10 3 6 8 3 10 9 9 9 5 8 3 2 1 7 5 8 8 7 4 4 7 3 6 9 3 10 3 1 3 3 2 2 6 10 10 2 8 5 3 8 2 5 7 4 8 8 2 6 8 6 9 3 3 6 4 8 9 3 6 9 6 8 10 9 8 5 7 9 5 10 5 3 4 7 9 5 3 8 8 3 9 7 8 8 9 3 7 6 1 1 7 10 7 5 9 2 3 2 6 1 9 9 1 4 2 7 1 7 9 
5 5 3 2 7 4 0 6 10 10 2 1 5 7 7 2 4 10 7 7 1 7 8 5 1 1 1 1 1 5 3 1 3 2 8 6 2 10 3 2 10 4 4 3 1 2 1 1 4 1 3 6 3 3 9 2 1 4 1 9 7 1 4 8 5 8 4 8 5 6 6 4 5 7 6 3 1 1 7 6 5 3 5 7 2 4 5 3 5 10 6 8 10 3 9 6 8 6 8 3 1 1 4 2 9 8 5 10 4 10 9 1 7 2 7 5 6 2 9 2 8 3 7 5 8 2 7 2 4 3 2 1 6 6 4 7 5 5 8 9 3 8 5 5 10 1 3 1 6 8 7 5 9 6 3 8 8 3 7 10 2 7 7 3 3 4 5 9 2 1 4 1 8 7 9 7 10 6 10 10 3 8 3 4 6 9 10 4 6 7 1 2 7 7 9 6 5 9 7 1 
5 7 5 10 2 9 6 0 2 8 3 10 1 8 8 4 6 6 5 10 10 2 8 3 10 4 6 9 10 9 5 2 10 3 10 5 7 3 10 8 6 1 8 1 5 6 4 3 1 4 6 2 6 9 10 7 4 6 8 7 7 4 6 5 4 8 10 8 9 2 2 2 3 3 7 3 2 7 6 2 3 3 6 4 9 9 6 8 2 9 5 9 2 3 2 10 6 6 4 7 2 4 10 1 6 1 8 2 7 2 3 10 7 1 5 2 8 3 2 1 1 5 5 4 7 5 9 8 3 5 7 10 3 3 6 10 10 8 5 6 8 3 3 3 4 1 10 5 6 7 1 1 5 5 3 10 2 2 8 8 8 6 6 4 7 5 2 10 10 2 7 1 10 1 8 8 8 9 8 7 3 7 5 9 4 5 5 9 2 2 4 6 4 6 5 6 8 8 3 10 
8 6 7 9 5 5 1 5 0 6 3 8 6 3 10 3 6 8 10 10 5 3 6 2 10 6 6 1 2 9 10 1 10 10 6 8 3 8 6 9 9 9 6 4 5 3 10 2 4 5 7 8 8 7 3 1 5 5 1 7 4 1 9 6 10 3 8 9 7 7 7 5 4 1 10 6 4 6 9 8 2 3 2 8 4 10 2 4 1 1 6 7 5 6 2 6 10 3 9 7 5 3 9 9 2 10 8 3 8 8 3 8 8 2 2 2 1 4 10 8 5 1 6 7 4 7 5 6 4 5 7 2 8 9 1 2 8 10 10 8 1 6 5 10 7 3 2 8 2 7 5 9 9 2 7 2 4 6 1 7 10 7 3 7 8 6 1 2 6 9 8 10 2 1 5 6 3 8 9 2 9 3 8 10 9 9 2 4 9 1 7 9 10 1 4 3 7 1 4 9 
10 10 3 10 2 10 7 3 8 0 2 10 3 4 9 8 6 1 3 8 3 8 3 3 3 6 9 10 3 9 1 2 6 1 9 2 8 3 6 2 8 8 5 2 3 8 2 9 10 1 3 2 2 3 1 4 7 2 7 3 1 2 7 1 8 9 2 4 7 1 8 3 1 6 8 10 6 6 9 9 3 1 6 8 7 8 2 9 10 7 1 1 3 8 4 2 3 9 3 10 1 4 5 7 1 5 3 10 6 1 8 5 7 7 6 9 7 3 2 1 8 1 9 3 7 7 9 10 7 6 8 4 1 9 4 7 5 4 6 9 9 5 2 1 7 4 2 3 10 7 7 1 6 3 4 3 10 1 8 7 8 1 3 7 6 5 3 5 3 7 9 8 9 8 1 10 4 6 2 9 5 7 10 3 10 4 1 8 7 9 3 6 2 1 6 9 3 8 5 10 
7 1 10 4 5 2 9 6 9 2 0 8 6 2 4 4 2 6 9 10 2 3 6 2 1 8 1 10 9 8 9 6 6 8 9 2 5 7 6 2 5 3 9 6 8 2 5 3 2 4 2 2 5 10 9 4 10 1 6 7 6 1 5 1 6 7 3 6 4 9 4 7 10 5 6 3 7 9 7 6 2 1 3 4 7 6 3 10 8 5 4 2 2 9 1 1 6 4 7 2 8 10 9 8 4 6 3 7 3 4 3 10 9 5 3 8 10 3 4 3 7 6 10 1 8 4 1 2 4 4 10 9 8 5 2 2 7 5 1 8 9 10 3 2 5 3 2 7 5 5 9 2 2 2 6 9 10 5 5 9 8 3 6 1 1 5 4 2 7 5 2 8 2 7 2 2 5 2 2 3 7 7 3 6 4 7 3 7 4 7 10 5 4 5 6 1 8 2 1 6 
10 2 8 10 6 1 4 6 6 2 5 0 8 6 5 2 7 3 2 6 2 1 9 6 3 6 9 4 8 10 6 4 7 10 4 5 1 4 7 5 1 8 4 2 8 8 8 7 4 6 10 7 9 2 7 6 10 8 1 5 1 6 5 1 7 3 10 9 6 8 9 6 7 2 1 6 1 1 9 8 6 3 4 1 4 1 3 2 2 4 4 2 1 8 1 4 4 6 9 5 1 9 3 10 9 7 8 7 5 1 10 9 4 6 6 9 7 5 2 10 2 1 2 1 6 1 6 9 7 1 10 7 10 10 9 7 4 2 8 1 3 6 2 9 10 1 6 10 7 8 9 1 2 10 8 8 8 1 4 4 2 9 1 8 1 4 4 8 7 10 10 2 9 1 10 6 1 8 2 9 3 3 5 8 6 9 6 4 4 5 7 4 4 2 2 7 2 2 1 1 
8 9 3 4 9 8 10 7 9 7 6 8 0 2 9 1 2 4 9 4 7 10 8 10 2 1 1 5 3 5 3 6 4 10 3 2 5 3 9 1 1 2 7 4 2 4 9 1 9 2 4 8 2 6 6 6 4 5 5 6 1 8 9 8 4 6 3 2 6 4 9 4 4 3 4 2 8 7 4 6 3 5 5 2 6 7 2 9 1 9 2 5 10 7 10 7 4 3 2 6 7 1 6 5 10 5 7 7 5 7 6 9 8 7 5 9 10 2 7 10 8 2 10 5 2 1 6 1 7 9 1 2 2 1 5 1 7 1 10 9 4 3 7 1 4 9 8 3 4 8 6 3 10 4 7 5 7 4 3 10 2 1 7 4 4 9 8 1 1 3 2 3 3 3 10 3 3 9 3 5 5 3 7 2 9 9 5 5 4 1 1 4 1 7 10 10 5 9 10 5 
10 9 2 9 6 5 3 5 4 2 4 5 7 0 6 5 6 3 5 5 10 8 3 5 2 9 3 2 6 4 1 5 2 6 10 6 9 4 8 10 10 3 1 7 5 5 10 9 9 8 8 5 8 9 1 6 8 10 9 8 3 7 10 3 10 4 5 8 6 1 9 7 5 5 2 3 1 2 6 4 10 5 10 6 8 7 6 6 10 7 6 9 4 4 1 7 4 10 2 4 10 2 5 9 10 10 4 1 4 5 5 3 7 7 9 5 1 9 7 10 10 9 6 3 4 9 2 10 2 7 2 3 6 6 5 7 8 3 7 9 8 1 3 3 9 5 7 3 10 2 1 7 4 4 6 5 10 8 9 6 6 4 9 7 4 9 6 1 9 9 10 8 6 2 1 9 2 1 7 3 8 8 6 1 10 5 7 2 2 2 10 5 7 3 3 5 5 6 8 4 
8 8 7 3 8 1 5 8 6 8 2 1 9 6 0 5 2 10 10 4 5 4 1 3 10 6 2 8 5 9 7 6 9 2 10 4 4 2 9 2 3 7 6 6 6 1 3 2 1 2 4 5 5 4 2 6 3 5 7 10 2 8 1 2 10 1 9 3 9 8 9 6 5 2 3 6 5 8 7 9 4 5 5 9 6 8 7 4 8 6 5 3 3 5 3 8 9 2 7 4 6 2 4 9 3 5 8 5 8 7 6 9 8 1 5 2 10 2 8 4 6 3 9 3 5 4 10 5 10 6 3 9 7 3 1 6 4 4 5 6 8 1 7 8 3 1 7 9 9 10 3 10 8 9 2 2 3 9 7 2 2 4 7 8 4 2 8 1 2 3 7 8 2 3 3 4 6 10 8 10 6 1 6 3 3 2 5 3 7 6 8 9 3 4 7 7 2 2 1 7 
4 2 5 3 3 9 2 8 9 3 2 8 8 10 10 0 3 1 8 5 6 8 10 7 10 1 3 5 4 7 1 5 3 10 9 10 2 3 7 8 4 2 2 7 6 4 4 4 3 9 2 3 10 7 6 9 10 6 1 10 5 2 10 10 4 10 1 1 4 10 2 2 8 2 10 2 2 4 8 10 10 6 9 2 4 2 8 4 6 7 10 4 2 1 4 1 1 4 8 1 9 6 4 2 8 2 10 5 10 7 1 2 3 3 3 6 8 1 6 6 1 5 4 3 8 8 5 3 5 7 10 7 6 6 4 8 4 1 9 9 8 8 5 9 8 3 7 3 6 6 5 8 2 1 3 9 9 9 2 1 10 6 1 8 9 3 2 8 7 2 4 2 8 5 6 3 8 3 2 5 7 9 7 10 5 2 10 8 9 7 7 7 8 9 10 4 8 2 4 8 
8 4 10 2 5 8 10 3 5 3 1 4 8 6 3 6 0 7 6 1 3 4 2 5 10 9 3 4 6 9 8 3 1 1 6 10 7 4 8 1 3 4 9 2 4 8 7 8 3 9 10 10 6 6 5 8 5 3 5 8 9 5 9 7 8 10 2 1 8 3 5 1 8 1 3 4 5 7 10 4 4 3 10 9 2 9 8 10 8 8 10 2 6 4 8 8 1 9 5 5 3 3 6 6 7 6 10 5 10 2 2 3 4 1 4 2 9 3 6 5 5 3 3 6 3 4 1 4 9 10 10 5 2 9 4 3 2 9 10 8 9 2 4 10 9 7 6 4 6 7 2 7 10 3 7 9 2 6 10 4 10 1 7 8 3 8 6 4 6 9 6 2 9 3 4 8 1 3 4 5 7 5 5 6 1 7 6 1 9 5 4 8 4 7 10 3 10 8 8 10 
7 3 4 9 6 7 6 9 10 1 10 8 10 5 10 7 9 0 10 4 6 6 6 2 4 9 8 7 4 1 6 10 8 9 2 10 10 10 7 2 2 10 9 7 10 8 5 3 6 3 10 7 2 5 9 6 4 4 5 3 2 10 10 4 10 10 10 8 6 1 3 7 5 7 6 3 6 9 2 6 1 10 5 7 2 9 6 6 1 7 6 10 10 2 10 10 7 5 8 9 4 6 6 7 2 2 10 3 7 6 1 10 5 10 5 2 5 4 2 2 6 8 5 8 5 6 9 6 5 7 6 8 3 8 8 3 5 9 8 9 2 3 7 1 3 6 9 9 4 3 1 5 4 8 2 10 2 4 4 9 5 7 4 3 7 7 1 4 3 2 6 3 2 6 7 3 9 8 9 3 5 7 10 9 9 9 7 2 6 7 4 2 8 5 9 2 6 9 7 8 
5 4 3 1 8 3 4 4 2 7 4 2 5 5 10 8 1 2 0 10 3 3 5 8 3 8 6 8 3 1 10 2 4 9 7 7 7 8 3 1 3 4 8 1 7 7 1 8 10 4 1 6 7 3 4 7 9 5 1 9 8 10 2 6 2 4 4 2 10 6 3 1 7 6 5 6 6 4 6 6 2 3 9 7 1 2 10 1 8 7 9 6 8 2 1 10 6 10 10 2 10 1 6 1 6 8 4 7 6 3 6 9 1 6 1 5 10 5 8 6 1 2 5 5 8 2 8 8 9 3 6 10 6 7 6 10 4 9 6 2 7 4 10 2 4 10 5 7 2 10 3 7 7 2 1 1 4 4 7 3 10 1 4 5 4 3 8 6 9 10 7 1 4 3 4 1 3 10 1 10 2 5 4 10 2 10 4 9 7 1 4 5 4 6 4 3 7 10 5 1 
4 10 8 3 10 9 9 6 9 8 3 5 6 9 4 9 10 8 9 0 4 10 5 1 10 10 7 8 1 1 5 2 10 10 5 9 4 2 8 5 10 10 7 7 1 9 9 5 4 1 3 6 5 10 4 5 9 7 1 10 7 6 3 7 9 10 5 4 9 10 6 1 3 3 6 5 5 6 7 5 4 3 1 6 6 10 3 4 9 8 8 7 5 4 8 8 6 1 1 4 9 2 4 3 3 3 5 10 5 3 7 9 3 5 2 5 1 6 8 6 8 4 9 5 8 2 3 10 9 5 5 7 3 9 10 10 4 3 5 2 2 1 5 10 1 2 3 10 7 8 2 5 1 1 10 7 5 7 3 6 10 7 3 1 7 9 2 3 6 6 9 6 5 2 6 8 10 9 4 2 3 1 7 2 7 7 10 4 2 3 9 5 5 7 8 5 5 2 3 7 
7 8 6 3 6 4 9 9 3 2 7 6 1 6 10 8 1 2 2 5 0 9 4 3 7 1 6 7 4 8 10 6 6 4 9 1 1 9 9 7 8 4 2 2 4 4 9 7 8 7 7 5 8 6 10 9 9 6 1 1 8 10 5 9 10 6 2 5 2 5 5 2 5 6 1 7 4 10 8 5 5 4 2 1 8 4 6 1 8 7 6 6 8 3 10 9 3 5 1 9 2 4 1 8 8 5 2 9 6 6 3 5 8 6 8 5 4 4 9 6 4 9 1 9 2 3 1 3 5 4 4 4 8 1 7 7 2 8 1 5 9 7 7 6 1 7 4 1 9 8 8 4 7 9 9 3 8 8 2 6 4 4 9 2 6 4 6 1 8 3 9 1 8 7 3 4 3 4 3 1 8 5 3 5 7 6 4 2 1 10 3 9 10 7 3 1 4 5 5 8 
8 7 9 9 6 9 8 7 8 9 8 5 5 10 6 4 6 3 1 4 8 0 5 1 2 10 7 9 5 2 7 2 7 3 1 8 7 9 3 4 2 7 4 10 3 4 3 6 8 8 4 1 3 1 8 1 8 5 5 1 3 5 8 8 9 5 1 10 7 7 10 3 2 10 6 10 1 6 6 5 9 3 3 1 8 5 5 3 2 4 6 8 3 4 1 9 4 3 6 3 5 5 5 5 10 10 8 9 4 5 4 7 1 5 2 7 8 8 10 9 7 5 8 1 10 4 4 9 1 8 3 5 9 9 6 5 10 8 7 5 5 6 9 5 4 8 5 4 8 4 4 4 3 9 2 4 10 10 10 3 4 7 8 1 8 10 4 8 10 5 4 1 2 7 8 1 10 3 10 1 4 8 8 5 8 4 8 3 7 5 1 10 1 9 1 7 2 6 5 3 
5 8 9 4 2 10 1 8 2 10 1 1 5 1 4 1 7 3 9 10 1 5 0 8 9 5 3 5 3 6 8 9 8 6 9 9 6 7 5 4 3 3 4 10 8 3 3 1 8 6 10 1 2 8 2 5 4 5 7 6 7 10 4 4 7 7 8 1 5 3 9 2 3 3 9 9 4 8 4 5 9 3 2 8 2 9 10 3 9 5 3 2 9 8 1 8 6 4 6 10 4 5 8 4 8 2 8 6 2 9 7 1 8 1 8 9 9 6 4 2 4 10 1 5 4 6 5 10 9 2 6 4 5 9 10 8 4 4 7 6 3 8 10 6 8 5 8 2 7 7 9 10 5 4 10 2 9 6 7 4 6 5 5 9 2 6 4 3 8 6 1 6 4 9 8 7 4 1 2 9 7 7 4 4 5 5 7 9 6 7 3 1 3 8 2 1 6 6 9 7 
1 10 3 9 6 6 7 4 5 2 9 3 4 5 8 10 6 9 6 1 8 6 4 0 6 3 9 1 7 7 2 5 1 5 8 7 9 3 5 1 9 5 6 3 3 3 8 1 9 2 6 7 6 7 5 10 10 7 6 10 1 1 2 8 5 2 9 1 9 3 8 3 9 7 8 1 10 1 1 2 2 3 8 9 8 6 8 9 1 10 3 6 8 10 6 10 7 10 1 10 4 9 1 4 4 3 8 8 3 7 3 9 5 8 9 9 6 4 4 3 7 8 10 4 9 8 10 7 10 3 4 6 1 7 9 1 1 8 3 8 9 5 4 3 2 2 9 9 10 10 9 2 9 9 4 5 5 5 9 6 9 9 9 6 9 10 3 6 10 8 3 3 2 6 8 8 7 2 2 8 10 9 7 8 4 8 5 3 4 4 6 7 10 1 7 2 8 2 9 7 
2 2 1 8 8 8 10 2 5 4 8 3 2 6 1 3 10 4 2 8 6 2 7 3 0 3 3 5 6 3 3 8 6 8 5 3 2 9 8 7 10 1 6 7 1 4 9 4 2 3 5 7 2 3 3 8 5 9 10 4 8 4 10 2 2 5 4 3 4 2 1 3 7 4 4 9 6 3 4 6 5 8 7 6 1 9 9 4 5 1 1 2 2 3 9 6 2 1 6 2 6 10 4 3 1 8 10 1 10 10 7 1 2 2 7 8 10 9 9 3 10 6 9 8 7 1 8 1 5 1 9 1 10 4 3 2 5 3 10 9 1 5 4 7 3 1 7 5 5 6 7 9 4 9 9 4 9 2 1 2 9 8 4 2 5 4 10 2 8 2 7 7 7 10 9 8 8 6 4 7 10 6 9 8 10 8 7 1 9 1 7 6 7 9 9 2 6 2 7 6 
2 3 10 4 2 1 4 5 9 5 7 2 3 6 9 3 6 8 7 10 8 1 1 8 6 0 1 9 9 9 9 1 1 10 1 9 7 1 9 5 3 3 1 4 9 10 1 4 9 6 2 3 7 4 5 10 8 5 2 8 3 2 4 7 9 7 4 4 2 8 7 1 2 5 7 7 9 9 1 9 9 10 9 4 6 6 5 10 6 8 4 2 4 4 7 2 8 6 6 4 8 1 6 1 1 2 6 1 10 9 9 6 5 6 8 4 9 10 5 4 1 9 9 7 8 4 5 6 4 3 6 1 3 7 5 8 9 5 3 5 5 10 10 9 1 2 9 10 6 6 5 6 2 7 9 6 7 5 8 2 8 3 4 4 1 8 3 5 7 4 4 7 4 1 9 2 9 7 4 7 2 7 6 4 9 1 4 2 7 2 3 5 9 10 7 9 1 4 2 2 
10 9 8 3 10 9 6 7 6 2 9 5 8 10 7 8 2 7 6 10 8 1 8 10 5 9 0 8 3 5 9 2 10 8 9 3 8 6 10 3 6 1 9 3 3 5 2 3 5 1 1 6 5 1 2 6 4 2 10 2 6 2 5 9 2 7 5 9 3 10 6 5 4 3 7 8 3 7 8 2 8 1 3 7 9 9 4 2 9 1 9 3 1 10 5 8 8 1 9 2 4 8 7 10 1 2 6 9 4 7 10 9 9 1 3 5 8 2 1 7 4 2 7 4 9 6 9 1 2 9 8 10 4 4 2 2 9 6 1 9 7 2 6 2 1 3 9 6 3 2 5 5 10 5 10 10 8 4 2 5 8 8 4 3 10 3 4 7 5 2 4 8 10 9 3 9 8 4 6 10 4 6 9 2 9 1 5 1 7 8 6 2 10 9 4 6 4 9 9 4 
10 6 10 10 2 8 2 10 3 5 6 7 4 7 9 7 1 7 1 3 3 3 10 8 10 3 7 0 1 5 1 8 5 10 3 10 2 8 6 2 7 6 10 7 5 10 2 1 1 4 8 9 2 4 1 5 7 1 10 9 4 7 3 3 6 5 1 4 5 5 10 3 4 10 9 3 1 3 10 4 3 10 10 7 6 7 6 9 7 1 7 5 8 1 9 9 10 1 9 3 5 10 9 9 4 1 10 1 10 3 5 6 10 3 9 3 5 2 1 3 9 6 5 9 6 9 3 3 1 8 8 3 7 2 1 6 2 5 1 10 4 3 3 1 6 7 9 9 7 5 7 1 1 4 2 4 7 7 9 3 5 4 1 1 9 7 8 10 8 5 9 2 4 3 6 1 4 9 10 4 6 3 3 6 5 9 7 4 9 1 9 4 5 8 2 5 3 6 1 1 
5 3 6 2 6 3 4 5 7 10 6 5 5 3 6 4 3 9 7 7 1 4 5 7 5 2 5 7 0 7 6 8 1 3 2 2 2 10 4 7 1 8 5 6 4 5 3 1 5 4 10 7 3 9 8 2 9 6 10 10 1 6 9 8 5 2 10 10 8 6 2 1 3 4 4 1 1 7 4 5 10 5 7 2 5 4 8 6 4 9 7 10 8 1 6 9 6 5 3 4 7 7 3 2 3 5 7 5 8 8 10 1 5 10 10 10 8 3 4 3 8 9 7 8 10 9 2 2 2 1 4 4 8 5 7 10 7 8 10 6 10 10 9 10 7 6 3 3 5 8 1 7 7 9 8 1 6 6 8 7 9 10 6 6 2 4 6 7 9 7 7 10 8 1 7 6 2 9 6 8 4 10 2 5 6 8 6 6 2 10 9 8 2 8 4 3 4 4 10 2 
9 9 7 5 2 1 7 7 7 4 8 9 9 7 9 6 8 5 7 10 8 10 5 4 6 5 2 3 6 0 10 6 10 10 6 3 1 4 2 9 2 10 10 7 3 10 1 9 6 4 6 5 6 5 4 7 10 7 9 4 9 8 6 1 4 8 10 3 3 2 8 7 10 3 8 9 9 5 2 3 4 7 7 8 8 6 5 3 6 3 1 4 2 6 3 9 8 10 5 9 10 2 2 9 7 9 7 3 9 9 4 8 1 7 10 2 1 7 8 10 9 5 8 1 9 7 7 3 6 1 4 9 1 8 3 5 5 9 9 8 10 9 9 3 8 3 7 2 3 8 10 4 6 1 2 2 3 7 7 8 8 4 2 7 5 7 10 4 4 1 5 6 3 2 10 6 7 8 9 9 5 2 1 6 6 10 1 4 10 5 3 6 4 3 7 3 9 1 7 2 
1 7 7 2 7 8 10 7 8 7 2 10 2 4 3 1 4 3 9 6 1 9 7 9 3 3 5 2 1 9 0 3 6 9 5 7 2 1 8 5 5 1 7 2 10 8 9 3 5 3 10 3 7 5 4 8 3 4 2 1 7 3 10 3 1 5 9 5 8 7 9 4 6 4 2 5 10 3 9 7 10 2 6 2 4 9 4 4 2 6 6 6 4 7 2 9 8 9 8 8 1 3 4 10 4 5 8 9 4 8 3 2 7 3 6 8 6 10 5 6 6 1 6 2 2 6 6 4 9 6 5 5 8 8 4 3 5 5 8 7 5 10 7 10 1 7 7 6 9 4 9 9 2 9 6 6 4 10 9 2 1 8 3 8 6 3 4 10 10 10 4 2 7 5 5 8 3 9 5 9 8 6 3 2 8 7 1 8 6 10 7 10 4 10 3 7 4 1 3 5 
9 5 3 2 9 6 2 10 7 8 8 9 3 8 7 5 1 9 2 2 4 7 3 9 4 1 10 7 1 9 5 0 10 3 6 8 7 10 4 9 7 3 3 7 1 10 2 9 2 9 2 7 7 10 5 8 9 9 8 10 6 6 6 6 8 6 2 1 7 7 1 4 7 1 5 4 1 1 7 2 5 10 5 1 4 2 5 9 8 5 1 3 9 2 7 8 2 8 8 1 1 1 10 2 3 3 2 10 10 7 3 1 8 7 9 2 4 2 3 5 3 4 10 10 7 3 9 8 9 6 4 9 3 5 6 1 7 6 9 7 4 2 3 5 4 7 5 7 8 9 3 1 3 5 10 9 8 5 7 10 8 3 6 5 7 6 7 7 5 6 6 8 8 6 6 3 2 2 4 10 2 4 10 4 10 8 8 3 8 6 7 7 2 7 8 7 5 8 9 10 
9 3 6 9 2 10 10 1 9 5 3 3 7 9 6 2 8 10 5 10 4 1 4 6 3 7 8 4 5 9 5 5 0 1 7 3 4 8 4 5 7 5 3 9 2 2 2 2 1 10 7 2 2 8 6 4 1 10 10 5 4 5 6 5 7 9 2 7 5 6 5 4 7 5 3 2 8 2 3 6 10 5 9 9 7 6 10 9 2 4 4 6 1 3 7 4 7 4 3 1 1 6 3 3 8 4 10 6 7 1 6 10 1 3 4 8 6 10 2 2 5 10 4 10 9 2 4 1 6 5 10 6 2 2 8 3 2 2 1 2 10 9 3 3 7 4 9 8 8 7 10 2 8 1 2 1 6 6 6 10 4 7 6 5 6 7 8 9 1 7 4 9 4 6 4 5 8 10 10 6 7 3 8 8 2 6 4 6 2 5 1 8 1 3 7 10 6 7 3 3 
5 1 4 7 6 7 6 6 8 10 1 8 1 3 9 8 5 2 2 1 3 8 3 1 10 8 5 6 8 4 3 2 8 0 2 2 7 10 4 7 2 10 5 3 5 5 7 10 5 3 3 8 9 3 3 5 5 1 9 9 7 4 7 5 1 3 3 9 3 1 6 2 6 1 4 6 7 6 4 3 1 1 8 4 10 4 3 8 6 5 1 9 10 8 3 1 10 3 6 10 7 2 7 5 9 6 1 5 1 8 2 6 9 6 4 7 10 1 5 10 10 9 10 9 2 4 8 3 5 1 6 4 6 4 2 3 6 4 10 9 9 7 6 3 8 9 8 5 3 1 4 6 2 9 5 8 7 9 7 5 4 1 1 10 5 2 7 2 4 7 9 8 9 2 2 1 8 9 3 4 5 8 9 9 4 6 6 8 3 6 8 9 3 10 7 5 5 8 10 2 
9 4 3 4 10 3 8 10 9 3 6 10 3 5 4 8 8 4 6 8 8 2 7 3 4 6 4 5 8 6 2 1 2 10 0 9 6 2 1 2 8 6 6 1 5 4 4 3 4 7 3 7 6 3 8 7 7 9 2 7 8 2 1 6 8 6 7 1 7 7 4 5 3 8 1 10 1 10 1 10 7 5 10 2 9 6 3 2 1 8 7 9 2 5 6 5 10 1 2 4 1 1 3 4 8 4 5 9 3 8 1 3 3 1 2 8 1 7 1 2 5 1 9 9 9 2 10 6 10 3 1 3 9 4 8 6 7 4 8 9 9 1 7 5 7 6 2 4 1 9 5 1 4 2 10 6 2 1 6 1 10 9 2 6 9 10 2 4 1 5 3 7 1 5 8 6 2 6 9 8 1 10 1 9 10 5 2 6 6 3 8 10 3 8 3 9 9 5 9 2 
8 1 10 8 2 6 5 4 3 7 2 9 9 1 2 10 1 9 3 1 10 4 9 10 2 5 3 6 10 1 5 4 7 10 8 0 7 6 1 10 7 5 10 1 1 7 5 1 4 9 6 4 2 4 1 4 8 8 8 5 10 1 5 8 5 2 10 2 6 6 2 7 9 3 8 2 3 8 4 1 4 2 10 7 9 7 8 1 5 10 9 1 10 9 9 1 4 5 8 8 9 2 4 1 5 6 4 2 1 4 10 6 6 2 9 8 2 7 9 10 10 8 10 8 10 3 8 4 5 2 6 8 7 2 5 8 1 3 3 10 3 4 6 8 2 10 7 2 2 2 8 2 6 7 4 10 2 6 10 7 10 8 6 2 9 1 1 1 2 1 2 6 10 8 9 8 5 5 7 3 4 8 8 8 3 2 8 5 1 3 6 8 6 5 9 1 9 1 8 1 
4 4 10 9 4 7 6 6 8 1 9 5 1 8 2 10 9 6 6 2 5 1 3 10 5 3 7 10 9 4 4 2 2 6 9 10 0 3 2 8 7 5 3 10 7 1 8 9 10 7 7 4 3 7 7 7 1 8 7 9 10 10 10 10 9 10 9 5 8 10 4 5 8 4 7 8 6 9 2 5 9 5 7 6 10 9 4 8 1 4 3 2 10 1 5 7 5 4 2 10 5 5 10 7 7 7 9 2 6 3 8 7 10 10 6 6 4 8 5 1 2 5 5 1 5 5 6 8 9 5 9 6 5 5 3 7 1 1 2 9 8 9 1 4 10 10 9 3 7 9 2 6 6 6 5 10 10 3 5 5 7 9 4 10 7 9 8 10 9 2 2 9 5 2 2 3 8 4 2 9 7 2 2 7 4 3 9 5 1 6 4 8 7 10 2 1 2 2 4 10 
3 5 1 7 4 9 10 10 3 3 1 5 2 3 1 6 4 1 6 5 9 10 1 8 6 6 8 2 7 10 9 6 3 2 2 1 10 0 5 8 2 4 5 6 9 1 2 6 10 4 9 2 5 4 8 7 3 8 6 9 2 4 8 5 5 6 10 10 6 6 2 4 6 6 5 1 7 8 8 2 8 6 9 9 1 5 9 1 4 1 10 6 3 9 3 2 7 10 3 9 2 10 3 3 8 9 3 7 4 1 9 2 1 3 8 7 6 1 7 8 1 10 6 8 8 2 3 10 1 2 1 5 3 6 10 3 6 3 8 4 5 7 10 6 2 8 8 1 1 5 10 10 1 4 8 9 1 8 7 10 2 10 10 7 8 7 5 8 3 2 7 1 10 2 3 4 3 9 4 8 6 4 9 3 4 10 5 4 2 9 1 9 6 4 3 6 8 8 4 1 
6 10 2 3 8 1 10 7 3 10 1 5 6 10 10 6 4 3 6 10 1 4 1 9 2 1 10 4 5 1 1 7 4 8 5 5 1 10 0 2 5 4 6 7 7 4 4 10 8 9 5 7 9 8 3 7 10 6 9 10 7 2 1 10 5 8 8 10 3 8 10 9 9 2 2 5 9 10 10 5 10 3 3 10 8 7 2 8 9 2 6 9 9 8 8 5 6 9 4 3 8 10 2 3 6 4 9 2 10 4 4 2 10 9 9 1 6 2 4 9 9 2 8 9 2 5 6 5 5 4 6 2 4 10 6 8 6 5 5 2 3 9 7 1 1 9 2 1 3 9 4 9 4 5 1 9 2 8 8 9 4 9 4 6 2 3 5 7 7 3 2 5 7 6 5 6 9 7 1 8 10 8 2 8 4 10 9 6 5 5 7 9 10 10 4 10 9 9 8 9 
8 1 3 4 6 2 5 2 7 8 5 3 8 7 5 4 2 1 5 9 2 3 4 10 7 6 1 8 7 2 9 6 8 4 8 2 3 4 7 0 6 10 6 2 8 6 4 3 5 7 10 10 6 5 7 2 7 1 1 10 7 7 9 3 3 6 9 10 3 8 6 7 10 1 6 8 2 3 5 1 4 3 1 10 10 3 9 7 5 1 5 8 6 7 7 4 5 2 4 6 10 3 2 4 7 7 3 6 5 5 4 7 7 7 7 8 4 2 2 4 6 2 5 4 1 2 6 3 1 8 8 7 7 4 6 1 1 4 10 3 1 10 8 1 2 10 6 5 5 4 6 6 3 7 1 1 8 7 2 5 3 8 3 7 9 9 5 2 7 7 9 1 8 6 10 4 2 5 2 1 8 7 3 10 4 9 2 1 7 9 10 5 10 3 4 7 7 4 9 10 
4 1 5 9 10 3 6 5 7 4 6 7 10 9 4 3 6 8 9 6 5 7 4 3 2 4 8 3 9 8 3 2 1 6 1 5 10 2 7 9 0 1 9 1 5 6 4 3 8 1 5 3 8 5 3 3 9 7 5 8 10 8 3 10 10 6 4 2 10 3 9 7 6 9 8 6 6 4 7 7 6 10 8 1 1 3 4 7 2 6 7 5 8 4 3 6 3 10 4 8 6 8 4 2 1 5 4 1 4 6 10 1 9 1 4 1 1 2 6 3 1 8 3 10 6 2 1 6 8 2 3 7 10 3 1 2 10 3 10 8 3 8 6 2 1 8 1 9 4 4 8 6 6 8 3 8 9 2 5 9 1 6 10 10 10 8 9 9 4 3 2 9 7 6 3 1 8 6 8 5 10 2 4 8 6 10 4 5 2 4 10 2 9 2 4 9 5 5 10 2 
4 9 8 8 10 3 9 6 4 6 8 4 9 1 2 7 10 3 2 5 10 2 4 2 3 4 10 8 1 1 5 2 8 9 2 9 10 10 8 6 7 0 6 4 8 1 10 3 2 10 7 6 7 9 9 8 6 7 2 9 1 10 7 5 10 2 5 5 6 9 9 8 10 9 7 2 3 2 2 2 3 1 2 2 3 4 7 5 6 4 4 9 8 4 4 7 10 1 8 8 3 7 4 8 7 10 8 3 3 5 3 5 4 2 4 10 4 4 4 7 7 4 1 3 1 4 7 1 3 1 10 8 1 4 5 6 8 8 8 2 4 2 4 1 1 8 7 3 1 2 6 4 4 7 4 9 4 2 4 4 8 6 10 4 4 7 10 1 4 5 5 8 9 6 3 10 9 5 10 7 2 9 10 6 2 1 5 8 2 6 5 2 9 8 4 6 3 9 2 6 
5 8 3 2 9 5 5 5 8 10 8 8 2 5 10 4 8 6 2 7 10 5 6 3 3 4 10 4 2 9 1 6 6 6 10 7 4 9 9 8 6 5 0 1 7 10 5 4 9 2 10 6 7 10 1 1 1 6 3 6 1 6 10 5 4 5 2 3 2 4 10 10 4 6 6 10 6 2 4 6 3 2 6 6 6 1 5 3 9 8 4 5 2 5 9 1 8 7 1 7 2 10 6 5 7 10 5 8 8 10 10 9 10 7 7 10 1 10 9 7 8 10 1 1 6 8 4 1 4 1 10 6 1 2 2 10 4 6 4 6 6 7 8 8 9 10 1 3 7 8 6 1 10 8 4 9 1 6 7 3 3 2 1 7 1 9 1 7 2 1 8 1 10 5 3 9 8 9 10 7 1 3 9 7 9 7 2 3 5 5 1 1 2 4 6 2 7 10 6 3 
5 9 2 2 10 9 10 9 7 6 8 2 5 3 10 10 2 3 8 10 8 6 10 7 6 4 6 9 10 10 5 5 2 5 8 2 8 2 6 6 5 8 2 0 10 5 5 8 10 10 8 5 2 3 4 4 9 6 10 7 2 9 4 5 6 6 6 4 4 9 6 2 8 1 10 2 1 10 9 2 4 7 8 10 8 7 10 3 7 10 1 9 6 2 7 8 2 8 1 10 1 7 10 8 1 5 3 9 10 2 9 2 8 3 10 4 2 3 9 3 2 10 3 5 4 8 10 2 3 4 8 1 1 6 1 1 7 9 5 7 6 10 6 4 5 1 7 8 10 5 3 10 5 4 6 4 7 3 9 9 9 2 3 2 8 4 4 8 2 4 1 4 4 10 8 7 10 8 7 8 9 7 5 5 3 3 5 4 7 10 5 3 4 2 4 10 5 3 9 8 
3 1 4 7 10 3 8 6 1 6 10 10 2 2 8 1 1 5 7 6 6 10 9 1 6 10 5 4 9 8 7 10 5 2 5 6 4 5 5 3 3 3 9 9 0 3 10 2 1 3 9 8 1 8 7 3 1 10 5 10 1 4 3 7 7 8 3 8 7 8 6 6 4 10 2 1 2 9 6 4 1 5 9 7 2 2 3 6 5 8 7 8 4 3 6 7 6 6 4 4 6 9 6 5 5 2 2 8 5 5 5 2 1 9 7 10 7 9 5 6 9 3 2 4 2 6 6 4 6 8 9 2 9 10 1 10 6 2 1 6 10 4 1 1 3 9 3 9 7 3 8 8 5 2 3 6 7 3 6 1 8 2 6 4 4 5 9 7 5 1 4 4 1 8 2 5 4 4 3 9 3 7 10 7 7 2 3 1 4 5 4 10 2 2 3 3 4 10 10 4 
10 9 4 10 3 7 6 6 8 9 6 5 10 7 10 1 4 8 7 3 1 5 6 3 5 3 9 1 4 8 4 3 7 4 6 3 5 2 2 9 9 6 7 2 1 0 3 8 2 8 3 1 4 2 6 8 3 6 7 9 10 7 4 10 4 6 3 10 4 3 3 9 5 7 1 10 5 6 9 7 3 4 9 6 2 8 8 9 7 8 1 10 5 7 2 8 7 1 6 4 8 6 6 7 6 8 1 10 2 1 2 8 1 1 1 9 10 6 7 8 8 8 10 10 2 7 6 10 4 9 5 9 5 2 8 3 5 7 6 4 8 2 9 5 4 1 9 2 1 2 6 4 7 1 7 1 9 3 9 5 8 2 10 6 7 9 10 9 3 1 5 3 2 7 3 10 9 2 9 4 9 4 7 10 8 5 3 10 6 7 1 8 10 2 7 5 1 2 9 8 
7 1 2 7 6 8 7 10 10 1 8 9 6 7 7 3 1 3 6 3 3 10 7 2 2 3 4 1 9 6 3 5 7 5 7 5 9 8 1 5 7 1 3 7 8 3 0 6 5 7 1 9 8 2 6 1 3 3 7 9 2 6 1 5 6 5 5 2 7 4 2 3 5 5 2 10 7 2 1 6 5 1 10 4 1 7 2 3 2 7 5 1 5 10 4 1 4 4 1 10 5 4 10 2 8 4 8 5 8 8 1 9 8 7 1 6 3 7 2 2 3 4 10 8 9 2 7 7 5 4 2 8 2 6 2 4 9 6 4 1 1 7 7 3 4 4 1 3 1 10 7 4 6 2 5 10 3 10 4 3 9 1 10 9 10 10 6 8 1 5 6 8 9 8 2 6 2 2 2 8 6 2 1 9 8 6 7 2 10 4 7 8 1 1 4 7 8 2 10 10 
5 7 5 7 9 7 7 3 7 3 5 4 8 1 9 6 4 4 4 4 3 10 6 9 5 7 3 9 3 5 9 10 6 3 2 7 4 2 4 5 2 8 3 1 4 10 4 0 10 4 9 5 5 4 5 7 6 7 10 8 8 3 9 3 2 10 8 7 9 6 3 3 6 7 10 10 3 1 1 1 7 7 1 2 6 8 9 10 5 2 6 6 3 8 7 4 2 7 6 2 8 3 7 9 1 5 6 10 2 7 1 4 5 8 9 3 1 2 2 9 1 7 4 1 8 5 8 6 1 2 4 3 9 6 8 7 3 8 4 4 9 1 6 5 3 5 5 6 10 2 6 10 7 3 8 9 4 1 2 5 4 3 10 9 3 10 3 1 1 4 10 8 1 10 3 9 7 6 3 9 1 3 3 8 8 6 7 6 2 1 4 6 3 2 1 2 2 10 9 1 
4 8 8 6 1 10 9 5 6 5 10 6 2 1 2 9 9 3 1 5 7 1 6 3 9 9 6 9 2 3 9 5 5 4 9 7 10 6 9 8 10 1 10 9 4 2 9 9 0 9 3 5 4 5 10 5 2 3 6 2 2 3 9 9 1 7 8 10 10 4 7 4 10 6 9 8 5 10 6 3 10 8 2 7 3 2 10 2 9 5 9 2 9 2 1 3 6 10 7 8 4 9 3 9 9 3 4 7 9 4 2 4 7 1 9 6 7 10 1 9 8 6 7 10 2 4 2 2 8 7 3 9 6 9 5 6 9 2 3 4 4 5 4 6 2 2 2 3 5 9 8 10 6 2 7 7 5 5 10 10 1 5 10 1 7 3 9 10 8 10 1 7 3 2 1 1 5 7 5 1 8 2 4 1 10 5 4 6 10 4 3 2 7 9 6 4 5 10 1 10 
8 8 2 6 9 3 8 2 1 3 10 9 3 4 3 1 5 7 4 7 6 9 2 4 6 9 10 5 3 9 5 9 10 8 5 10 6 1 4 10 10 3 8 4 5 3 3 8 1 0 10 4 7 1 8 2 7 10 7 9 8 4 7 6 8 1 10 2 8 2 4 7 3 4 9 4 10 10 5 4 5 1 3 9 2 7 9 6 2 1 5 8 7 4 2 9 7 1 3 3 7 5 8 7 8 5 5 6 1 1 10 7 3 4 10 7 7 5 2 4 5 4 7 9 2 7 3 1 10 6 9 7 2 7 2 3 2 6 4 9 9 4 6 2 8 3 9 1 7 10 4 8 4 7 4 1 6 10 8 7 1 10 9 9 7 4 1 8 8 5 1 10 2 1 6 7 9 8 1 1 2 4 5 8 8 7 4 6 10 3 3 6 5 7 6 7 7 1 8 10 
7 10 10 3 3 7 3 9 2 10 9 9 6 4 4 1 3 1 9 9 1 9 8 1 5 10 4 8 9 7 9 7 2 8 4 7 5 4 5 7 7 5 1 4 2 2 3 4 8 4 0 4 4 10 4 9 2 6 3 9 6 2 7 10 5 7 8 9 5 3 1 6 5 8 3 8 7 2 10 2 3 10 5 3 5 9 2 3 5 9 8 9 10 4 5 10 7 10 7 1 6 8 6 1 8 4 5 2 5 8 1 1 10 6 10 3 8 3 6 6 7 5 2 9 5 8 8 7 5 1 4 10 1 7 3 5 3 2 10 1 1 1 6 1 7 8 4 8 9 2 5 2 9 10 10 5 9 2 6 2 7 2 5 3 6 7 6 8 5 2 9 9 8 2 8 3 8 8 7 3 9 8 9 2 7 1 4 1 6 5 6 6 9 10 5 9 8 4 2 10 
7 2 1 1 5 8 4 5 6 5 6 3 4 6 3 2 4 5 1 7 4 9 10 2 8 10 4 2 5 9 8 4 6 6 10 10 7 3 3 6 7 3 1 10 4 7 7 8 7 6 2 0 7 7 7 6 7 8 1 3 2 7 8 1 8 7 6 3 7 10 5 2 9 5 5 3 6 6 7 7 9 2 8 5 6 8 3 5 4 3 3 3 4 2 3 1 4 5 2 6 9 3 9 7 5 9 10 2 9 2 7 2 6 10 2 5 10 4 7 9 5 6 3 6 9 5 3 9 6 7 4 3 8 8 6 3 3 8 2 5 2 2 4 7 8 4 4 10 1 5 1 3 2 2 6 4 1 1 3 8 6 9 6 5 10 6 1 10 1 7 9 4 2 2 9 3 1 10 5 10 6 4 5 7 3 6 8 7 10 4 8 9 3 10 9 6 8 3 7 6 
1 2 10 10 5 6 3 9 2 1 7 3 1 10 1 2 6 8 6 3 3 1 7 5 1 2 10 9 2 6 3 4 4 8 1 8 10 8 10 9 6 9 4 2 8 9 3 5 7 9 2 9 0 10 10 10 4 4 10 1 10 3 4 1 8 2 10 4 10 6 3 8 1 8 7 4 1 1 1 2 9 8 4 6 5 10 6 1 4 2 3 2 8 1 1 8 8 2 9 9 6 9 5 1 7 9 10 6 9 10 6 1 5 1 5 2 10 1 1 7 8 8 4 3 9 9 4 7 10 5 3 2 9 5 8 5 2 3 1 9 1 9 10 5 5 9 6 8 10 2 9 2 2 8 10 7 2 2 6 9 5 8 2 1 1 5 5 6 8 7 6 8 4 5 3 10 1 1 1 3 4 6 6 5 2 3 1 7 2 5 4 9 1 9 5 4 9 5 7 1 
1 3 9 10 10 10 7 7 4 7 4 8 10 2 9 1 1 8 5 5 4 7 4 10 7 9 10 9 5 4 6 8 3 9 3 3 1 6 4 4 10 3 2 10 10 9 1 5 8 5 3 2 3 0 1 8 8 2 8 5 1 9 4 5 7 10 6 4 6 1 9 9 9 8 7 6 2 7 5 4 8 8 4 8 9 1 6 1 5 7 10 7 4 4 7 8 10 10 1 2 5 3 6 8 2 8 10 2 10 2 2 9 6 4 4 2 6 9 1 9 8 1 2 3 8 1 3 9 1 6 7 6 9 4 4 7 8 6 5 1 1 3 10 7 8 10 2 4 5 7 5 4 1 2 4 7 9 6 4 3 5 7 4 9 8 7 8 4 10 1 7 6 7 8 1 9 4 8 2 7 3 9 5 7 7 7 10 9 6 10 9 6 1 2 10 10 7 6 10 3 
7 6 1 3 2 1 4 3 4 1 8 6 1 10 7 5 10 6 3 8 1 8 5 4 2 9 1 3 5 7 3 8 5 8 7 3 7 9 6 9 7 10 4 8 8 5 8 5 4 2 5 4 9 4 0 8 4 1 8 4 3 4 6 10 9 9 1 9 10 2 6 4 7 5 5 1 4 5 6 3 1 8 6 6 7 2 10 4 3 4 10 2 4 3 1 1 8 9 1 9 5 6 10 5 1 8 6 2 9 8 2 5 2 6 9 5 2 3 2 9 1 8 9 10 3 6 7 6 2 3 5 3 8 1 1 8 4 5 2 8 2 1 2 4 5 2 5 3 9 4 4 1 8 2 9 5 7 3 3 2 5 2 6 4 6 2 1 3 1 1 4 3 5 3 6 3 1 4 9 8 2 2 2 9 9 2 9 2 9 1 7 7 8 8 9 9 1 1 1 8 
1 4 10 2 9 3 10 2 7 9 9 8 7 5 8 1 7 8 7 1 9 5 10 3 7 5 10 5 7 2 7 3 10 1 10 6 5 10 9 6 5 10 1 8 2 3 6 9 10 4 3 6 4 2 9 0 10 6 3 9 10 10 7 2 9 1 4 8 5 6 3 3 7 5 5 10 10 8 10 1 10 7 3 2 4 3 4 10 8 9 7 2 4 7 10 4 6 1 3 2 10 3 7 9 2 2 7 4 4 4 5 5 2 1 3 10 7 9 10 6 5 9 10 10 7 9 3 1 9 4 9 4 6 2 6 3 7 5 9 9 5 2 9 9 8 6 1 2 6 4 7 1 4 10 8 7 6 1 1 10 3 4 4 1 8 6 10 1 5 3 4 5 9 2 2 4 2 7 5 7 6 10 5 3 6 7 5 7 5 5 6 6 10 4 9 4 6 9 6 6 
1 3 4 3 4 7 8 1 8 6 2 9 8 4 5 5 9 3 4 10 4 7 7 5 3 3 3 1 3 3 5 2 7 1 5 2 5 4 5 4 10 1 8 5 9 1 7 9 8 9 4 7 6 6 5 2 0 1 1 7 9 10 4 1 8 4 7 2 9 4 1 9 6 5 3 8 2 2 4 5 6 9 8 2 5 2 5 7 4 6 3 3 9 7 5 2 2 2 2 8 9 1 10 7 7 5 9 6 10 2 7 8 6 6 6 6 9 3 1 5 6 6 2 8 5 2 10 9 8 5 7 7 9 1 6 10 7 1 10 10 2 10 10 9 4 3 7 7 9 5 1 3 1 1 5 8 9 3 4 3 6 6 4 9 10 1 8 9 5 5 10 5 9 1 5 6 3 6 7 7 10 2 3 4 8 7 7 10 10 8 10 5 10 6 2 10 5 8 9 2 
7 5 2 8 8 5 1 3 5 4 6 5 3 3 8 5 4 9 10 8 10 3 7 6 7 4 9 7 1 1 2 1 5 3 9 2 5 7 9 9 1 7 4 4 9 5 6 6 2 1 9 9 9 1 5 2 3 0 4 4 1 9 1 1 3 8 8 2 7 2 1 8 8 10 7 2 6 2 1 8 8 3 6 8 3 9 9 6 1 5 10 2 5 7 1 3 1 2 10 3 8 8 4 10 1 5 6 2 6 9 6 1 9 3 6 3 2 8 9 4 8 2 1 3 10 6 6 5 7 1 5 8 7 6 4 2 5 6 3 2 9 1 10 2 1 5 2 6 10 8 2 6 10 10 1 3 4 8 3 5 6 8 2 6 2 3 4 8 2 8 3 1 9 10 8 3 8 5 4 5 7 5 7 1 5 4 1 8 7 3 2 9 10 3 8 8 9 7 7 10 
1 3 9 4 5 2 7 7 4 5 4 3 6 10 9 7 3 6 1 1 10 9 2 1 10 8 10 1 5 2 7 4 3 1 6 8 9 5 6 7 5 10 7 3 7 5 10 9 3 5 2 1 10 10 8 7 5 6 0 5 10 8 7 2 8 2 6 6 8 8 4 7 10 10 10 1 7 3 1 6 10 6 1 5 2 7 10 6 1 1 7 3 4 7 1 8 7 10 8 2 1 2 9 10 5 6 7 5 4 2 2 3 5 10 3 2 2 8 9 5 5 3 3 9 4 5 9 3 4 1 6 4 3 7 7 9 6 9 5 5 4 7 3 5 1 7 7 6 2 9 6 6 5 2 10 8 3 4 6 1 6 3 4 4 3 8 9 2 1 10 10 9 3 2 5 8 2 6 6 3 3 8 10 3 4 6 10 4 8 4 1 8 8 3 5 5 7 7 7 8 
7 6 4 10 9 3 10 10 7 7 5 2 9 9 1 1 3 9 7 7 4 2 8 2 2 2 4 1 6 2 9 9 9 2 10 7 10 7 7 8 1 1 2 2 2 8 2 3 10 3 10 7 9 10 1 1 3 6 8 0 8 3 4 7 7 8 5 6 2 7 8 7 7 9 6 4 8 5 4 4 3 10 2 10 9 6 5 9 2 2 7 8 1 2 2 2 2 2 6 2 2 2 1 8 6 1 9 3 9 5 9 2 10 10 1 8 1 2 7 7 10 7 8 2 8 4 1 1 1 6 4 1 8 7 7 5 8 4 2 5 1 5 8 8 10 9 9 3 3 8 7 2 10 10 3 10 10 4 10 9 7 3 3 10 10 10 5 10 5 5 8 7 8 9 4 6 8 3 7 3 5 4 5 2 5 10 8 10 10 4 3 7 5 5 10 5 3 6 10 4 
5 7 6 3 9 3 9 5 2 6 6 9 9 4 3 9 5 4 6 3 9 9 3 2 9 10 9 7 7 10 1 4 5 6 3 5 10 9 8 4 1 9 6 10 10 2 9 2 6 10 4 4 6 7 8 5 7 8 9 4 0 8 6 1 3 5 3 2 4 2 8 8 10 8 10 4 7 1 4 8 8 1 4 10 6 3 8 9 3 2 3 4 8 5 3 8 1 7 8 4 6 10 9 6 8 3 8 7 4 7 8 4 6 3 4 3 3 10 1 5 6 10 10 1 8 7 1 6 4 2 8 3 9 1 10 4 4 6 4 6 8 5 7 6 4 1 6 5 6 2 9 3 2 7 5 3 2 1 7 4 1 2 4 8 6 3 9 8 1 1 4 5 8 8 3 9 2 6 9 9 9 6 8 9 9 8 10 2 8 2 9 9 2 9 6 4 6 2 2 10 
8 10 2 8 2 8 2 1 7 8 4 6 9 1 8 3 2 3 9 9 7 10 4 3 5 9 6 5 9 5 5 5 10 5 6 4 2 2 7 10 2 2 9 1 5 5 7 3 8 9 5 7 8 6 5 9 3 9 6 9 7 0 7 2 4 9 10 6 10 5 2 3 4 2 5 3 7 7 2 6 10 1 4 9 4 9 4 3 6 4 4 7 4 6 9 8 8 5 6 5 3 9 6 3 1 7 5 6 8 8 1 2 2 9 10 5 5 5 5 4 9 1 8 6 4 1 7 10 1 2 8 6 5 5 1 10 10 5 9 9 6 4 5 2 4 9 7 6 4 10 9 9 3 3 6 7 6 8 1 9 5 6 3 6 5 5 7 8 1 3 7 10 9 9 7 5 8 9 7 6 9 9 8 4 10 7 7 4 3 10 6 8 7 7 9 10 5 7 2 1 
1 2 1 7 9 9 4 2 7 3 4 9 7 3 5 5 4 6 9 5 5 10 8 1 6 6 5 6 2 1 2 2 8 1 10 4 2 1 4 1 6 3 5 8 5 3 8 9 2 3 4 9 8 5 5 4 2 9 3 4 1 6 0 1 3 1 6 10 6 7 4 4 8 6 8 3 8 9 6 3 10 1 3 5 3 9 5 2 2 4 4 5 8 6 7 6 5 10 5 2 2 9 6 4 8 10 10 10 9 8 1 5 9 9 5 4 7 9 10 7 8 3 9 2 3 6 7 4 10 4 3 1 5 5 7 5 5 5 4 10 3 2 4 9 1 2 3 10 4 6 3 1 5 9 9 7 8 10 6 7 7 3 7 3 10 8 9 1 9 2 8 2 10 8 8 6 5 10 8 7 7 7 10 3 5 7 1 5 8 4 8 1 5 7 10 3 7 1 1 7 
4 8 9 6 4 1 7 6 9 4 7 1 3 6 2 5 4 6 7 8 9 7 1 4 10 9 7 7 4 2 6 1 6 4 10 7 7 10 6 7 4 3 9 10 5 6 8 2 5 3 6 1 3 7 4 8 3 10 9 4 9 10 9 0 6 7 10 5 8 9 4 7 6 4 5 8 9 9 2 9 4 1 1 1 9 10 4 3 1 5 2 10 7 6 4 3 7 8 4 9 4 6 3 2 8 6 3 10 6 10 10 3 2 8 8 8 4 6 9 7 3 9 7 9 1 5 9 7 4 10 10 5 4 2 4 4 9 1 1 5 6 7 3 9 6 8 2 6 9 2 10 5 7 4 8 9 4 7 8 9 5 10 4 4 10 5 2 6 2 3 5 10 8 8 4 1 4 9 1 1 6 7 2 9 3 10 4 2 4 4 7 5 2 4 5 3 3 6 10 5 
10 9 5 2 1 9 1 8 4 2 5 8 5 10 8 3 5 8 5 4 1 9 3 3 4 5 2 10 3 1 9 1 3 4 5 1 5 10 4 3 6 8 6 7 4 7 7 6 4 8 3 2 3 2 3 10 8 9 6 5 3 2 8 6 0 3 1 1 5 1 8 9 6 7 9 4 7 10 9 2 6 3 6 9 1 2 10 4 5 8 4 9 3 2 6 2 10 9 1 3 1 5 3 8 7 6 3 10 10 7 3 10 1 8 3 8 9 1 7 4 10 9 6 10 1 8 8 6 3 7 2 4 7 6 8 2 2 1 2 10 10 3 1 7 2 3 8 2 3 4 10 8 4 1 6 9 7 6 3 8 7 1 5 3 2 3 7 8 7 5 10 2 10 9 1 1 2 8 6 10 2 4 9 6 9 9 2 8 6 8 1 2 2 2 6 8 8 10 2 4 
5 2 1 1 3 10 8 3 5 2 1 2 8 4 8 2 1 9 9 10 5 6 7 5 9 8 10 5 5 8 10 2 3 7 8 9 6 4 5 4 6 4 1 5 8 10 1 8 7 5 4 8 10 9 2 5 9 1 10 5 9 9 6 9 3 0 6 5 9 8 4 10 9 3 10 3 5 7 5 8 9 8 5 6 9 9 6 10 3 10 10 2 6 8 4 2 4 4 8 5 9 5 1 5 6 2 1 1 7 6 8 5 3 3 7 4 4 1 2 5 3 1 6 3 10 5 3 8 10 6 2 5 7 1 4 1 10 4 8 3 6 4 10 1 8 9 2 1 6 1 9 7 9 4 1 6 6 1 6 3 1 10 9 3 4 7 1 7 7 7 5 6 10 5 9 8 6 3 5 8 10 1 7 6 8 9 9 9 6 2 2 10 1 10 1 7 10 3 8 7 
7 3 9 8 4 6 6 10 6 10 1 3 4 8 1 10 5 1 2 6 7 5 1 6 10 1 8 4 9 3 5 5 7 4 5 8 2 5 9 6 4 8 6 2 1 8 3 2 4 6 8 6 3 1 5 3 7 1 9 6 2 8 3 5 7 10 0 1 3 7 8 7 5 8 6 9 6 6 3 1 3 2 9 3 6 5 5 5 2 6 4 1 6 2 10 6 8 5 3 7 3 4 9 2 10 5 5 8 4 6 3 10 10 8 7 1 4 10 10 7 7 5 6 6 8 3 6 1 8 9 6 4 2 9 3 1 6 10 1 2 6 9 1 5 1 7 5 4 7 10 2 4 7 6 6 4 6 5 6 9 7 9 10 5 5 5 8 9 1 6 5 8 1 5 6 3 1 1 6 6 1 3 7 7 6 8 3 5 3 5 3 1 1 4 3 1 9 9 1 7 
7 1 7 5 8 1 10 1 4 9 5 5 10 6 4 4 6 6 7 1 4 8 6 10 1 10 7 5 8 6 9 10 8 7 4 4 9 7 8 5 3 7 5 9 5 3 3 7 4 4 2 1 1 2 8 10 7 5 7 6 7 8 3 1 6 5 1 0 10 6 4 10 7 3 7 4 6 2 7 1 6 4 2 7 2 6 7 8 10 6 2 3 8 6 8 4 4 1 1 3 6 4 7 6 9 3 10 7 8 3 8 1 3 1 9 4 3 6 7 8 10 2 7 8 1 10 1 3 3 1 4 4 1 2 2 7 1 2 9 9 10 1 8 3 9 1 10 7 1 10 7 4 4 7 9 10 6 1 6 3 8 1 6 4 9 5 6 4 4 9 6 6 10 4 6 1 6 10 9 9 1 2 4 1 1 4 3 5 4 6 4 4 2 1 2 6 8 7 3 6 
6 7 7 2 3 9 1 7 5 1 6 4 8 10 3 8 8 6 6 9 4 4 1 2 3 9 7 9 9 2 7 8 4 3 8 1 8 4 9 7 9 4 2 4 4 9 7 10 4 6 9 9 2 8 2 10 4 6 2 3 10 3 10 2 6 1 1 4 0 6 8 7 8 1 7 4 10 5 2 1 9 4 4 8 5 1 8 2 7 4 4 1 8 10 6 8 7 9 5 5 6 10 6 2 10 9 5 2 6 6 9 10 6 1 1 2 9 2 1 9 7 2 8 4 3 8 2 6 8 2 10 2 8 3 7 2 9 2 2 1 5 9 6 2 7 5 2 8 6 4 9 8 5 7 7 5 4 4 7 9 3 4 9 8 9 1 9 6 7 2 7 5 8 4 7 7 8 1 4 1 6 7 3 6 9 9 8 1 6 4 1 1 10 9 4 7 2 1 2 5 
9 8 3 3 1 10 6 1 10 4 10 7 1 8 2 5 6 7 10 6 4 10 1 3 4 4 8 1 10 4 8 5 8 5 3 8 5 5 5 8 3 8 6 9 3 10 3 7 4 4 7 3 9 6 8 7 5 5 2 1 1 3 3 9 6 10 4 3 3 0 4 2 4 2 9 1 9 5 9 3 4 9 2 6 1 7 5 3 5 7 5 2 4 3 8 4 6 5 10 9 9 4 1 3 9 8 9 6 1 7 6 5 5 10 10 9 2 5 2 2 4 10 7 4 7 6 6 10 3 10 2 4 7 9 10 7 4 5 7 10 9 6 6 10 8 6 7 1 7 4 8 9 6 8 6 9 1 10 3 4 4 9 10 3 4 3 7 10 2 1 1 7 5 1 3 4 3 5 7 1 5 5 9 5 9 8 2 6 7 5 6 4 10 4 4 6 3 10 8 3 
1 7 3 4 1 5 1 6 9 5 10 9 1 10 10 4 9 1 5 9 3 9 6 7 1 1 1 1 10 6 8 8 10 6 10 7 7 8 6 1 1 3 9 6 8 1 7 4 6 10 2 6 9 1 5 5 7 6 7 1 3 1 2 10 6 4 7 7 9 10 0 7 3 8 6 6 7 6 8 2 2 4 5 5 7 5 4 3 5 5 10 5 2 4 9 1 3 9 7 2 7 4 2 8 1 7 4 9 5 10 4 10 9 10 8 10 4 6 4 9 7 2 1 5 4 10 1 6 8 5 9 7 7 9 7 1 8 4 2 2 8 1 9 4 10 8 10 7 5 2 5 7 1 4 5 7 6 9 1 2 8 4 9 8 4 1 10 9 8 1 1 4 8 7 5 6 2 2 8 7 1 5 9 8 2 3 10 9 4 9 2 1 1 10 2 2 10 6 1 5 
2 8 4 1 6 8 6 10 9 6 5 5 1 7 2 1 7 9 2 8 8 2 1 8 9 5 7 7 10 5 1 9 5 2 2 2 5 8 10 8 2 8 1 8 4 9 1 7 5 4 4 10 8 9 9 6 2 2 5 3 6 2 7 6 1 3 5 4 3 1 7 0 1 9 2 6 10 7 4 9 10 6 9 7 8 10 10 6 5 1 1 10 2 7 7 6 10 7 3 2 5 9 1 1 5 8 1 9 1 4 9 5 10 6 7 8 5 9 2 5 7 9 5 1 4 7 3 5 3 5 4 10 6 7 7 3 1 9 6 5 5 7 4 6 9 3 4 4 5 8 5 4 10 10 5 5 1 4 7 4 7 1 3 7 10 3 5 8 8 1 3 6 10 5 6 8 6 8 1 6 6 4 2 9 9 7 5 10 4 10 4 9 1 6 9 6 10 9 1 7 
9 9 1 7 4 3 6 10 7 5 3 2 2 9 3 2 3 6 2 9 9 8 8 10 7 10 4 2 1 3 10 10 1 1 5 10 5 2 9 4 5 9 5 1 1 1 3 3 10 3 6 2 2 3 4 6 9 9 6 4 5 4 9 7 1 5 3 5 2 3 2 5 0 6 9 1 10 1 3 5 7 10 7 6 8 2 2 2 2 7 8 7 1 4 6 2 1 6 5 4 5 8 4 6 8 3 6 5 8 1 2 7 1 2 7 9 4 4 2 4 7 1 6 5 5 7 4 5 4 2 9 3 6 3 3 6 1 6 9 7 5 8 2 7 1 6 2 4 6 5 7 3 4 6 7 9 10 4 5 7 1 10 2 6 2 5 2 5 7 6 3 1 4 4 1 3 1 3 3 3 6 2 9 9 2 10 2 7 7 8 8 4 9 6 4 2 7 8 5 2 
6 4 5 2 5 4 6 2 10 3 10 3 8 10 9 2 2 1 10 8 3 10 2 8 8 1 9 8 2 6 1 8 9 4 10 8 3 3 10 1 4 9 4 10 3 6 1 5 5 5 7 10 5 3 4 5 9 2 6 1 2 5 4 1 2 2 4 8 4 9 8 8 1 0 8 1 4 1 3 6 2 10 1 2 2 2 2 4 2 6 6 4 8 5 3 6 7 1 3 2 8 9 2 1 6 2 9 10 1 2 3 2 2 7 10 8 10 2 9 10 3 5 4 8 2 8 7 3 2 6 1 10 3 7 10 7 10 3 6 3 8 1 4 7 3 9 2 8 2 6 1 9 5 1 1 9 10 10 9 8 3 5 9 3 2 6 9 6 8 2 6 1 10 3 2 4 6 5 4 10 5 6 8 8 3 1 10 5 1 4 4 4 3 5 10 6 9 9 6 10 
8 4 9 6 1 8 10 6 5 4 1 1 1 5 1 4 1 6 2 5 8 9 2 7 7 10 8 6 7 1 8 1 6 10 8 10 8 8 3 7 7 6 6 10 6 7 9 8 4 8 1 7 9 6 6 3 6 6 7 6 3 9 2 5 7 8 1 10 1 9 5 10 8 5 0 4 1 10 7 4 5 5 2 3 6 7 4 4 10 7 3 4 5 6 2 1 7 3 8 9 2 4 7 6 7 2 3 5 9 6 9 7 2 10 6 3 7 4 3 7 5 1 10 6 9 4 2 6 2 7 2 1 5 5 6 9 5 3 6 8 1 3 8 8 3 6 9 9 7 5 9 4 3 8 5 8 5 9 7 2 1 10 6 1 5 9 10 6 10 1 3 8 6 4 2 2 2 9 3 9 9 6 7 5 5 10 7 10 3 6 2 4 7 10 10 10 5 8 7 2 
7 7 8 10 5 8 8 2 7 2 9 8 9 7 2 10 5 7 5 6 8 3 4 4 4 8 8 6 8 4 3 7 4 2 1 5 6 7 1 1 1 9 1 3 1 2 1 9 1 3 1 1 9 9 9 4 7 4 4 1 1 9 4 9 1 3 4 4 4 10 4 8 8 6 5 0 7 3 3 3 3 7 9 7 5 10 10 7 10 3 8 10 10 9 6 5 9 7 8 9 4 4 6 9 7 1 1 9 6 7 9 4 3 2 1 8 3 7 3 3 3 10 10 4 1 8 8 3 9 4 1 6 2 7 4 9 10 6 8 5 2 7 7 10 6 1 4 3 3 7 3 9 4 6 9 1 6 4 6 10 9 5 9 10 6 6 4 4 5 10 10 8 2 10 8 6 3 7 3 5 9 9 7 10 4 10 1 3 1 3 2 3 9 3 2 10 6 1 10 4 
8 2 2 2 7 7 3 2 4 3 3 8 6 8 7 3 10 4 8 8 1 7 8 8 7 2 9 3 5 2 1 7 4 1 5 3 10 9 9 8 2 2 6 8 3 3 2 1 2 6 3 9 8 8 10 4 10 2 10 6 4 6 4 4 4 7 8 7 1 3 6 6 8 3 1 7 0 8 7 4 2 3 8 3 3 8 6 1 5 7 10 8 3 7 1 7 9 8 4 7 1 2 8 10 7 6 9 8 5 3 7 5 6 10 7 6 6 3 1 7 3 8 10 8 8 4 1 9 5 10 9 7 3 2 8 7 8 7 6 5 1 9 6 10 4 4 9 6 2 2 1 1 8 1 10 3 1 7 10 9 5 3 10 5 8 7 10 4 3 6 6 1 4 4 3 6 8 5 7 5 4 6 8 3 6 2 8 6 7 2 1 2 5 6 9 4 7 9 2 5 
6 5 5 4 9 1 2 4 6 2 4 2 6 5 7 1 7 4 10 3 4 8 4 5 5 1 4 5 9 1 1 8 6 5 8 1 10 4 6 9 4 10 10 9 1 6 4 6 10 4 6 5 3 10 10 7 8 10 6 4 8 7 7 10 4 4 10 7 2 4 5 10 6 6 1 2 4 0 5 3 2 3 7 5 4 5 3 10 7 4 10 1 7 4 6 10 10 4 7 8 5 3 5 1 7 10 10 10 5 9 6 8 10 3 6 3 10 4 9 1 9 9 8 1 5 1 9 2 7 4 1 7 6 9 1 1 4 6 10 10 5 10 8 2 1 3 1 8 4 5 5 4 8 7 2 7 2 9 1 4 10 2 7 7 6 3 4 4 1 7 4 9 10 9 9 8 4 5 5 5 5 8 9 3 6 3 1 7 10 10 1 8 4 10 8 7 3 6 1 1 
3 6 8 5 10 7 2 7 3 4 10 9 3 8 5 8 8 10 5 1 2 3 5 1 2 9 3 10 3 5 7 3 9 7 4 6 5 10 9 2 1 4 3 10 5 3 1 4 9 9 4 4 6 7 6 6 10 2 4 7 10 8 2 8 10 1 4 3 5 6 5 2 10 10 5 3 5 8 0 10 6 6 7 3 3 1 4 6 1 3 4 4 3 1 10 1 5 10 7 4 8 7 2 2 2 7 2 2 9 10 1 7 7 8 9 3 10 2 2 3 3 3 5 4 3 9 10 3 7 3 6 8 10 5 3 4 6 7 5 6 4 10 2 7 4 10 1 3 8 3 10 4 10 4 3 4 10 7 5 3 1 6 3 10 10 4 9 8 8 1 3 6 5 8 1 6 8 10 8 8 7 10 5 5 5 3 8 4 9 2 7 7 5 8 9 1 7 10 10 9 
9 7 7 9 3 7 10 7 10 7 1 1 10 4 7 2 2 6 9 2 8 7 5 3 4 5 10 3 6 7 7 2 10 4 1 6 9 7 8 4 9 4 10 7 2 1 2 5 7 8 8 3 4 3 3 5 4 2 4 4 5 3 5 5 8 5 6 6 5 4 6 8 6 5 10 10 9 9 3 0 7 5 3 2 7 3 1 2 8 3 4 2 5 6 5 10 9 4 2 8 4 2 10 6 3 8 7 8 3 1 8 8 1 3 9 6 4 10 10 10 5 8 10 4 2 5 5 10 5 9 9 10 7 3 7 4 3 1 7 10 6 5 9 10 6 6 7 2 8 8 3 2 1 8 3 6 9 3 9 6 7 9 6 2 3 5 7 8 9 8 5 7 4 3 4 7 4 3 10 7 7 5 10 5 4 1 8 3 3 6 7 9 8 6 8 10 7 5 10 3 
4 7 2 10 2 10 6 9 7 4 3 10 8 1 4 9 7 5 8 9 2 1 1 1 1 4 10 10 5 10 3 9 5 7 2 2 10 4 1 5 7 2 4 4 9 8 1 7 2 4 3 7 4 6 5 10 5 2 5 4 7 2 9 7 7 9 8 2 4 7 9 10 8 8 10 9 6 9 10 7 0 4 3 4 7 1 9 10 3 9 10 7 8 5 2 7 1 4 6 4 3 4 4 7 4 8 2 3 10 9 4 2 10 3 10 4 1 8 2 4 10 7 8 2 6 6 6 4 2 6 6 1 9 4 8 5 1 3 4 5 6 8 9 3 1 9 2 1 1 4 4 6 3 2 10 1 4 10 2 6 9 2 9 7 3 1 8 1 9 10 9 7 6 7 3 7 8 2 2 4 1 6 10 10 8 9 2 7 1 7 1 1 1 5 9 8 9 2 4 10 
3 1 10 4 6 3 2 1 1 4 3 8 1 1 7 10 5 1 6 1 6 2 4 7 4 9 6 6 6 3 7 10 5 2 3 10 6 9 8 2 9 10 7 3 5 3 8 9 8 2 2 1 3 4 6 4 10 6 7 10 9 7 4 6 8 10 6 9 4 10 7 1 7 4 8 6 9 5 10 3 3 0 6 2 3 4 1 2 1 9 8 3 3 2 7 10 2 8 4 4 3 3 7 3 7 6 10 3 7 7 3 9 8 2 10 5 8 6 4 6 2 10 5 10 8 2 7 2 4 2 1 2 8 10 8 10 3 5 4 6 9 6 6 4 9 6 6 2 3 5 8 5 2 9 3 9 5 8 3 6 6 1 2 3 8 8 5 10 9 3 2 2 8 3 8 6 3 7 9 7 10 3 3 1 10 1 5 3 10 5 3 5 3 9 1 2 4 4 10 7 
10 9 1 9 1 1 5 2 1 1 10 3 2 5 5 6 9 10 10 5 1 6 5 1 1 4 2 3 2 5 1 1 5 7 8 5 4 5 8 3 5 6 2 10 1 6 6 10 6 7 4 7 1 10 1 1 10 6 8 9 1 7 2 4 10 5 7 9 7 9 3 5 6 1 1 9 1 9 9 5 5 4 0 5 1 10 10 5 2 4 8 6 3 5 7 7 1 5 9 5 1 7 9 10 8 3 8 2 6 10 3 5 2 6 3 7 5 6 9 4 5 9 4 3 9 8 7 4 2 1 9 9 5 4 1 3 4 10 2 9 7 2 10 4 8 3 2 1 6 10 5 5 7 1 3 6 6 10 7 2 9 5 7 10 5 1 9 2 6 6 7 3 5 8 9 3 9 10 8 3 5 9 7 10 3 2 3 10 10 1 6 7 5 2 3 6 2 3 9 1 
4 7 10 2 3 7 4 7 6 6 2 6 5 7 5 2 1 4 2 1 1 1 5 2 6 1 7 7 3 2 6 2 6 8 3 10 8 4 3 4 10 6 10 9 3 6 3 7 7 3 2 3 4 5 1 1 3 4 5 5 10 6 3 3 9 9 5 9 9 7 5 8 9 5 7 5 9 3 4 3 7 6 10 0 5 4 7 9 6 10 3 6 8 2 3 2 8 8 6 2 9 7 1 6 1 9 1 8 9 7 2 6 7 4 2 9 6 2 8 5 4 1 8 1 8 8 7 6 3 5 6 6 2 1 10 8 2 9 3 1 8 1 2 2 9 1 8 5 9 7 10 7 10 9 2 8 1 10 9 8 9 1 1 8 9 6 3 8 2 5 3 10 4 2 9 5 5 5 6 6 1 1 1 9 9 10 8 1 8 3 2 9 3 1 2 6 10 7 8 3 
1 3 8 9 9 4 2 6 6 10 4 9 5 3 1 6 2 6 2 4 7 10 8 5 1 7 4 10 9 7 2 8 3 4 5 7 4 3 10 9 9 1 7 1 6 3 4 6 7 3 8 8 6 5 1 6 6 1 5 4 5 1 4 8 6 1 3 2 7 10 4 6 2 1 10 7 4 1 6 10 5 2 3 6 0 4 6 8 1 10 10 9 7 2 10 1 6 5 1 9 10 10 9 2 2 5 2 4 4 5 3 10 5 5 10 7 6 10 9 8 9 4 2 6 8 3 8 2 2 3 5 3 2 2 2 9 6 3 5 8 6 5 9 10 6 4 2 5 2 9 1 8 10 10 5 4 8 7 8 10 9 9 1 6 6 6 10 7 4 6 7 2 10 2 4 10 4 10 5 9 7 5 4 3 2 8 2 9 9 10 10 1 6 2 3 6 9 5 4 9 
10 5 4 3 5 4 3 4 3 8 3 9 2 3 4 4 2 4 3 9 2 8 4 7 6 8 2 2 3 10 2 5 7 3 2 3 8 5 6 3 2 5 1 1 9 1 5 10 3 3 3 7 4 8 2 3 7 3 7 2 10 5 8 5 2 1 6 8 7 5 6 9 6 3 4 5 3 10 10 4 7 7 10 2 1 0 3 1 3 8 6 10 3 7 10 5 9 3 10 9 1 5 1 7 4 7 7 2 4 2 2 2 3 8 7 5 6 8 9 8 6 9 1 10 4 8 9 4 4 8 5 5 1 5 2 8 3 1 6 9 8 2 6 1 8 9 2 9 6 6 3 7 9 4 1 2 7 3 9 4 4 2 7 5 6 9 9 8 4 5 3 4 6 1 4 3 6 7 3 5 10 6 8 4 1 10 7 8 8 4 2 1 10 8 5 8 6 1 2 5 
7 1 2 3 8 6 2 3 5 2 3 7 10 1 1 10 4 7 4 9 2 3 1 3 2 5 4 4 6 5 10 9 5 6 10 5 1 6 10 7 2 9 2 4 8 3 1 1 10 2 10 10 9 2 7 7 5 5 8 6 10 9 8 7 5 3 9 1 6 1 7 6 3 5 10 4 9 4 9 9 4 4 5 7 5 10 0 10 2 3 2 10 5 3 3 1 9 9 1 7 6 2 6 1 1 1 4 4 1 10 7 3 2 1 8 4 1 10 5 9 1 9 5 1 6 6 1 5 4 8 5 9 8 8 10 2 9 8 7 5 8 9 2 9 6 6 6 2 3 8 6 4 4 5 5 2 8 4 4 4 1 10 9 9 7 9 9 7 4 9 7 3 2 5 7 7 4 8 6 7 7 4 10 3 9 7 10 4 10 3 8 5 8 6 7 4 6 5 5 9 
4 8 8 8 8 9 1 4 7 5 1 1 9 5 6 6 8 7 4 1 8 10 8 9 7 3 1 8 4 3 1 4 9 1 4 10 3 9 3 4 4 8 1 6 4 2 4 7 6 2 7 6 10 9 7 9 8 3 6 5 3 2 3 10 2 7 5 1 3 4 4 4 3 9 8 10 7 1 9 7 7 3 8 4 5 8 4 0 1 5 6 9 3 3 9 2 5 3 6 8 4 3 10 3 7 5 10 3 2 7 4 10 8 5 6 1 6 3 9 8 6 8 2 6 2 5 3 2 7 1 8 2 8 6 2 8 8 1 4 1 5 10 10 6 8 10 10 4 2 7 5 5 10 4 5 7 1 10 6 9 4 4 10 1 1 8 3 1 8 8 6 2 9 10 3 10 8 8 3 10 10 5 5 8 3 10 6 3 1 9 6 8 10 4 2 8 2 5 1 5 
10 5 4 9 8 1 5 5 9 2 1 5 1 4 3 3 7 9 9 8 2 8 4 7 9 9 1 1 4 10 1 4 8 5 3 4 7 9 1 7 8 6 5 8 10 10 10 5 6 6 9 7 4 8 3 8 3 8 9 8 7 1 3 9 9 5 4 5 1 5 5 1 1 8 6 7 10 2 6 4 7 4 5 1 7 3 10 9 0 4 2 5 3 6 5 1 7 9 1 2 3 2 10 3 1 4 6 10 6 6 8 7 7 9 4 8 7 9 8 4 3 10 10 7 5 4 6 3 4 10 8 10 4 3 10 8 5 7 7 2 3 1 9 3 1 5 9 6 4 6 2 3 7 1 5 4 3 3 9 9 5 1 4 9 8 9 8 4 1 2 2 9 8 6 10 7 3 3 5 6 3 4 5 5 9 1 3 1 8 9 6 5 5 4 5 7 3 9 6 3 
8 8 5 5 1 8 6 3 1 1 1 4 4 10 3 9 9 10 10 4 9 1 5 9 9 10 7 6 6 1 2 6 6 3 9 3 3 7 3 2 8 9 3 10 7 7 2 6 2 4 4 8 6 3 5 10 5 8 1 10 7 10 2 3 3 2 2 4 8 10 10 2 6 9 10 8 10 1 7 4 9 10 6 5 7 7 8 10 3 0 8 8 1 1 5 10 1 7 7 1 7 3 5 8 2 1 1 2 8 3 6 2 3 9 3 4 4 2 10 4 7 9 8 10 9 5 8 5 5 9 7 7 1 6 8 10 10 6 5 6 6 6 10 5 9 2 10 10 3 10 10 9 4 10 9 3 1 7 1 4 10 1 9 5 6 5 7 9 2 5 2 10 10 10 5 3 4 5 1 6 8 10 1 8 8 6 1 10 2 8 10 9 10 7 4 2 9 6 5 1 
1 4 8 9 4 7 3 7 3 7 8 3 9 10 1 5 10 7 4 1 7 10 8 9 4 1 5 9 2 1 1 7 5 4 8 4 5 5 3 10 5 3 4 9 10 5 8 6 7 6 7 4 2 9 3 5 7 8 1 5 4 4 4 7 4 10 10 7 5 1 4 5 7 10 6 10 10 5 8 6 10 2 5 10 6 8 1 7 2 5 0 5 1 10 4 5 8 4 3 3 5 10 4 5 5 8 1 5 7 8 6 2 1 4 10 9 8 1 6 8 6 8 4 3 10 8 3 10 7 5 1 1 3 1 1 8 8 2 3 6 9 1 4 4 1 1 7 8 5 4 10 1 1 5 5 5 9 8 4 6 9 4 4 10 8 6 7 7 1 8 8 6 6 3 10 9 7 6 6 2 9 8 7 1 5 6 10 2 9 6 5 7 10 3 5 6 6 5 3 9 
1 1 10 7 2 8 10 3 2 8 2 9 9 5 8 4 7 4 2 1 1 3 8 4 6 7 7 7 6 4 6 4 4 1 5 9 1 7 6 3 6 10 6 2 7 10 3 5 10 2 9 5 2 6 8 6 1 7 1 10 2 10 4 5 4 8 5 6 5 5 10 7 4 7 8 1 10 10 9 10 2 2 3 2 10 2 8 3 10 10 3 0 10 1 9 5 4 4 10 10 6 3 8 6 1 8 8 8 10 7 8 7 10 5 9 5 9 10 1 2 7 8 7 6 4 1 10 3 8 10 5 4 8 7 2 10 2 8 10 2 10 7 8 5 8 9 10 3 5 4 6 5 8 5 3 3 4 8 4 10 5 3 7 4 9 3 5 8 1 10 6 10 5 1 4 3 6 7 3 1 6 7 4 1 4 5 9 9 5 5 2 5 7 5 7 10 10 2 2 3 
2 1 10 8 10 10 5 6 10 3 6 3 9 5 10 5 9 3 4 9 5 3 1 1 1 10 8 8 7 5 8 3 10 10 6 10 1 10 4 7 8 7 5 2 2 5 6 5 8 4 8 10 1 7 5 3 10 9 8 3 2 2 1 9 5 3 2 3 9 1 6 4 4 6 3 5 3 10 3 7 8 7 3 6 1 5 6 3 3 6 1 1 0 8 5 10 7 5 3 8 4 2 8 7 5 2 9 9 2 10 10 5 5 7 3 5 9 1 9 10 1 1 7 2 4 5 2 5 2 2 4 2 2 1 5 7 6 1 9 6 2 10 6 5 8 10 5 4 10 5 6 1 6 10 8 2 2 6 5 2 10 1 10 8 9 5 1 6 1 3 7 9 5 9 6 4 6 6 7 10 8 6 8 6 7 10 7 8 9 4 4 10 1 4 4 7 1 8 1 6 
2 7 1 10 6 10 2 3 9 1 3 5 7 5 1 8 5 5 4 5 3 6 6 1 10 2 1 3 8 3 5 8 8 8 2 1 1 7 4 2 2 5 6 6 5 10 9 8 3 10 9 6 10 6 9 2 9 9 10 6 8 1 3 6 6 2 1 2 10 10 3 10 5 10 2 7 1 7 1 10 1 2 8 4 7 2 2 8 4 6 4 6 1 0 7 10 1 4 1 3 8 10 8 2 1 10 10 1 7 8 1 9 10 1 7 7 2 5 6 6 6 2 8 4 10 1 9 8 4 10 9 8 9 9 1 7 6 3 6 4 7 10 3 8 4 6 10 1 1 4 8 9 8 9 5 10 10 10 10 3 9 9 2 5 7 5 6 9 9 8 8 6 5 8 4 6 6 9 8 7 8 5 8 1 4 5 3 7 7 7 7 9 2 8 8 9 3 2 8 9 
3 4 5 4 8 8 8 7 3 3 2 7 1 2 1 3 3 10 1 5 7 8 7 6 5 3 8 6 8 9 6 1 3 2 3 6 5 3 4 6 3 5 3 8 7 8 9 10 9 8 5 6 1 1 4 10 3 5 5 5 7 9 1 8 7 8 10 6 6 10 2 1 3 7 10 1 8 10 9 3 8 4 7 5 8 7 4 9 2 10 4 10 8 2 0 4 5 3 9 3 6 7 6 2 7 9 5 6 7 1 2 2 10 8 8 4 3 7 2 7 1 8 8 6 9 5 1 2 9 6 7 9 8 10 10 5 8 6 6 3 4 5 5 5 4 4 1 9 2 1 7 1 3 10 1 9 1 9 5 5 4 8 5 3 6 7 9 8 3 2 8 8 5 3 3 10 6 9 3 4 8 2 1 8 6 3 10 4 1 1 7 5 1 9 1 1 7 8 9 2 
3 9 8 5 3 1 8 3 3 2 7 10 1 7 3 2 9 7 4 9 3 3 7 5 1 8 3 5 1 3 10 4 9 5 3 6 8 2 2 4 3 6 3 4 6 4 7 6 2 4 6 8 3 3 2 10 4 1 7 3 3 2 5 8 2 6 6 1 9 4 10 8 8 10 1 7 8 7 9 9 4 7 4 5 3 5 2 6 4 4 5 7 5 10 6 0 4 3 9 9 8 5 7 5 3 4 3 5 9 3 9 9 5 1 10 2 1 9 10 8 7 8 7 7 2 2 9 3 3 1 8 7 6 8 2 7 9 5 1 3 6 7 3 7 1 7 6 10 6 5 7 8 4 8 1 8 1 3 6 4 8 7 7 4 4 6 10 3 4 2 5 6 6 6 3 2 10 7 4 9 2 5 2 8 8 10 1 2 1 2 1 6 3 7 6 2 10 9 10 3 
9 6 10 10 5 2 1 9 1 7 6 2 10 4 4 5 7 4 9 5 1 10 8 3 7 8 7 4 3 3 1 2 9 9 6 1 2 2 10 2 5 5 6 2 2 7 4 4 8 8 2 8 7 1 4 3 10 8 8 5 1 6 3 5 5 3 8 8 8 5 6 4 2 10 1 4 3 4 10 7 8 7 10 7 1 4 1 10 6 4 7 7 10 8 2 10 0 7 3 2 2 5 9 5 6 3 5 7 1 2 10 8 4 9 3 2 1 7 1 4 1 5 7 5 10 2 9 7 9 2 8 2 5 2 3 1 1 2 2 9 9 4 4 8 2 10 10 7 3 4 8 8 7 6 10 8 7 3 5 10 7 3 4 4 10 10 5 10 2 3 10 10 5 9 8 8 10 6 1 1 10 4 9 6 7 10 10 1 9 5 4 6 7 7 3 2 5 2 1 8 
10 8 10 1 1 10 9 4 10 3 2 9 7 8 10 6 10 3 10 5 10 8 1 4 7 8 9 2 1 9 5 3 10 1 7 8 10 1 9 10 5 5 5 9 1 5 6 7 9 10 1 9 1 3 5 7 9 5 1 3 4 7 5 9 8 6 6 3 4 6 2 5 6 10 4 1 10 3 3 1 8 2 8 7 1 3 4 8 6 1 3 4 3 4 5 3 2 0 3 8 6 7 5 5 7 10 6 5 2 7 10 7 4 4 7 2 6 7 3 1 3 8 3 4 9 5 3 4 4 8 9 3 10 6 8 5 5 4 7 5 2 3 8 5 9 2 5 7 5 7 10 8 10 3 4 5 5 7 9 8 4 2 1 10 5 8 2 3 6 7 7 5 1 9 3 4 10 4 8 9 5 6 2 7 2 5 7 8 9 1 10 5 5 6 5 2 3 9 2 2 
4 4 10 2 4 1 1 3 10 5 10 10 7 10 8 9 9 3 9 1 10 4 3 8 7 10 5 2 3 7 3 9 6 2 10 7 2 9 9 1 1 6 6 5 2 7 1 5 3 3 2 1 10 7 6 7 2 1 5 6 8 3 4 4 5 6 7 10 2 9 1 10 1 8 6 2 5 9 4 8 3 10 9 7 1 3 9 6 1 2 2 9 4 3 7 4 7 6 0 5 3 2 8 9 6 5 2 5 9 3 5 5 3 9 10 8 5 5 10 10 6 4 1 7 6 3 9 5 6 5 2 10 4 5 5 4 4 4 9 10 7 5 1 9 1 9 3 9 7 1 4 8 7 1 5 5 2 6 4 3 8 6 1 3 7 6 5 9 1 4 3 10 9 3 1 5 7 7 2 9 3 5 8 9 6 8 3 1 7 9 9 10 2 1 10 10 4 8 5 1 
3 1 10 5 10 6 1 8 2 6 5 8 9 7 5 10 2 10 9 5 10 6 4 10 4 9 10 5 4 4 1 10 7 4 6 8 5 1 8 8 1 6 5 4 7 5 4 1 5 5 9 5 1 9 1 9 7 10 2 5 3 2 4 3 5 10 4 9 10 5 6 2 5 2 9 2 2 1 6 10 4 7 7 3 8 5 6 3 9 3 4 10 5 6 9 3 10 1 9 0 1 2 3 4 8 1 4 2 2 7 5 7 7 7 8 6 10 1 3 4 9 9 10 1 3 8 9 9 9 5 3 9 5 6 9 5 1 7 1 3 7 4 9 7 2 9 4 8 9 7 1 8 3 2 4 8 10 6 2 6 5 8 6 9 2 8 4 7 1 8 10 7 5 5 6 2 3 8 3 4 2 1 6 4 7 3 1 1 3 10 2 4 4 10 8 10 5 1 3 1 
10 4 7 1 10 9 4 1 8 1 1 5 1 3 3 2 9 6 1 7 9 9 10 7 10 10 3 2 7 5 10 2 9 5 8 5 9 7 3 9 10 3 5 10 6 6 5 1 10 2 5 10 4 5 1 7 8 10 8 4 5 4 4 6 7 4 4 5 4 6 8 8 5 4 9 5 2 5 4 8 1 1 8 1 2 3 6 6 3 8 4 10 1 1 8 5 7 8 7 10 0 8 5 10 8 5 9 3 10 6 6 5 4 10 10 9 9 6 9 4 6 8 6 10 4 8 5 7 7 2 2 5 4 8 9 6 5 7 9 4 3 2 3 4 9 6 1 1 8 2 1 8 1 8 3 7 4 6 5 2 6 4 3 1 7 2 10 3 9 3 10 4 8 5 8 6 1 1 5 5 8 10 7 9 3 5 5 4 7 1 9 8 1 7 2 6 10 6 1 10 
6 1 6 4 6 8 4 2 10 1 7 3 4 9 3 2 4 10 1 4 1 6 8 9 2 6 6 8 5 9 4 1 3 7 1 6 3 9 2 6 6 3 5 1 10 8 5 5 4 4 1 4 9 8 4 3 8 9 10 9 6 4 8 4 6 10 1 5 10 6 9 4 2 9 5 9 7 3 5 1 8 5 5 9 2 3 7 4 2 8 4 9 6 2 7 7 1 7 2 2 6 0 3 4 3 4 1 2 8 7 3 6 2 5 1 8 8 9 1 9 5 4 10 10 5 1 7 9 2 6 8 6 9 8 9 4 2 4 2 7 1 3 3 4 9 4 6 7 8 4 9 2 2 1 9 8 3 5 7 8 3 5 10 1 9 9 6 3 7 4 6 1 8 3 7 7 10 5 2 8 3 6 5 1 6 4 9 1 4 3 5 7 3 9 8 2 8 8 10 9 
8 1 2 1 6 2 6 9 8 8 2 4 7 6 7 1 9 7 3 5 1 3 9 2 3 4 3 7 1 10 1 6 8 3 2 10 1 4 3 7 10 8 5 7 1 1 4 5 3 7 7 5 4 10 1 6 6 1 6 6 2 1 9 8 4 4 5 7 4 7 2 1 7 2 10 9 2 4 2 1 7 8 3 5 6 5 9 5 7 10 10 3 10 2 2 4 9 4 7 10 10 9 0 3 9 10 4 6 5 5 6 7 3 6 1 10 10 5 8 3 8 2 9 6 6 2 4 4 4 3 10 1 4 1 4 9 2 3 10 6 6 1 10 3 2 5 5 1 2 6 5 10 3 4 10 3 6 9 8 10 10 4 9 1 7 9 3 6 7 1 9 6 7 6 2 4 8 2 3 2 9 1 5 4 5 8 9 4 6 7 6 6 10 7 2 1 1 4 1 10 
6 1 9 1 4 3 4 10 9 10 6 9 2 6 2 6 3 7 10 8 9 5 5 5 5 7 10 5 8 7 4 1 3 7 7 1 8 6 1 1 9 2 1 7 6 3 1 4 3 1 5 5 7 3 2 3 4 7 4 8 6 5 4 9 5 7 7 5 6 1 2 1 10 5 6 10 9 10 10 4 7 3 5 5 2 6 4 1 10 2 10 5 1 3 5 2 9 2 3 9 9 1 8 0 4 2 7 8 2 4 8 10 7 4 2 9 8 8 5 1 9 3 4 4 4 1 9 3 7 9 9 1 1 4 2 1 10 3 10 2 10 2 4 2 8 5 5 7 6 6 1 7 2 4 4 8 5 1 6 2 9 3 6 10 9 10 1 7 8 6 2 6 7 5 9 8 9 1 2 7 2 1 8 10 10 3 1 8 6 10 6 10 3 2 9 5 1 8 1 10 
10 4 5 3 10 8 2 2 3 7 5 8 4 2 7 1 2 6 1 7 7 8 3 6 8 6 8 3 3 8 10 5 9 8 1 10 2 9 7 7 3 3 9 5 3 2 4 10 6 4 9 8 1 10 10 9 4 10 9 1 4 7 9 8 6 1 7 1 7 8 7 4 2 5 10 7 1 9 5 5 6 8 5 1 3 2 4 4 9 3 7 2 7 8 4 7 1 2 10 10 3 8 9 10 0 6 7 2 1 3 3 6 7 8 9 4 1 6 3 2 6 2 4 10 6 8 2 10 2 8 9 9 9 2 1 7 10 5 2 1 4 4 9 7 2 7 4 4 3 7 5 8 8 7 1 3 4 3 10 6 6 6 1 10 5 8 4 1 1 9 3 4 8 5 4 6 1 9 3 4 2 1 2 7 8 1 2 8 4 3 10 2 9 2 9 5 6 5 9 2 
4 2 3 6 7 7 10 7 4 5 10 3 3 6 9 10 8 4 10 1 4 6 10 6 10 8 10 5 1 8 8 9 4 2 1 6 2 6 4 1 4 8 8 9 3 6 4 4 10 9 3 9 3 8 3 4 7 1 8 8 6 9 6 5 1 3 10 7 1 2 9 1 8 1 4 4 7 10 9 10 6 5 3 6 6 4 7 1 5 7 4 2 9 6 10 4 9 5 4 9 1 8 5 6 9 0 6 10 10 9 10 6 9 8 9 5 2 9 8 4 3 7 7 5 1 8 3 8 2 8 9 7 10 7 5 8 6 4 1 1 1 4 10 9 9 3 4 10 1 8 2 6 2 8 10 6 6 6 9 2 10 10 9 1 5 8 6 7 1 10 4 10 4 4 8 4 9 6 2 9 10 8 4 10 8 2 6 8 9 2 3 9 3 6 2 10 2 8 5 4 
10 1 10 8 6 4 4 4 7 7 7 5 8 1 7 10 4 9 5 4 9 2 9 2 3 7 3 6 1 7 8 5 8 1 3 10 10 6 1 1 10 1 2 2 8 6 2 1 4 10 6 1 2 9 8 3 7 6 4 2 7 3 7 5 9 8 9 6 7 6 2 10 9 3 9 3 8 3 8 3 8 6 1 8 2 1 4 8 4 4 8 5 1 5 4 3 10 4 6 4 6 5 6 1 3 7 0 4 5 7 5 8 2 2 10 6 6 8 1 1 4 5 6 9 9 1 6 1 1 9 7 1 3 6 8 10 8 6 8 1 3 3 9 3 10 2 5 2 10 2 7 2 4 2 3 1 6 7 8 2 7 2 4 9 3 9 7 7 8 3 8 3 2 5 10 5 6 9 3 10 10 9 1 8 9 5 3 8 2 1 9 4 10 6 6 1 10 10 5 9 
10 8 9 2 8 4 7 6 7 8 7 7 9 1 4 3 2 10 3 6 10 7 8 5 10 1 9 5 8 8 3 1 7 4 2 4 8 2 4 10 9 4 2 2 7 7 6 3 4 9 1 6 2 10 6 2 5 9 1 6 7 4 8 5 5 3 8 9 10 1 9 2 3 8 8 6 4 3 8 10 2 7 9 7 4 10 9 9 5 7 2 10 6 8 7 6 8 5 10 7 10 1 7 1 10 2 8 0 7 6 6 4 5 10 10 1 4 3 2 3 1 7 7 8 6 6 8 3 5 5 10 6 4 2 4 4 3 6 4 5 9 10 9 6 3 3 3 4 9 4 6 10 3 1 8 2 9 8 8 7 3 1 8 3 10 9 6 8 5 7 3 4 7 10 1 5 5 2 8 3 5 8 1 4 3 6 8 9 5 6 4 2 6 6 5 7 7 3 10 4 
6 4 6 9 5 8 8 3 9 1 6 3 9 9 9 2 4 1 6 10 8 7 5 6 3 10 6 10 3 2 2 5 9 2 2 8 4 10 1 4 5 3 2 8 8 10 7 8 1 7 1 5 9 7 7 7 4 2 10 1 4 10 4 1 4 5 8 1 1 3 8 2 2 7 3 2 5 5 10 6 9 10 1 1 5 2 9 5 8 10 4 8 7 9 6 3 4 7 2 10 10 5 8 4 7 6 6 5 0 1 1 3 8 3 8 5 2 2 3 3 10 3 2 3 9 5 3 8 9 6 9 1 9 4 8 7 4 7 7 10 10 9 3 9 8 10 10 1 4 7 5 1 6 8 1 10 3 7 2 4 9 10 7 4 1 1 7 6 8 4 10 10 9 9 1 7 3 1 7 4 8 4 8 4 7 10 3 6 8 3 5 2 10 9 5 3 9 8 8 2 
6 9 10 9 2 9 10 7 4 1 5 5 4 1 8 4 8 8 3 3 10 9 3 10 5 2 10 2 5 1 3 1 4 8 6 1 5 7 9 10 9 8 3 10 3 8 3 6 1 9 6 4 9 9 7 10 3 8 10 5 3 5 1 4 10 5 1 10 8 9 6 4 3 10 3 4 4 4 9 7 5 2 10 5 8 10 1 9 2 6 1 6 10 8 9 7 6 3 2 10 1 1 9 8 7 2 4 5 1 0 3 9 6 10 8 7 6 2 7 4 6 5 9 2 2 4 6 5 7 7 2 3 3 10 3 2 6 6 2 5 2 4 5 10 7 6 1 4 4 8 10 2 4 2 6 4 1 4 8 2 5 6 9 2 7 8 4 8 10 6 5 1 9 7 9 8 6 10 4 5 1 7 1 6 6 2 3 5 6 6 4 3 5 4 2 7 1 8 7 6 
10 6 6 4 6 6 10 2 4 6 9 1 10 6 4 8 6 5 7 2 6 4 7 9 2 3 1 5 3 4 6 9 3 4 6 2 4 8 5 7 4 7 1 7 5 8 3 9 2 8 3 1 1 3 7 3 4 2 1 4 1 7 5 10 1 4 9 7 7 5 6 4 1 9 8 4 1 9 9 7 8 8 3 3 10 5 3 6 7 6 2 6 9 3 2 1 10 5 9 2 2 7 7 1 7 10 7 7 8 3 0 6 4 8 10 6 1 7 6 10 7 6 8 1 1 1 6 7 4 10 5 4 3 9 4 5 8 7 4 6 3 5 4 9 10 1 10 5 5 9 9 5 2 8 2 8 1 1 10 5 10 5 2 2 10 7 4 7 4 8 10 5 4 3 8 7 1 4 3 9 4 4 4 9 2 10 7 4 7 7 1 2 4 2 5 9 2 9 5 6 
10 2 5 1 1 3 2 5 4 7 8 7 1 6 6 1 2 2 7 8 4 5 1 5 6 1 9 3 5 9 6 10 5 6 10 4 1 5 8 1 7 4 7 4 4 7 8 7 9 9 1 8 1 2 7 6 5 10 3 7 1 3 8 2 1 5 5 8 10 1 1 5 10 4 7 9 4 8 5 1 9 8 10 8 2 10 5 4 10 6 7 4 5 6 8 2 6 2 2 6 3 4 10 8 8 4 3 6 5 7 6 0 3 5 6 5 7 9 8 7 4 2 6 10 7 1 1 4 2 8 5 2 9 7 4 1 3 3 3 7 7 6 6 5 5 6 6 2 10 2 5 8 7 2 7 9 2 3 2 8 2 4 5 1 5 4 7 10 5 9 2 8 7 6 10 7 8 3 8 5 5 10 6 10 1 3 8 6 1 2 8 2 10 1 9 8 1 8 5 2 
9 5 2 10 7 5 10 3 1 3 7 8 2 1 2 4 3 5 5 2 8 6 3 1 10 5 9 3 9 6 2 6 8 4 10 1 2 1 6 10 5 3 10 9 1 7 10 4 2 6 8 8 6 9 1 10 9 3 4 5 8 9 2 8 3 10 10 10 10 9 4 7 8 8 5 7 4 3 9 9 5 8 1 6 3 6 9 9 2 6 5 4 9 8 10 5 9 3 1 7 7 3 7 6 1 6 10 4 6 3 1 4 0 7 5 4 9 7 10 4 4 8 3 1 8 7 1 1 9 1 2 8 9 4 9 5 6 7 8 2 3 8 4 2 3 9 5 10 9 5 10 1 5 9 1 7 10 10 1 9 3 3 10 1 9 2 2 3 8 10 3 3 5 8 1 9 8 10 5 3 8 2 7 1 9 7 7 4 2 6 5 1 8 9 1 7 2 6 2 1 
6 4 10 3 5 7 8 7 7 4 2 1 10 6 10 6 6 7 9 8 7 4 3 9 3 10 5 4 9 5 3 6 4 10 2 10 3 9 3 4 7 2 10 4 5 3 9 5 9 9 1 2 1 5 8 1 10 4 5 8 4 1 10 7 9 1 9 2 7 10 6 7 6 2 7 1 8 5 3 9 7 10 3 2 4 9 5 2 4 9 7 10 10 3 10 6 1 5 8 5 1 6 2 7 2 2 3 6 5 9 8 7 7 0 9 2 3 3 3 7 1 6 8 4 4 7 3 9 8 9 4 5 1 1 7 10 2 5 5 4 9 2 6 4 10 4 6 4 3 2 2 4 9 8 1 4 1 9 7 3 9 2 2 4 8 10 6 1 5 4 5 10 5 9 5 6 6 2 1 5 6 1 1 9 10 8 10 3 7 1 9 9 4 10 9 8 4 9 2 3 
4 9 5 1 7 1 10 2 10 1 3 4 8 4 7 9 5 3 10 4 9 6 5 7 5 2 3 3 5 1 2 4 3 1 9 1 5 3 1 10 3 3 6 9 4 5 8 1 4 9 4 6 7 5 9 9 4 5 8 3 8 1 4 3 2 3 7 2 9 5 10 9 4 3 2 4 5 1 3 1 1 10 2 3 2 9 10 4 9 6 7 1 7 4 9 4 7 9 7 4 2 6 3 1 10 4 9 7 2 2 1 8 6 9 0 7 1 7 5 3 4 9 3 5 3 1 2 10 3 1 7 10 1 3 10 5 6 5 3 6 6 6 1 6 10 8 1 10 9 10 3 9 2 9 9 4 4 7 7 2 4 10 1 8 3 3 10 9 8 6 10 2 3 8 8 9 9 2 9 8 9 5 3 10 6 6 7 4 1 3 1 10 1 1 9 7 8 10 9 1 
9 4 2 4 10 8 10 8 3 2 3 4 8 5 3 9 10 6 1 2 9 4 7 5 5 3 9 1 2 9 1 8 5 10 1 4 5 8 6 5 8 7 8 6 7 2 10 7 3 2 2 1 3 9 3 5 4 4 10 5 9 1 1 10 3 1 1 5 4 8 6 4 5 9 4 6 7 1 1 5 7 6 5 3 9 7 5 5 7 4 9 2 6 3 6 2 3 4 5 3 2 9 6 4 1 1 10 8 8 3 5 7 4 8 7 0 8 1 9 10 9 3 8 9 6 4 5 5 4 8 2 4 2 3 3 8 9 9 7 3 1 1 10 9 2 9 7 10 10 5 5 6 9 7 9 1 6 10 2 10 6 1 2 10 3 9 8 9 5 3 10 6 10 9 8 5 9 4 6 7 3 9 5 6 9 7 5 2 9 1 8 3 3 7 2 10 10 1 1 9 
9 3 1 4 9 10 3 4 8 1 3 7 2 1 3 4 10 8 7 5 10 5 6 8 5 1 6 1 7 10 3 4 1 4 7 6 9 3 5 3 3 10 3 3 7 10 10 7 3 5 8 5 3 9 10 6 7 9 6 5 6 3 6 7 1 5 5 1 10 9 9 5 5 6 1 2 9 9 3 6 8 1 1 10 10 8 4 7 4 6 2 8 7 4 5 7 6 10 4 3 8 8 1 10 9 8 7 10 2 3 7 1 2 10 5 1 0 3 1 3 5 7 5 2 5 9 4 9 1 8 2 9 6 2 7 5 10 2 8 9 6 4 2 2 1 10 3 6 5 3 4 7 1 8 4 3 6 4 9 10 6 5 4 8 3 9 7 10 8 9 2 2 8 10 5 5 10 3 8 7 5 10 8 9 10 3 3 2 7 10 3 4 9 5 9 4 8 7 8 4 
3 4 4 2 3 6 6 2 4 4 10 1 2 8 4 2 4 8 1 9 1 1 1 10 1 8 9 7 6 10 4 9 9 6 5 6 4 3 3 1 5 5 2 6 7 1 4 7 7 7 1 2 3 4 4 9 8 6 4 4 4 1 1 4 3 3 9 4 6 6 2 10 1 7 10 6 10 5 2 2 9 6 10 10 2 10 5 2 9 8 7 9 1 1 4 10 9 1 5 4 7 2 8 3 8 2 3 6 2 1 6 10 6 4 5 3 3 0 4 3 7 1 1 10 9 7 2 7 2 10 8 8 3 2 7 10 6 4 9 8 8 10 8 5 7 3 7 1 7 9 5 1 1 1 8 1 9 5 1 1 5 5 5 9 10 7 4 7 7 5 6 1 6 2 7 9 2 10 2 6 5 10 1 2 4 9 9 3 4 10 10 2 9 10 10 3 5 2 9 6 
9 7 5 4 7 3 7 4 10 3 4 8 2 2 4 7 9 2 1 7 7 9 7 2 3 7 7 6 10 2 8 10 9 8 1 3 1 4 6 6 8 5 6 1 1 3 9 1 10 8 9 4 8 2 3 10 3 6 9 3 5 5 2 5 2 8 3 7 10 9 3 5 8 4 4 4 7 8 7 3 1 5 1 3 8 3 6 8 5 7 9 3 7 6 2 4 9 1 2 1 5 3 6 9 7 10 4 8 7 1 2 8 6 6 10 1 9 3 0 7 10 4 3 10 2 7 1 7 7 4 8 1 8 3 5 8 9 5 7 4 3 5 7 9 1 2 10 2 10 3 8 7 3 8 10 10 3 10 5 2 6 7 4 9 5 8 5 9 1 2 9 1 6 2 8 10 4 8 6 10 5 3 2 6 9 10 6 1 2 8 4 9 8 5 1 9 4 6 7 5 
2 7 4 6 2 3 3 8 10 7 6 10 5 7 7 7 9 4 2 6 7 7 7 9 9 9 5 7 10 7 7 10 9 4 1 8 5 3 10 3 5 10 9 5 9 6 5 10 4 5 8 7 7 3 10 2 4 10 1 3 8 3 3 8 4 6 5 3 7 3 7 4 9 10 2 7 4 1 1 2 3 7 5 10 6 9 9 10 7 10 5 4 7 8 8 7 4 1 5 7 9 1 8 10 2 1 7 8 8 5 4 8 4 9 4 1 8 1 10 0 2 5 9 6 4 2 6 7 10 10 4 5 10 9 2 3 7 4 10 2 6 4 4 8 9 4 8 8 2 8 6 1 2 10 3 8 3 1 4 1 10 6 7 2 5 10 4 6 2 7 3 6 2 10 9 7 3 2 10 7 10 8 7 6 2 7 3 1 4 7 2 9 1 2 9 4 8 6 10 7 
4 4 8 1 3 4 10 1 10 8 6 7 3 2 7 3 1 5 6 9 1 6 4 2 4 7 2 7 3 4 5 10 8 10 6 3 8 9 7 9 8 2 7 5 2 6 10 5 2 8 3 2 10 9 8 2 8 4 8 5 1 7 2 9 4 5 3 6 3 1 5 8 5 1 7 1 5 4 9 5 4 1 4 7 4 9 3 3 6 7 6 3 3 5 2 3 5 2 4 6 6 7 3 2 5 10 8 4 6 1 6 6 1 4 3 1 10 3 5 4 0 2 4 7 1 6 5 8 2 4 1 8 1 3 7 8 9 8 4 3 3 2 8 10 9 6 2 5 6 4 4 9 9 10 7 2 1 8 5 10 1 7 4 6 9 1 6 5 2 2 10 10 10 8 5 10 1 2 5 7 4 6 6 5 7 9 3 4 9 9 2 3 10 5 10 3 9 4 7 9 
2 5 5 3 1 2 1 7 2 9 3 6 6 5 9 3 2 8 6 2 6 4 5 3 7 3 3 1 5 2 7 10 8 5 1 9 3 10 1 9 9 8 4 6 8 8 3 6 4 10 2 6 2 8 3 10 1 1 6 7 6 3 9 8 2 3 9 5 8 5 5 7 8 10 10 2 8 4 3 6 6 7 5 5 5 3 9 6 2 6 10 6 4 10 5 8 9 10 7 7 4 6 9 1 7 10 2 7 4 10 8 4 3 4 5 8 6 7 8 1 6 0 2 7 8 7 2 1 5 1 4 2 10 3 4 9 8 1 10 4 3 1 4 10 2 6 6 10 1 1 9 4 3 10 8 5 1 4 7 5 5 4 3 6 5 4 6 3 7 8 1 4 8 9 9 8 1 3 5 8 1 3 1 4 6 9 6 5 6 10 9 1 2 10 3 5 10 8 3 9 
3 2 4 3 5 8 5 9 1 1 1 2 3 8 5 1 9 6 7 2 2 5 6 6 9 3 8 3 1 5 7 9 8 2 7 3 1 4 6 8 8 1 7 10 6 4 3 1 3 6 7 10 7 5 2 6 8 2 3 3 8 10 4 4 1 2 5 8 6 9 2 9 8 2 3 4 7 6 7 9 6 8 3 8 1 8 1 6 6 2 5 9 4 5 10 10 9 4 4 9 1 5 2 6 8 2 10 2 3 6 7 2 4 5 2 10 9 4 6 7 10 1 0 10 9 5 5 9 4 10 1 10 7 1 9 8 7 1 3 1 10 9 7 3 3 1 6 5 10 7 8 10 1 5 3 2 5 1 4 10 7 1 2 2 4 6 5 7 2 10 4 5 3 7 6 7 9 7 2 7 4 9 3 7 10 6 7 3 6 9 2 10 6 9 2 9 6 2 5 6 
7 1 5 10 7 2 6 7 3 3 9 6 5 1 10 2 3 7 7 2 4 2 6 5 10 7 9 5 1 7 1 7 3 8 2 6 4 5 3 4 4 5 1 9 4 5 7 8 1 8 3 1 3 4 6 3 6 2 8 9 4 1 7 5 7 8 10 5 7 1 8 9 3 1 7 5 5 6 5 7 6 10 7 9 7 2 3 8 6 1 9 6 1 3 4 6 4 6 9 7 4 1 3 5 9 1 10 2 1 9 2 2 5 10 4 7 5 3 10 5 3 9 3 0 6 9 7 2 7 2 6 9 4 10 8 10 7 4 4 3 7 1 10 3 5 6 6 4 2 5 3 2 6 2 10 1 7 6 6 7 3 5 7 4 8 9 2 1 2 8 6 6 1 8 5 10 4 6 1 3 10 10 5 1 3 5 4 2 7 6 10 6 8 8 5 1 5 3 9 9 
1 1 5 5 4 3 10 3 9 7 9 2 10 3 2 6 10 9 4 1 9 7 2 9 1 5 10 8 2 2 4 5 1 1 1 2 9 3 9 5 4 10 9 4 10 7 7 8 9 4 2 1 1 10 7 8 2 2 10 1 6 5 9 7 9 6 8 8 7 6 7 3 3 4 10 2 5 2 3 7 8 2 7 6 9 8 4 8 6 10 2 1 5 9 10 10 1 8 8 6 10 4 6 10 10 7 3 10 7 8 9 7 3 1 9 8 1 5 9 6 9 4 6 7 0 5 1 3 5 9 7 8 3 4 9 5 7 1 4 2 7 7 3 5 8 6 9 9 2 1 2 1 6 5 9 9 5 8 1 8 10 8 10 2 3 6 1 2 5 10 10 1 1 2 5 6 7 1 2 10 3 7 2 1 7 9 1 4 9 4 7 8 2 6 5 6 10 1 2 8 
8 1 1 4 2 3 2 10 4 1 3 1 8 10 10 9 9 9 7 8 6 8 9 3 4 10 1 8 5 10 3 10 1 8 5 5 3 7 2 1 4 7 5 7 3 5 8 4 9 4 6 4 9 7 10 6 10 6 5 6 1 10 9 9 9 7 8 3 4 4 1 6 2 2 5 7 9 2 6 8 2 3 9 8 4 5 4 5 10 10 3 5 6 3 8 4 9 10 9 5 1 4 6 4 5 1 3 6 9 9 10 8 9 5 1 3 3 6 1 3 8 7 1 7 5 0 6 6 10 2 8 6 8 1 3 6 4 8 1 1 6 1 3 5 2 5 5 3 2 4 6 1 3 7 8 2 10 10 3 6 3 2 2 1 9 7 7 10 9 6 5 8 7 7 6 1 8 2 8 9 9 7 5 2 7 1 1 5 2 3 10 4 2 8 7 2 4 1 1 4 
5 2 1 10 10 10 5 7 4 9 8 7 9 10 2 9 3 1 10 2 9 4 2 9 6 4 3 6 6 9 8 4 10 3 5 1 10 6 3 1 5 3 3 1 8 7 7 1 2 2 4 4 6 9 9 1 8 10 8 4 3 9 9 4 6 1 6 4 5 2 1 3 3 9 7 3 2 9 1 2 5 9 4 9 2 8 9 8 5 6 7 1 5 8 9 10 3 5 9 4 7 2 2 9 1 6 1 2 1 2 7 3 4 6 4 1 4 10 2 9 10 10 1 6 6 4 0 2 5 9 5 2 6 5 5 2 6 5 9 6 9 7 8 6 3 9 8 2 2 4 5 8 4 8 10 7 3 2 6 6 5 1 7 9 8 6 6 6 4 3 8 1 10 1 1 9 7 3 6 6 3 10 8 5 7 7 7 4 1 2 3 3 10 10 1 1 5 6 9 3 
5 3 1 3 4 3 5 7 9 1 3 5 3 9 9 1 4 4 9 10 2 1 5 1 1 4 10 6 9 5 9 4 10 6 1 9 10 4 4 3 6 3 2 6 3 5 5 9 5 4 8 7 8 4 8 1 10 10 7 10 4 5 8 1 10 5 4 9 9 5 6 9 8 1 7 10 10 5 1 8 5 4 5 3 7 8 8 4 6 2 2 3 3 5 6 4 5 9 10 10 3 10 7 3 8 8 3 8 7 7 4 1 9 6 7 7 1 8 8 1 3 4 4 2 10 6 5 0 6 7 9 7 5 9 3 9 8 4 7 2 10 1 10 3 3 10 7 2 5 5 9 3 3 5 5 8 8 8 9 1 3 2 10 6 8 1 7 4 10 4 7 4 8 4 1 3 5 4 7 9 3 9 8 4 10 10 4 10 4 4 3 2 9 6 8 8 5 4 7 8 
10 10 4 7 8 4 9 10 4 8 9 5 5 4 4 1 3 5 4 3 6 3 3 5 3 3 4 1 4 1 1 3 7 9 3 1 7 4 5 4 6 8 2 6 2 5 3 3 6 4 4 3 10 4 7 5 6 10 9 5 8 2 6 6 5 6 2 9 7 8 4 7 6 4 7 2 3 4 9 3 2 1 6 2 3 4 8 5 1 7 3 9 3 6 4 5 6 4 9 5 8 10 5 2 2 3 1 4 10 8 2 8 6 8 7 2 4 9 10 3 7 4 9 9 7 6 10 8 0 3 10 7 8 4 10 6 8 3 8 2 6 10 8 9 6 8 3 6 5 8 10 2 1 7 9 6 3 9 10 3 1 9 10 9 10 5 4 3 5 8 10 3 7 8 5 3 1 5 8 5 8 1 8 3 6 3 4 10 9 3 3 8 3 8 8 8 4 8 10 8 
9 1 6 9 6 7 8 2 9 4 9 4 8 8 8 10 4 4 6 6 2 8 8 9 5 4 2 9 6 4 6 4 7 5 10 1 10 7 3 4 5 7 3 8 2 8 9 2 5 1 6 5 3 1 3 3 10 8 4 5 1 7 5 2 1 7 7 5 1 9 9 6 1 8 5 6 9 5 8 3 2 8 2 10 10 8 4 9 1 3 3 4 10 9 8 2 9 8 10 5 2 3 6 4 3 10 8 5 1 5 4 4 10 4 9 10 4 2 8 6 5 8 4 9 8 10 3 4 3 0 9 4 4 4 10 8 1 8 5 4 3 6 3 9 1 5 3 2 7 3 3 3 4 3 7 3 5 10 7 9 5 3 3 6 4 1 2 5 4 5 2 2 1 1 5 8 6 7 4 8 6 1 7 8 4 10 5 10 2 6 3 3 7 2 3 6 5 5 8 4 
7 8 8 2 8 3 5 2 8 7 1 6 6 10 4 2 4 9 5 7 1 7 4 5 7 8 1 7 10 10 3 10 4 2 10 5 1 6 7 9 3 1 9 10 10 1 6 4 10 5 1 7 4 10 7 4 1 4 4 8 7 8 6 8 10 10 6 9 8 10 3 4 8 3 5 1 3 8 3 4 3 10 10 10 2 8 6 1 3 7 4 9 5 3 8 2 10 6 5 10 1 1 9 8 9 6 2 7 5 9 7 3 7 5 7 8 7 3 1 7 3 7 7 1 10 10 10 8 5 7 0 2 9 3 10 8 1 6 9 2 9 7 9 9 3 3 7 3 3 9 5 8 10 8 7 8 8 7 8 6 4 2 5 3 3 4 9 10 10 5 10 6 10 9 9 7 6 8 2 2 9 2 4 1 10 5 8 7 1 4 2 9 2 10 4 4 8 2 2 3 
5 7 9 3 5 1 8 6 2 3 5 8 7 10 3 9 6 1 6 3 3 9 8 1 2 7 5 3 3 5 6 9 6 6 6 7 3 5 6 6 7 8 5 6 1 3 10 2 10 8 3 5 1 2 5 5 9 1 1 2 10 8 6 7 8 9 8 9 9 2 9 9 3 2 4 7 5 1 10 5 1 3 4 7 1 7 4 1 6 9 10 8 6 7 5 4 1 3 10 1 5 2 3 9 3 2 9 8 3 10 2 10 7 3 6 1 10 10 3 9 3 9 9 8 10 4 8 6 5 5 4 0 8 7 5 2 5 4 8 10 6 9 3 2 5 10 9 7 3 5 2 2 9 5 1 5 8 10 4 8 1 7 6 4 10 10 3 1 5 4 4 8 7 9 2 2 4 6 4 4 10 10 9 4 2 3 9 9 3 6 10 8 9 3 7 1 8 5 7 7 
8 10 4 4 10 6 4 1 9 7 10 8 7 1 5 1 4 9 8 8 5 9 6 7 6 2 5 7 10 1 9 1 1 9 3 3 1 7 4 10 8 1 10 1 4 9 5 10 2 8 5 5 10 2 3 1 5 4 8 7 7 3 8 9 2 3 1 10 9 6 9 9 7 8 5 6 6 7 5 7 8 10 6 9 7 10 3 6 9 5 10 6 8 5 8 7 4 9 5 2 3 6 7 4 2 10 9 4 4 9 8 2 9 9 2 9 3 10 2 8 8 9 2 10 10 4 10 7 4 10 10 5 0 9 2 5 7 10 9 7 8 3 6 3 9 9 5 7 4 4 10 3 6 4 8 8 10 5 4 5 8 3 10 1 6 1 3 10 4 8 7 2 5 6 1 4 6 8 6 2 4 7 9 9 1 4 9 4 3 2 8 9 8 2 1 3 10 6 6 8 
2 5 1 10 1 4 10 7 2 5 9 7 9 3 10 2 10 7 8 9 9 5 9 1 2 4 6 9 7 1 10 4 2 9 6 9 10 3 9 5 4 3 6 9 1 6 6 4 2 4 1 1 8 3 3 9 2 2 1 9 5 7 9 7 4 6 4 8 6 1 6 6 5 6 6 4 5 5 1 9 10 3 4 1 7 2 10 7 6 1 7 7 9 7 3 1 4 1 9 10 5 7 2 2 10 5 6 7 6 10 2 8 2 8 4 7 10 1 3 9 1 10 10 10 6 1 7 3 9 10 10 9 8 0 7 2 4 6 4 7 6 6 4 8 4 2 2 3 3 1 9 3 2 2 3 3 8 5 6 3 9 6 8 4 5 4 4 10 6 6 5 2 4 7 8 7 4 9 7 1 5 8 7 9 2 7 7 7 6 1 8 1 5 5 6 10 7 4 10 6 
6 9 3 9 2 2 4 9 10 2 7 10 9 7 8 8 4 7 4 4 3 9 7 10 1 1 6 8 2 9 2 1 5 7 10 7 6 8 10 9 3 8 1 1 5 7 5 4 5 3 8 3 4 1 6 3 6 9 1 10 7 6 4 1 7 5 6 9 9 6 5 5 8 10 5 7 8 10 4 7 2 10 7 6 4 1 4 1 6 6 1 5 2 1 9 10 3 7 8 6 9 7 9 8 8 10 3 4 5 8 7 7 9 10 8 1 2 8 6 10 3 2 8 4 3 6 10 3 4 7 10 6 2 3 0 7 3 7 1 6 7 3 3 10 10 4 8 4 8 4 8 1 1 6 10 5 7 10 9 10 4 5 10 3 4 5 10 4 4 3 6 8 7 4 4 3 5 8 1 4 1 4 8 8 5 3 9 6 1 7 1 9 5 1 3 5 10 7 4 4 
3 7 4 7 10 3 3 5 4 3 8 9 10 1 7 3 8 7 6 4 4 7 9 5 10 5 2 4 5 10 9 4 7 4 8 6 4 8 9 9 10 10 3 10 8 9 3 5 1 6 5 8 8 10 8 9 1 10 5 7 4 9 9 8 1 5 4 5 7 8 8 8 4 6 7 2 5 1 1 3 9 3 7 9 3 7 10 7 4 7 3 2 9 3 1 10 1 1 2 10 10 8 6 9 2 2 5 7 3 6 9 5 7 4 6 9 4 2 8 5 10 4 6 5 8 7 9 5 5 8 9 3 6 9 6 0 5 9 5 2 7 5 4 9 10 3 1 3 10 9 7 6 4 5 1 2 10 7 7 4 1 2 6 4 9 2 9 6 10 9 1 8 4 6 5 1 2 10 1 6 6 9 3 2 8 5 9 10 5 5 8 3 9 1 9 2 6 4 9 5 
2 6 3 1 6 8 6 6 9 10 3 8 2 6 7 8 2 9 6 10 1 5 8 10 1 3 8 9 5 6 9 8 9 5 3 7 8 5 4 5 9 6 3 8 6 2 1 10 8 1 8 8 9 9 4 6 4 8 3 6 3 8 4 6 8 8 4 6 4 8 1 8 7 9 10 6 7 4 4 5 6 1 9 9 1 2 8 2 4 3 5 3 5 10 10 2 2 9 10 8 6 2 5 8 4 8 8 8 4 9 7 10 4 4 4 8 6 10 2 2 10 5 4 1 1 1 6 8 7 5 3 5 5 9 5 4 0 9 1 10 9 7 9 7 2 7 3 9 4 2 1 2 9 2 9 8 3 6 8 5 6 1 3 10 2 4 4 3 2 1 2 3 6 5 6 4 1 2 9 10 9 7 9 9 7 9 4 2 6 5 2 10 9 6 7 10 2 7 3 6 
6 7 4 7 7 2 2 3 3 5 5 3 1 5 7 3 2 5 10 10 7 8 8 7 1 6 6 6 8 7 4 7 6 2 7 6 1 6 2 7 6 9 7 7 1 10 8 4 8 4 6 2 8 1 3 3 7 10 9 10 1 4 2 6 6 1 4 6 10 1 10 10 4 3 3 8 3 7 7 5 7 1 10 1 8 3 7 1 9 10 2 7 3 7 7 3 8 3 7 1 6 6 5 9 6 6 8 7 2 3 6 5 4 6 6 9 5 7 4 4 1 4 6 1 10 1 1 9 8 7 8 9 2 8 9 2 3 0 8 2 10 5 10 10 2 9 3 2 8 9 4 4 2 8 3 5 9 9 1 4 8 8 3 3 6 3 6 7 10 5 10 5 8 9 8 9 3 4 7 9 3 4 1 7 4 4 5 9 3 6 5 1 6 8 5 5 1 4 4 4 
3 2 1 6 9 1 2 1 5 2 7 9 8 5 8 9 7 1 8 9 2 7 3 2 7 9 1 9 5 5 5 4 8 1 4 1 2 8 9 5 2 10 3 6 10 5 8 7 9 10 10 3 10 5 2 8 6 9 5 5 1 2 7 10 2 9 1 8 7 10 3 1 9 7 8 6 6 9 2 2 10 7 6 8 9 2 8 10 8 9 7 8 9 8 9 7 1 5 2 9 1 6 7 5 5 3 3 5 4 8 2 2 6 9 7 7 4 3 5 2 7 5 9 8 5 10 10 7 4 7 5 2 8 4 6 2 7 4 0 2 3 8 6 8 2 9 2 10 7 4 6 5 8 6 10 8 3 4 6 9 3 1 6 5 5 3 9 1 9 2 9 5 1 5 5 8 5 7 10 2 10 4 3 8 1 1 2 4 4 5 9 3 7 1 3 3 9 9 9 2 
1 10 6 3 8 2 4 5 2 7 8 6 3 3 4 1 4 5 4 10 7 3 7 8 2 1 2 8 4 1 4 2 5 9 8 1 7 5 1 10 6 3 8 9 8 5 5 9 10 6 5 2 10 1 3 2 1 10 6 5 3 2 6 9 7 5 5 6 3 9 10 5 2 6 10 3 10 5 5 4 5 2 9 1 9 1 6 8 7 2 5 6 6 10 10 1 9 7 3 7 10 1 2 1 7 4 5 1 5 2 8 3 8 9 7 2 2 9 2 10 1 9 9 10 7 7 7 9 6 5 7 7 6 5 10 2 7 8 1 0 5 2 1 1 7 9 7 2 5 2 3 4 10 9 9 10 3 10 7 7 9 9 6 9 6 1 5 10 3 1 1 7 7 7 3 6 6 3 5 2 8 5 6 7 3 2 6 10 7 3 5 6 8 10 8 7 6 4 2 2 
5 1 9 8 4 4 10 7 10 3 7 9 3 8 9 8 9 3 2 4 7 7 7 1 1 3 8 10 9 6 6 3 6 8 8 6 3 7 2 2 2 6 6 1 5 9 6 2 9 10 8 1 4 6 9 3 1 5 8 4 4 8 1 8 9 7 9 7 6 8 6 9 2 1 1 9 7 9 8 5 5 6 7 5 8 3 3 1 1 10 7 7 10 3 4 5 5 4 7 10 1 4 9 6 6 10 10 5 10 2 9 2 4 5 6 8 8 9 7 1 7 10 8 4 2 5 10 10 1 3 10 3 6 5 2 9 10 3 8 1 0 9 2 9 6 1 6 2 1 2 6 8 2 5 3 6 8 1 1 2 8 9 2 4 6 5 4 6 8 2 4 10 2 9 10 9 1 2 8 1 5 6 8 2 4 9 4 6 1 7 2 9 8 4 8 9 6 9 10 1 
5 4 8 10 3 10 8 9 3 7 8 7 1 1 10 10 4 7 5 1 10 5 5 5 4 6 4 4 2 5 1 5 5 8 10 8 7 5 3 8 6 1 8 3 3 6 2 7 7 2 4 8 4 2 1 8 5 4 3 1 5 1 8 5 7 8 4 4 10 1 4 2 5 8 5 4 10 2 9 9 3 5 9 2 7 10 9 5 1 4 9 1 7 3 10 3 2 1 7 9 1 10 2 9 8 6 10 1 8 8 9 3 7 3 1 9 6 2 6 2 6 5 1 8 5 4 1 2 3 4 5 1 1 5 5 10 10 5 10 1 3 0 3 6 1 7 1 7 8 5 4 1 4 2 3 8 7 6 9 9 10 2 1 9 7 5 8 5 10 4 2 3 5 8 5 5 8 10 1 10 1 1 1 3 9 6 7 10 9 6 10 8 9 10 7 6 3 5 2 5 
10 6 5 4 5 3 1 9 6 9 3 10 6 9 7 7 5 7 8 8 8 5 3 8 6 6 9 10 6 2 1 8 10 7 7 2 9 9 7 8 7 10 6 5 4 8 1 4 10 3 6 4 5 5 2 2 6 4 5 10 3 9 6 7 10 6 4 7 1 9 10 1 9 1 4 3 10 3 2 5 7 6 6 8 8 2 1 3 10 9 9 3 7 7 9 7 4 6 5 4 1 9 7 4 5 2 9 10 1 2 9 9 10 4 4 9 8 7 10 3 1 1 8 2 5 8 7 9 8 10 8 6 3 3 3 4 6 7 5 9 9 2 0 7 1 9 1 10 10 8 10 5 10 5 3 8 6 5 5 2 5 3 3 3 7 4 3 3 7 3 9 6 5 4 8 4 6 8 5 3 8 8 9 10 4 2 5 5 3 4 9 4 3 4 3 1 7 6 6 7 
9 8 9 8 2 10 8 5 1 5 7 6 3 1 8 8 5 1 3 3 10 6 2 4 10 2 1 10 6 2 6 3 5 5 3 9 5 2 6 7 4 6 6 3 9 2 9 3 10 7 6 5 2 1 5 7 5 6 9 6 6 4 6 1 8 4 8 2 9 5 3 8 10 7 4 1 4 3 2 3 1 7 2 1 4 3 4 4 1 2 1 3 6 3 3 7 8 10 10 1 6 6 9 10 1 2 1 7 1 6 3 7 9 9 7 7 2 10 6 2 9 4 6 8 6 10 3 1 3 1 4 8 10 7 6 3 8 9 1 7 4 2 1 0 8 6 3 7 5 7 5 9 5 3 10 10 2 5 2 1 9 9 4 4 4 4 2 7 4 5 4 4 8 8 5 3 8 4 1 9 5 4 7 8 8 6 9 2 8 2 5 10 3 2 3 5 10 1 3 9 
4 6 8 2 3 10 8 3 7 3 2 4 4 7 1 2 4 6 4 9 1 5 9 1 9 9 7 10 8 1 2 7 2 1 6 5 1 10 4 9 5 2 6 2 8 6 5 3 5 10 1 4 3 2 2 5 8 5 2 4 4 6 6 4 5 9 6 5 6 5 3 9 9 3 10 10 9 2 5 10 6 9 9 4 10 9 7 10 4 1 3 4 8 10 10 10 9 6 3 6 6 6 1 5 9 1 2 10 10 3 2 4 3 1 5 9 5 10 8 6 5 7 6 6 2 4 7 3 10 6 1 2 4 2 8 8 8 10 6 8 8 4 9 8 0 9 3 4 4 7 6 8 2 6 1 3 9 7 4 2 7 2 4 2 6 6 3 2 10 7 9 4 4 5 8 6 2 10 8 10 2 4 5 8 2 6 9 9 9 8 9 3 9 4 3 2 7 2 3 10 
6 10 4 5 9 4 8 7 7 4 7 9 10 3 3 5 7 10 2 2 4 6 8 5 7 9 10 3 4 7 6 6 6 7 3 1 1 9 6 3 9 4 3 2 7 3 8 3 5 4 10 3 10 10 1 7 1 6 1 10 8 3 4 7 8 2 4 1 7 8 8 3 8 6 1 9 10 3 5 3 9 10 9 9 10 4 10 6 9 2 1 7 10 4 2 5 1 1 4 10 4 3 4 4 5 1 8 9 4 2 2 1 7 10 3 9 8 5 5 1 7 2 7 5 7 7 1 3 3 4 9 6 2 8 9 5 9 10 1 6 1 10 4 10 3 0 6 6 3 5 7 4 8 1 5 4 10 8 6 8 1 1 5 6 10 5 7 10 4 6 4 7 4 7 6 1 6 5 10 2 3 7 9 5 7 2 7 1 1 3 9 6 4 3 7 2 9 4 9 1 
3 4 10 5 2 3 1 6 5 6 8 9 8 2 3 3 1 7 8 4 1 10 2 2 1 1 8 10 5 5 6 1 9 3 2 8 4 2 1 4 2 7 4 2 7 4 4 2 1 2 6 5 3 7 2 8 5 3 9 7 2 5 6 8 6 7 10 6 5 8 5 4 8 5 7 1 2 3 1 6 7 5 1 1 1 8 1 9 7 10 10 4 9 5 9 8 5 10 2 3 6 2 9 3 9 3 7 8 4 3 3 4 4 6 8 7 5 2 4 5 7 7 6 4 4 2 8 2 6 1 7 6 4 8 8 1 10 3 10 2 8 3 8 7 4 4 0 2 5 6 9 9 3 4 2 4 2 7 8 4 5 2 4 4 1 3 6 1 8 4 9 7 6 4 3 3 6 5 10 3 6 5 2 3 6 9 6 2 9 2 6 9 6 8 3 8 4 5 9 5 
10 10 5 10 10 5 9 1 9 9 7 7 5 2 10 9 5 4 9 6 10 2 10 1 2 1 7 1 2 9 3 1 2 2 2 7 1 10 10 8 3 8 9 8 8 1 1 4 1 4 1 9 1 7 5 4 2 9 5 6 9 5 6 2 4 10 4 4 3 10 5 8 7 3 1 6 5 4 8 4 8 1 3 9 1 1 10 1 2 10 7 5 9 2 2 8 1 8 2 10 8 5 4 8 5 6 10 2 10 2 10 8 4 2 10 8 6 1 5 4 6 4 2 6 6 10 9 7 10 6 9 4 9 6 10 9 6 1 5 4 2 4 2 8 1 9 7 0 2 1 7 6 2 4 9 2 10 7 8 5 2 3 9 10 4 10 4 1 8 4 8 9 6 1 4 2 3 1 7 1 7 7 6 5 10 8 6 6 5 8 7 9 8 9 7 9 8 3 8 4 
9 10 6 5 3 1 2 10 3 2 5 3 3 5 7 10 5 7 8 8 10 2 4 10 10 7 2 10 8 9 5 6 6 1 8 8 9 9 1 7 2 10 8 7 9 9 8 10 1 6 10 6 2 5 9 6 1 9 4 1 9 9 3 4 5 3 9 8 4 10 6 10 3 1 8 3 10 6 9 4 2 8 6 7 10 9 10 5 7 2 4 2 1 1 4 9 3 1 8 9 4 7 3 10 8 5 9 2 2 8 8 6 6 8 10 6 9 3 7 2 3 7 7 9 6 6 7 9 5 5 6 10 6 1 9 3 4 1 10 10 9 5 4 6 3 10 4 1 0 10 3 3 2 5 7 6 7 3 10 6 5 8 7 1 2 6 3 5 6 2 7 2 6 10 7 7 9 6 6 8 2 9 2 1 6 8 2 10 4 4 10 2 1 1 9 9 9 9 2 7 
4 7 2 3 7 10 10 1 7 7 2 2 2 4 6 4 3 6 8 10 5 6 3 3 9 9 10 5 6 9 1 7 8 1 7 10 5 7 2 8 7 6 3 7 7 10 4 8 8 9 10 7 9 2 5 6 2 9 7 5 5 9 9 9 2 3 6 5 3 7 7 1 2 1 5 8 1 3 3 4 3 2 4 8 6 5 2 6 4 3 9 2 8 9 3 8 1 1 9 8 10 7 1 2 2 3 9 1 4 8 5 3 2 3 1 10 2 3 3 4 1 7 9 8 4 5 5 5 1 3 7 5 3 3 4 4 7 4 6 4 6 2 9 5 10 7 5 10 8 0 3 8 8 8 7 3 2 5 8 10 5 3 5 7 8 2 4 1 5 6 3 2 3 7 8 1 1 6 3 2 5 4 8 1 4 2 9 2 1 2 1 2 1 2 6 3 2 9 3 1 
7 8 3 1 1 8 9 10 8 10 4 1 1 10 9 10 9 5 1 2 9 9 6 6 9 7 5 9 9 9 3 9 2 5 8 4 5 8 4 2 4 2 10 6 9 8 10 3 3 2 10 5 1 4 9 9 4 7 6 10 4 6 8 3 2 10 2 3 8 5 1 10 1 6 10 1 10 10 2 9 1 6 9 4 2 10 7 3 9 7 3 9 9 8 2 8 6 3 9 2 7 7 10 1 8 7 9 7 7 6 5 9 1 9 8 1 4 5 1 7 5 1 8 4 4 8 10 7 10 7 4 3 8 4 1 7 7 2 3 5 8 8 3 6 6 6 6 3 9 5 0 9 8 6 7 4 5 5 4 5 3 2 4 9 1 7 5 7 5 5 10 6 1 2 3 7 1 6 6 1 7 5 8 10 3 1 8 6 4 8 8 2 4 1 10 2 9 9 1 6 
10 7 2 4 5 3 6 4 2 4 10 1 3 6 2 1 5 2 7 2 7 5 8 3 4 6 3 8 1 4 7 3 5 9 3 1 9 2 4 9 3 6 8 3 6 5 2 1 5 4 7 4 7 4 1 9 1 3 6 7 2 10 2 3 5 6 4 7 10 7 2 2 1 1 4 5 7 10 6 5 1 2 9 5 7 3 7 8 2 4 1 3 8 9 6 9 8 4 2 3 6 8 2 7 1 4 5 8 3 7 7 4 6 7 10 1 6 8 2 6 7 4 2 8 8 1 2 7 8 5 10 1 6 5 7 3 2 1 5 6 3 3 1 4 10 4 9 6 3 7 4 0 8 10 3 6 4 4 9 9 2 2 10 1 4 10 9 9 7 4 2 5 8 8 9 6 5 5 8 3 6 5 9 2 5 2 3 3 7 10 3 10 3 6 5 1 9 3 2 3 
10 6 6 3 1 10 2 2 6 8 6 10 8 5 8 10 1 1 10 1 5 7 10 4 6 6 5 2 5 10 2 4 7 2 2 4 1 7 10 7 5 5 4 3 8 1 5 2 8 4 6 3 10 9 8 7 7 5 5 5 10 4 1 9 4 2 8 7 10 8 2 8 2 10 2 2 3 3 8 8 3 4 10 10 8 1 3 3 2 8 5 4 2 10 9 8 9 3 4 6 3 8 10 7 2 6 10 1 2 8 8 2 9 5 8 1 3 5 10 3 5 2 5 3 2 2 9 6 4 7 7 7 10 7 7 7 10 1 1 8 6 6 7 1 1 3 1 2 5 4 2 1 0 1 10 2 9 7 7 4 7 7 6 6 1 7 9 10 4 5 1 5 5 10 8 9 6 7 10 2 4 8 9 6 5 6 6 7 2 4 6 6 7 3 5 2 4 4 9 8 
3 5 6 1 9 9 1 9 10 1 4 9 10 1 8 8 10 4 3 6 5 6 6 6 3 1 2 9 2 9 3 8 10 6 3 10 4 4 8 8 6 2 10 5 4 5 6 10 7 3 5 1 4 4 6 4 7 7 6 7 2 2 4 6 3 8 8 6 4 4 5 3 4 10 9 10 1 2 7 10 1 8 7 3 1 3 1 8 9 6 5 1 7 8 9 5 4 8 2 5 8 2 5 2 10 4 2 6 7 9 1 4 9 9 2 5 8 7 5 10 5 3 4 2 10 10 8 7 1 3 5 3 3 6 5 1 1 9 9 2 2 7 8 10 5 10 7 5 9 1 5 7 9 0 5 10 2 8 1 2 7 7 10 1 8 4 9 5 2 9 10 9 7 9 7 2 4 5 6 3 3 4 8 10 4 6 1 10 2 2 4 6 7 3 9 1 7 3 7 5 
9 9 5 10 10 6 3 4 6 10 1 3 7 9 4 2 9 5 4 2 1 4 10 7 4 10 9 6 5 8 4 9 10 4 6 1 4 4 7 9 5 6 10 10 7 4 10 7 9 2 10 9 5 7 6 3 9 7 10 4 6 7 1 4 10 10 9 9 1 7 4 7 9 4 8 3 10 10 4 2 9 1 7 4 4 9 7 1 2 9 2 7 8 5 4 6 6 2 8 2 7 5 4 1 6 2 8 8 10 4 9 1 6 6 6 4 7 6 8 2 3 10 2 6 7 4 3 9 4 8 4 6 5 2 1 1 10 8 8 3 6 8 1 7 6 3 5 4 5 7 3 4 5 7 0 4 3 7 7 5 9 9 9 10 2 1 6 10 3 10 1 5 2 6 6 8 9 7 4 5 10 2 1 7 8 3 6 5 5 7 6 5 2 3 7 1 4 10 6 3 
4 2 1 1 8 1 9 5 8 1 8 3 8 1 10 5 9 10 10 5 4 1 3 5 4 9 1 7 7 2 9 8 9 7 4 3 8 10 3 2 7 5 7 5 5 4 4 10 10 3 5 5 4 1 10 3 8 2 10 8 4 2 8 2 7 8 2 8 6 6 6 2 7 9 9 4 2 1 10 1 6 8 3 2 9 5 6 2 6 3 1 3 3 2 9 8 7 6 8 4 2 9 1 2 2 7 1 8 1 3 9 1 1 10 3 3 1 2 8 3 7 2 9 1 4 9 10 8 5 3 3 6 4 10 3 1 3 10 2 10 1 10 7 4 8 5 1 10 8 9 8 6 5 8 9 0 9 9 6 9 3 8 1 2 3 9 9 8 4 9 2 9 4 3 10 7 5 2 5 10 6 8 2 9 4 2 3 2 9 5 4 8 6 4 10 8 8 10 10 5 
5 9 3 10 7 4 7 5 3 5 6 7 2 7 7 9 8 8 4 2 4 7 1 4 1 10 3 9 10 1 9 9 3 8 4 4 8 1 5 8 6 6 8 10 3 2 9 10 3 8 1 5 2 8 6 6 2 5 7 1 8 2 4 5 2 3 5 6 2 8 2 8 4 7 9 8 5 6 4 10 9 4 9 2 1 2 7 1 8 9 8 8 10 8 9 4 9 9 2 8 1 1 6 9 2 8 7 1 5 9 10 10 1 3 6 10 7 3 5 7 4 4 4 3 10 10 3 1 10 1 3 5 8 10 7 7 9 6 8 7 8 5 1 5 10 6 10 6 7 10 3 3 2 10 10 5 0 6 1 4 10 2 5 9 7 3 2 1 3 10 9 1 1 10 8 6 5 7 6 3 4 5 3 10 8 4 6 9 4 7 10 6 5 9 2 5 4 6 3 9 
3 3 7 8 5 2 9 6 1 2 9 1 10 6 6 7 9 6 9 9 1 2 5 6 9 7 6 10 6 6 3 7 7 8 9 2 5 5 4 8 1 4 5 4 2 3 3 2 8 9 10 9 3 10 8 3 1 9 7 8 9 6 7 5 1 3 9 3 5 2 4 9 5 2 8 9 9 2 1 1 7 2 3 3 6 8 5 1 5 2 2 5 4 3 4 2 3 3 1 5 5 3 3 8 6 8 4 7 6 4 9 3 10 7 3 10 10 2 6 4 6 8 5 3 5 6 8 2 2 4 2 9 6 4 4 6 8 9 6 6 4 3 4 5 8 10 3 9 3 1 10 3 6 1 8 1 8 0 8 3 2 4 4 2 10 8 9 1 7 1 2 2 8 9 5 9 3 5 7 8 5 3 2 7 1 7 10 10 2 8 4 7 10 2 9 3 6 5 10 9 
5 10 4 6 3 10 9 5 8 6 10 2 3 2 7 3 10 1 10 1 1 1 3 1 3 9 4 4 2 6 8 7 3 4 2 3 1 4 9 4 5 8 6 1 8 7 6 5 1 5 8 3 9 1 4 5 10 5 1 1 6 4 10 9 3 10 3 9 10 9 9 8 9 4 4 7 2 9 3 6 9 2 9 2 10 7 6 1 2 3 3 3 7 3 7 6 10 6 9 3 3 7 2 2 3 3 6 8 5 8 2 5 9 5 8 1 2 6 2 1 10 3 2 7 6 10 2 7 8 5 8 2 4 7 7 3 9 10 2 3 10 1 1 3 7 10 7 8 8 8 8 7 2 3 3 4 7 3 0 2 4 9 5 10 10 4 9 9 8 1 10 2 10 7 8 9 6 1 3 9 3 6 8 10 7 9 7 6 5 8 7 2 4 6 6 10 7 4 5 3 
7 1 5 8 3 8 8 1 9 2 8 9 3 10 10 6 5 2 5 8 7 9 9 1 5 7 8 1 10 4 7 8 5 5 3 7 10 6 10 10 8 5 7 6 9 1 1 10 3 6 8 6 7 9 3 5 6 8 8 5 7 3 6 2 1 4 1 6 1 5 4 8 3 8 8 8 10 7 8 6 2 8 9 10 2 7 4 6 3 8 1 7 4 2 1 5 10 7 8 1 10 5 1 10 10 8 7 3 2 2 10 3 2 1 1 6 9 8 8 8 1 9 9 1 10 9 6 5 10 9 8 5 9 6 4 3 4 5 10 6 4 1 4 7 6 3 8 7 9 5 6 2 2 2 6 3 1 8 5 0 6 2 9 3 5 3 4 9 4 5 5 10 9 2 8 7 1 7 9 4 9 8 5 5 3 8 7 5 10 10 6 8 9 7 1 6 6 2 3 9 
4 2 9 8 10 3 7 9 5 2 7 5 4 4 10 2 6 7 4 8 6 7 7 4 5 10 5 10 1 10 6 6 8 3 7 8 1 10 4 10 10 9 5 5 7 1 6 1 4 6 2 7 3 9 6 4 4 5 6 4 3 9 1 4 5 3 3 6 1 2 1 4 3 2 1 2 2 10 9 7 4 10 8 1 10 10 9 4 10 4 5 1 6 1 4 8 6 3 6 6 4 7 8 1 2 7 6 10 4 1 6 5 3 6 9 4 8 4 7 7 6 7 2 10 6 1 2 9 1 6 1 10 8 2 2 1 9 1 1 8 9 4 6 8 9 8 8 2 1 4 9 7 8 8 5 6 1 7 1 3 0 2 2 8 1 2 3 2 1 5 9 3 4 2 3 9 10 8 5 4 4 8 8 6 7 6 1 5 7 9 5 4 4 7 10 8 1 9 2 8 
8 4 9 1 1 4 8 9 1 6 9 4 5 5 3 5 1 2 2 2 7 9 6 5 4 2 5 8 10 3 2 6 1 3 8 2 9 7 7 3 1 1 2 5 9 4 6 1 6 3 4 10 3 8 9 4 9 5 2 2 2 7 8 8 1 1 4 1 9 5 10 2 7 7 9 10 4 9 4 10 6 10 2 8 9 3 4 6 7 4 3 10 1 8 4 6 8 10 6 6 10 2 8 7 7 3 10 10 4 5 5 3 5 8 1 3 3 1 9 9 7 6 1 8 4 3 8 3 5 7 8 7 10 9 7 9 10 10 1 4 2 6 4 5 10 6 1 10 10 5 2 9 5 2 10 6 6 7 6 3 5 0 7 5 7 8 2 7 2 10 7 5 7 10 6 3 7 5 5 8 5 2 4 5 4 5 1 6 10 3 8 10 7 4 6 9 8 8 3 4 
6 3 10 4 6 1 1 4 6 4 8 8 4 10 2 6 7 2 2 5 3 3 3 9 1 6 7 7 1 2 8 10 6 2 10 7 6 6 1 2 9 1 10 6 4 2 2 3 6 9 5 4 1 4 2 4 10 9 3 9 8 2 9 3 4 3 2 3 2 1 9 1 5 4 10 4 4 2 2 4 4 5 10 10 1 5 3 8 3 10 3 4 1 5 3 1 1 9 1 10 6 6 7 6 9 3 9 2 9 6 8 7 3 10 7 8 2 5 3 6 10 7 4 8 6 3 3 10 2 2 7 3 3 3 4 3 5 9 4 9 4 2 1 5 10 10 6 7 4 6 8 9 9 5 10 1 10 3 3 7 8 3 0 8 8 6 4 2 9 1 10 4 6 5 4 1 8 2 10 8 10 3 1 1 1 4 8 9 5 8 2 9 4 7 7 5 3 7 7 9 
5 5 8 8 2 5 1 4 3 8 4 9 10 2 2 4 9 8 1 3 8 5 4 9 8 6 4 7 8 5 5 4 5 9 9 1 5 4 5 2 3 1 7 7 8 7 4 1 8 2 7 10 7 1 5 5 10 1 3 9 2 10 9 4 1 8 1 2 9 1 8 4 3 3 3 2 10 1 1 3 2 2 4 1 3 9 4 1 10 10 9 2 6 4 5 5 8 4 8 10 2 9 9 3 1 8 8 4 10 9 10 7 5 7 8 10 8 7 3 1 2 2 10 6 3 1 5 10 6 7 5 9 1 2 8 7 8 1 2 6 9 4 3 5 9 5 2 3 10 8 6 6 7 10 3 1 4 1 9 9 1 6 10 0 3 5 1 2 9 9 6 9 3 5 9 1 3 7 1 6 3 5 6 7 3 8 3 5 2 10 5 7 3 4 6 4 2 9 1 8 
2 9 2 10 4 2 7 7 1 5 5 4 2 8 3 8 1 1 2 9 5 5 8 10 3 4 6 3 10 4 4 5 7 3 4 1 3 1 10 1 6 3 2 8 9 10 7 3 10 9 3 5 7 4 8 10 4 2 8 2 3 8 7 2 2 3 3 2 1 10 8 4 8 9 9 8 2 3 1 9 8 6 1 5 2 4 8 9 9 1 10 3 1 4 9 2 9 4 5 2 7 8 9 5 4 5 1 4 6 8 4 1 5 9 2 6 6 2 5 8 6 4 2 9 4 2 5 5 3 6 4 7 5 4 6 2 1 6 10 10 8 9 8 2 4 3 4 7 5 1 4 4 1 8 9 5 9 4 1 5 6 2 10 7 0 10 5 3 3 6 1 1 4 6 9 10 10 10 1 7 9 10 7 7 4 7 3 8 4 1 2 5 9 9 2 2 3 4 10 3 
2 7 2 5 6 10 1 10 5 4 1 4 9 1 7 10 6 10 6 2 8 3 3 2 2 7 7 1 2 8 2 1 6 9 9 2 10 7 10 6 10 3 1 1 4 7 9 10 7 8 4 3 10 2 5 1 3 8 6 8 2 2 1 1 10 7 3 9 8 9 3 2 7 9 8 9 3 7 10 9 5 3 9 4 6 4 6 7 10 1 4 2 9 5 4 8 6 9 9 7 7 2 2 2 10 3 2 7 2 3 8 8 5 6 2 9 1 8 5 5 5 3 4 5 3 6 7 4 10 6 1 7 10 8 5 3 4 3 2 6 9 8 6 7 10 6 6 2 5 4 5 9 8 6 7 9 4 2 1 9 2 3 5 9 3 0 6 4 9 8 4 9 8 6 7 3 1 6 3 7 2 7 8 5 10 8 10 10 2 3 10 10 5 9 7 7 7 4 9 9 
1 9 3 6 10 10 7 3 6 2 7 1 9 2 10 9 2 7 9 4 4 1 8 1 9 3 3 5 3 3 2 1 3 5 2 7 5 6 6 9 7 6 4 2 5 6 7 5 4 6 1 7 10 5 9 5 7 9 7 2 4 10 9 5 6 4 4 7 10 4 1 7 4 3 2 4 6 6 2 10 4 4 8 7 2 9 3 9 7 10 5 7 7 9 7 9 4 8 10 5 7 10 6 3 10 10 6 6 2 8 9 6 9 8 6 10 3 1 9 10 2 8 8 10 10 6 10 4 7 1 4 10 6 3 6 6 10 9 7 6 3 3 8 4 5 3 3 9 5 1 7 3 7 10 9 5 9 7 8 1 8 8 1 9 2 7 0 6 6 8 5 2 7 1 1 2 4 6 10 1 8 9 10 3 6 10 7 8 5 2 7 3 9 2 3 2 3 2 1 3 
4 6 9 9 7 6 5 6 5 3 2 2 1 1 7 9 2 10 5 4 9 4 7 7 4 8 6 10 3 10 8 7 6 2 7 2 9 6 5 6 7 6 1 1 9 9 5 10 3 10 6 5 9 5 4 8 1 3 9 3 9 9 6 8 5 10 9 9 6 8 7 1 8 1 10 7 9 3 7 8 6 1 5 2 9 7 3 7 9 8 7 10 2 2 6 10 7 8 3 1 8 2 1 9 2 9 3 6 5 6 3 7 3 10 6 1 2 2 4 1 10 9 9 8 3 9 4 9 3 1 1 1 1 6 7 8 10 3 3 9 5 2 3 2 3 6 8 1 8 6 10 9 7 10 7 5 1 6 8 9 3 5 2 5 2 5 4 0 8 8 1 3 1 10 5 8 5 3 8 5 3 6 8 8 10 2 7 9 3 3 7 2 7 3 1 4 1 10 8 8 
7 2 8 7 10 10 7 7 4 5 5 4 7 2 10 10 2 8 5 10 7 6 5 2 6 7 6 6 8 3 9 1 8 2 9 2 8 10 4 7 1 3 8 10 1 1 7 1 6 10 10 5 5 5 6 8 10 4 6 5 6 3 5 6 9 4 10 2 9 5 8 8 1 1 6 6 10 10 1 4 6 8 10 5 6 2 3 6 8 8 9 3 3 7 5 9 9 5 7 8 3 5 7 2 5 5 6 3 10 6 3 10 7 9 3 7 2 3 9 6 7 2 4 9 7 10 4 4 6 3 1 7 3 2 2 5 6 5 7 8 6 1 8 3 3 10 3 10 2 1 7 6 2 5 6 8 10 9 10 5 10 3 2 7 4 3 1 2 0 7 3 7 5 7 9 6 6 4 8 3 1 8 1 6 9 8 4 4 2 3 2 8 6 2 3 2 7 7 1 5 
1 10 3 10 3 10 4 1 2 4 4 10 8 6 9 2 1 8 6 3 6 7 5 1 5 10 4 4 10 9 10 9 7 4 6 10 7 9 4 9 8 7 7 2 3 4 5 5 6 8 5 6 4 10 1 8 5 4 3 10 7 1 5 3 2 8 3 5 3 5 7 9 4 8 2 3 4 8 7 8 2 2 7 2 8 9 7 8 9 3 3 10 9 4 9 2 8 10 8 8 9 9 9 4 8 10 7 1 7 2 10 9 1 5 1 5 6 1 1 1 3 9 9 4 10 4 5 6 7 10 4 7 9 6 9 10 5 3 7 4 5 6 5 8 6 6 3 8 6 2 6 2 1 7 6 9 4 3 7 2 9 3 3 6 7 4 8 6 10 0 8 8 1 8 9 2 6 1 8 9 9 3 4 7 9 9 3 8 6 9 6 7 7 2 9 7 2 5 5 3 
5 10 5 9 10 4 4 8 4 10 8 5 9 3 4 2 3 5 3 1 1 2 10 8 7 7 4 5 3 5 8 1 3 2 4 7 3 3 10 4 6 1 7 3 7 4 6 4 9 1 7 9 4 2 4 2 8 10 10 9 7 1 10 9 5 1 5 9 10 8 9 5 2 3 6 3 1 9 6 2 6 7 2 5 2 10 9 6 5 3 2 6 6 7 8 1 1 2 3 5 1 9 7 3 7 6 10 6 8 5 5 3 4 8 1 7 10 7 7 7 10 10 10 9 8 10 8 9 5 1 7 8 10 4 5 1 4 7 7 4 1 4 9 2 10 8 2 8 1 10 9 3 8 6 2 8 6 4 3 5 8 1 1 3 6 1 9 4 8 5 0 10 10 6 2 2 10 3 6 10 1 6 2 8 5 7 7 4 5 2 7 4 2 10 4 7 7 4 6 5 
8 6 4 7 2 3 2 9 7 4 3 5 10 6 10 8 8 9 7 1 9 3 8 4 1 9 3 7 9 8 3 5 10 6 7 3 2 4 9 6 5 4 10 1 3 8 1 1 9 10 9 7 3 9 2 10 2 7 3 3 5 2 9 8 6 2 2 7 8 8 8 6 9 3 3 2 10 9 1 1 1 3 4 4 10 2 5 5 8 4 1 4 4 6 7 6 6 7 7 7 9 8 4 7 6 2 3 9 10 8 2 10 10 7 1 9 7 2 10 10 10 6 6 5 1 8 10 9 5 3 1 7 5 6 5 6 1 7 9 3 3 10 2 1 1 6 7 1 10 3 1 1 7 8 10 9 6 5 2 9 1 4 6 7 6 5 6 3 7 10 7 0 8 9 8 6 1 6 5 1 9 8 4 1 6 10 6 6 8 6 9 1 8 4 2 6 7 4 10 4 
8 2 10 6 10 2 7 7 1 9 7 4 5 6 4 6 4 3 9 8 1 4 1 8 8 6 6 7 1 8 5 4 10 6 8 9 5 10 3 9 9 8 4 6 8 2 1 8 6 7 6 9 3 5 1 4 8 9 5 8 3 10 9 7 10 2 8 4 4 9 5 8 3 7 4 10 8 8 8 2 7 10 3 6 6 3 2 9 4 2 8 5 8 9 1 4 2 1 10 6 10 5 1 8 2 10 9 2 4 5 3 4 1 9 6 4 9 8 1 3 2 3 7 2 6 8 7 5 5 5 8 8 6 1 8 8 9 7 6 7 7 1 8 8 1 3 7 7 10 6 2 7 1 6 1 4 4 4 7 10 7 3 1 1 6 7 8 8 2 2 3 9 0 10 5 5 5 10 5 2 7 7 2 2 4 2 6 6 6 9 5 6 1 8 1 6 6 2 8 5 
10 2 2 2 4 3 10 10 5 10 6 1 10 9 8 2 4 8 4 6 8 9 3 4 7 2 10 1 2 9 1 6 2 5 7 4 6 10 2 5 10 3 6 8 6 1 8 1 5 9 9 1 6 3 8 4 4 6 6 6 3 7 8 9 2 10 2 2 8 9 3 5 4 9 10 6 10 6 10 5 4 6 2 8 8 5 5 1 1 3 9 6 4 4 8 1 6 2 7 2 5 2 6 8 10 1 10 9 4 1 9 6 7 8 2 2 1 7 4 4 3 8 3 4 7 10 7 4 9 3 4 2 4 8 3 2 2 9 4 6 10 1 5 6 7 2 2 7 4 5 1 5 3 8 7 7 5 1 2 9 3 1 9 6 10 4 4 8 2 5 10 4 6 0 10 1 1 6 7 9 9 4 10 10 8 8 3 8 4 3 5 4 4 2 8 10 7 3 3 3 
8 7 4 2 3 6 5 3 6 2 4 8 6 5 2 3 9 1 7 10 4 8 9 5 4 10 8 9 1 1 7 7 4 5 3 3 7 4 10 5 8 7 6 6 3 7 2 1 8 3 4 6 5 6 4 5 4 6 9 1 7 6 7 6 8 9 9 7 8 7 5 6 3 6 7 6 2 7 7 6 1 4 2 5 10 6 1 1 6 1 8 2 10 8 10 2 9 5 9 5 4 3 9 4 3 1 10 6 10 8 6 2 1 4 10 1 10 6 6 1 8 10 6 8 8 1 2 4 5 4 5 3 4 1 6 10 2 6 9 2 6 1 8 6 10 10 1 8 4 10 4 10 10 3 4 8 3 9 1 9 3 9 10 9 2 6 6 4 6 9 7 1 8 7 0 8 5 7 5 8 7 3 1 9 10 2 5 5 6 9 6 6 2 4 3 4 9 9 1 3 
10 4 9 8 7 7 5 5 5 5 3 1 9 3 5 2 3 2 9 1 6 8 6 6 2 8 3 8 9 8 1 7 2 1 1 6 5 7 1 3 5 6 6 5 6 6 3 3 1 2 9 9 10 9 5 1 8 7 8 8 6 7 5 3 8 2 6 6 5 9 6 3 9 6 8 2 2 1 2 9 9 8 9 3 3 9 8 2 10 1 8 10 3 5 7 5 4 6 4 4 6 1 9 4 8 3 6 6 6 2 5 3 9 7 3 2 3 3 2 10 2 4 1 5 9 2 2 4 10 5 6 3 2 3 5 9 10 4 2 2 3 1 1 9 3 1 4 4 6 9 8 9 10 3 1 4 5 3 7 4 1 1 3 9 3 4 4 9 7 9 4 8 6 4 10 0 1 8 8 7 3 7 1 9 7 4 1 5 10 4 2 6 7 1 1 8 1 9 1 2 
9 2 10 9 9 7 5 7 5 8 10 5 5 3 3 5 2 7 3 6 2 2 9 7 6 2 6 7 6 4 1 4 10 2 3 5 3 7 8 3 3 5 7 6 5 3 1 6 4 3 5 2 1 10 10 1 9 2 10 5 6 10 9 5 4 1 10 5 10 3 5 7 6 3 7 3 3 7 2 2 4 4 7 8 8 9 8 9 1 7 3 7 7 1 10 5 5 2 8 5 3 1 4 4 6 10 3 4 6 9 4 7 8 2 4 9 7 6 9 6 10 7 1 7 9 2 8 2 7 2 10 7 2 6 5 6 8 5 10 10 1 7 3 6 3 4 7 1 2 7 3 2 8 8 1 10 4 5 2 3 5 1 2 5 2 4 1 6 5 10 10 1 4 6 2 6 0 5 2 2 8 4 9 4 4 6 5 5 4 6 8 3 10 4 9 4 6 1 10 1 
1 2 1 10 4 2 3 6 5 1 4 3 8 9 8 7 2 2 9 5 3 7 3 5 9 2 1 6 4 9 3 8 1 3 6 10 10 6 8 5 1 9 7 5 9 2 6 6 10 2 4 5 9 10 7 7 7 4 9 2 4 3 6 5 7 4 4 9 8 6 10 1 1 1 10 9 5 7 6 2 1 8 10 6 6 9 7 3 4 7 9 7 1 5 9 3 4 3 5 1 2 2 8 10 5 4 2 9 2 7 4 8 5 2 6 10 10 5 6 6 3 4 1 10 9 6 1 5 10 10 2 9 1 4 6 5 10 1 1 3 1 9 8 2 8 3 8 10 4 9 9 3 3 2 3 8 2 6 10 5 9 2 5 4 4 1 2 4 9 7 8 7 6 5 9 2 8 0 2 4 6 9 7 6 9 2 3 6 6 10 9 1 1 10 3 4 4 2 6 9 
6 1 5 5 8 1 3 7 10 3 6 3 6 5 1 6 7 5 3 5 3 7 3 8 8 9 6 8 9 1 8 4 4 4 2 10 2 9 1 1 5 4 3 10 7 9 6 3 2 8 1 9 5 10 1 6 5 2 9 8 1 10 9 3 2 9 4 3 10 1 1 7 10 9 4 1 1 4 8 6 4 3 3 4 1 5 9 3 6 9 8 7 2 6 1 10 7 1 4 3 9 6 5 3 1 8 3 10 1 3 10 3 8 8 7 9 1 1 3 7 2 7 2 6 7 8 5 3 1 9 9 5 4 3 3 1 6 10 2 6 9 7 10 1 4 3 2 7 4 4 6 6 4 9 4 6 3 9 10 7 3 2 7 6 9 3 5 2 10 8 10 3 2 6 9 7 1 4 0 1 3 1 2 2 9 5 4 5 2 7 6 7 1 10 6 4 1 10 3 6 
8 6 7 6 8 4 9 3 2 2 2 10 6 5 9 3 1 8 6 6 1 6 7 10 1 2 9 5 5 7 2 4 2 8 7 10 5 4 6 1 7 5 8 3 4 4 6 4 5 2 6 9 5 10 8 7 7 9 7 6 1 9 6 6 4 10 5 10 6 4 6 6 4 9 10 1 6 3 1 3 2 8 8 5 10 7 7 4 1 1 9 7 9 1 4 8 1 4 3 3 3 2 5 5 1 6 9 5 5 2 8 1 8 5 9 6 8 7 4 10 4 5 9 9 10 9 1 4 9 1 5 8 8 4 7 3 5 3 4 10 5 5 9 10 2 3 6 9 1 3 2 5 10 4 5 4 4 6 6 9 4 1 10 1 8 4 3 8 10 4 9 7 9 7 6 4 2 8 10 0 5 1 7 2 4 4 4 5 6 1 10 2 5 9 8 10 2 2 8 4 
1 4 10 8 1 3 8 4 10 10 3 7 6 3 4 1 10 3 4 1 9 1 2 6 5 3 2 8 2 9 4 7 4 10 6 10 5 1 4 6 10 8 6 2 1 6 4 7 3 4 7 10 4 8 6 1 5 6 1 3 3 5 8 7 10 6 7 8 3 2 1 4 6 4 7 2 5 9 9 6 10 7 10 7 1 3 6 6 3 6 2 5 2 8 9 3 8 8 8 3 10 7 2 4 8 6 10 1 7 1 8 5 8 6 1 9 8 2 5 3 9 1 8 6 2 8 8 5 7 9 6 8 3 2 5 10 9 4 3 1 3 2 7 1 10 4 2 7 2 9 1 7 6 9 7 9 1 4 8 8 7 6 3 1 6 4 10 3 2 10 5 9 9 5 5 4 8 2 10 4 0 2 9 9 3 5 3 9 10 10 5 2 3 3 4 1 2 10 4 7 
2 9 4 5 10 2 6 6 10 4 2 9 2 2 4 7 7 8 2 10 9 9 10 10 3 1 1 4 1 10 4 9 1 3 9 3 10 5 4 1 2 3 1 7 6 7 2 3 3 9 5 8 10 6 3 2 2 5 7 2 9 2 6 3 6 8 3 6 6 2 1 6 4 5 6 6 5 6 7 8 4 5 5 3 10 4 9 7 9 10 4 1 1 2 4 6 8 9 9 2 2 8 2 2 8 1 10 9 4 8 7 6 2 2 6 5 3 2 7 9 9 9 6 3 1 8 9 10 9 2 2 8 10 10 7 8 3 9 9 1 2 4 1 6 7 9 9 6 3 7 1 7 3 5 9 4 6 1 2 5 6 2 9 10 1 8 9 5 7 2 4 8 1 3 10 7 4 5 4 5 3 0 10 6 6 3 9 9 4 6 4 6 3 8 10 6 4 4 6 3 
9 6 1 6 7 2 1 4 2 6 5 10 10 9 7 2 3 8 7 5 3 4 5 1 5 3 3 5 10 3 6 7 4 4 9 1 8 1 10 1 3 6 8 7 4 8 2 10 8 8 8 4 9 1 10 5 6 8 7 1 6 5 9 3 1 8 1 6 1 8 5 7 6 7 4 1 4 2 7 8 2 7 2 4 4 2 8 7 5 8 3 7 4 9 1 10 8 2 7 8 8 1 7 7 1 2 8 2 10 6 4 10 2 2 10 3 9 4 9 5 3 4 7 8 7 4 6 9 1 4 5 8 9 10 10 8 9 9 1 5 4 5 9 7 6 10 3 7 7 8 10 9 9 6 6 4 1 3 2 7 4 8 8 6 6 9 1 5 5 6 5 2 4 10 5 3 4 8 1 6 1 8 0 3 8 1 6 9 6 8 2 10 2 1 6 9 8 10 7 7 
4 7 5 5 6 6 3 4 2 3 5 1 8 7 1 8 10 8 3 8 8 7 5 7 9 6 9 9 8 8 3 7 6 4 5 5 6 6 8 5 3 5 5 3 9 4 7 4 9 9 10 8 6 3 8 9 5 8 5 4 2 9 4 2 2 7 2 2 6 6 8 3 10 10 9 1 6 6 2 6 3 8 4 9 8 4 6 6 1 6 3 4 2 3 8 6 2 7 7 2 6 9 4 9 7 3 1 10 2 1 8 5 6 5 10 2 9 5 2 7 10 9 2 4 3 1 10 10 3 10 7 7 4 9 2 9 9 5 1 1 7 3 9 2 9 6 8 7 10 8 5 4 8 5 2 7 10 10 7 6 1 10 4 5 8 4 1 1 2 4 1 5 1 3 5 6 2 5 1 3 3 2 1 0 7 3 4 10 9 10 2 1 9 8 8 3 10 1 7 9 
7 10 8 3 5 1 10 8 5 9 5 10 3 4 6 6 5 7 4 4 4 4 6 9 8 1 4 3 8 7 4 10 2 5 10 5 9 10 7 3 7 3 6 9 5 3 9 9 5 10 8 5 6 1 6 4 6 9 5 5 8 7 3 9 6 10 1 3 7 3 9 4 6 9 8 4 9 3 8 8 1 5 4 6 8 6 10 1 4 5 2 8 1 9 3 9 1 8 6 10 10 5 8 1 10 5 9 10 2 7 5 6 7 8 4 1 8 6 5 4 4 8 8 9 3 10 1 6 1 6 3 2 10 6 10 5 8 3 6 7 3 3 9 2 5 5 5 9 2 2 3 9 3 6 4 3 10 1 2 9 5 6 6 3 1 3 3 7 5 4 5 5 3 8 1 8 2 5 5 1 5 6 3 2 0 2 1 7 2 7 5 4 9 4 3 1 7 6 9 6 
8 4 9 3 7 3 8 4 3 5 5 10 5 1 7 4 1 7 3 1 8 5 8 6 2 9 4 3 3 10 6 4 10 8 1 6 3 4 2 8 2 1 9 5 3 10 3 7 8 3 1 10 5 6 4 8 1 4 3 6 6 7 1 7 1 3 8 2 2 2 5 1 8 7 3 9 7 7 8 8 3 10 6 1 2 1 1 3 1 7 5 6 4 2 7 5 5 2 3 3 7 9 8 3 4 5 2 4 10 10 2 8 1 5 8 4 3 6 7 1 1 7 8 6 7 3 8 5 5 1 8 6 8 3 2 1 5 10 4 10 4 7 2 8 5 4 6 7 4 7 10 2 1 9 8 1 7 8 8 3 9 8 3 3 7 2 9 5 7 1 5 8 2 8 8 4 1 10 7 2 1 2 9 5 10 0 4 3 1 6 4 6 8 9 4 7 5 4 4 9 
7 8 2 4 7 3 5 5 4 6 2 1 2 1 4 6 2 10 9 1 8 1 9 2 5 6 8 8 8 9 7 9 5 10 1 7 6 3 9 1 3 3 10 2 10 10 5 5 1 9 6 5 5 7 7 3 1 7 5 9 5 7 3 10 6 5 4 1 1 5 5 6 10 2 9 3 6 7 1 7 9 7 6 4 2 4 8 5 2 8 1 8 1 4 8 6 8 6 7 8 10 3 8 3 1 8 3 4 2 10 7 1 6 2 7 4 2 10 2 6 5 7 1 8 2 2 3 8 1 6 3 7 7 9 1 10 7 4 8 6 6 6 5 10 1 3 9 4 4 6 2 6 4 1 3 3 4 2 1 2 7 7 4 9 2 6 2 7 2 5 1 6 3 3 6 2 7 10 5 3 6 3 3 2 7 4 0 3 8 5 9 9 9 6 7 6 9 6 8 5 
2 3 4 8 4 10 9 8 8 8 10 5 6 7 4 2 7 4 3 6 10 1 7 4 8 9 10 4 1 1 8 7 8 4 4 10 10 6 5 4 3 4 7 1 5 5 7 1 2 8 5 4 1 5 5 4 9 7 1 6 2 4 5 3 6 5 1 9 8 9 6 3 10 4 9 5 7 5 9 6 10 9 9 4 5 8 9 7 1 8 1 10 1 3 9 5 1 2 4 2 1 3 6 2 10 2 7 4 7 7 9 9 3 7 10 8 6 9 10 8 9 4 7 9 4 5 8 1 2 10 1 7 5 8 6 2 6 8 2 6 1 10 9 5 1 1 10 8 1 4 4 6 10 4 7 8 6 6 10 5 10 9 5 7 5 3 7 8 9 2 3 10 2 4 10 10 6 5 2 2 2 7 6 5 5 8 1 0 5 3 1 6 4 6 8 3 5 4 10 8 
8 4 8 1 7 1 10 7 6 6 8 6 5 1 10 9 9 10 1 2 2 2 7 5 1 5 2 6 4 5 8 3 10 9 3 8 5 7 9 5 7 4 7 7 8 2 2 10 4 7 3 2 5 2 2 3 10 3 1 6 5 4 6 8 5 6 3 10 10 2 7 4 1 4 9 5 1 6 2 9 1 8 6 7 2 10 1 5 2 6 3 7 6 8 7 4 5 6 3 6 6 2 10 5 4 3 7 4 9 1 5 8 10 1 4 6 6 9 6 8 3 9 8 7 7 7 2 10 10 2 4 7 6 6 8 5 1 3 8 4 7 7 3 9 5 6 6 3 3 1 4 3 2 3 10 2 1 7 4 9 7 2 8 9 3 9 6 3 5 3 5 7 1 4 6 7 10 2 9 3 3 3 8 5 9 7 2 3 0 1 9 5 1 2 4 9 9 1 2 1 
6 4 5 7 7 2 3 1 1 3 3 3 1 5 9 2 10 1 6 10 9 5 1 5 7 3 10 10 7 4 8 9 4 9 10 2 2 5 5 7 8 3 5 6 3 9 10 6 6 9 8 4 2 2 9 5 1 7 5 5 9 3 8 9 8 6 4 2 1 2 8 1 1 7 2 7 7 3 5 8 4 3 7 5 7 4 9 8 1 3 3 4 6 5 3 7 1 6 1 5 1 4 2 4 4 6 1 8 10 8 8 2 5 3 6 10 6 5 10 6 2 7 5 7 10 1 9 1 10 10 3 5 5 7 8 3 2 1 1 7 2 9 3 10 10 9 6 9 10 4 4 10 9 9 6 7 3 9 6 7 3 10 2 5 10 3 8 5 4 1 3 4 1 7 10 9 4 6 10 1 5 10 6 10 8 6 3 4 5 0 10 9 3 9 7 9 7 5 2 10 
1 1 3 1 3 10 9 7 6 8 2 3 10 6 1 7 5 5 2 6 4 2 6 1 8 1 5 9 4 10 3 3 6 2 10 10 4 8 2 5 6 3 1 5 10 6 6 2 10 10 2 9 2 5 4 1 6 1 7 6 2 7 1 3 10 1 5 6 2 6 7 5 2 8 5 4 6 8 7 7 8 2 9 2 5 1 4 5 9 4 9 4 1 4 8 10 9 2 10 1 7 9 6 3 10 7 2 10 10 7 2 6 6 8 3 10 2 5 2 7 4 7 8 9 7 1 8 6 9 5 3 3 1 1 1 4 4 5 7 7 6 10 7 3 3 4 1 5 7 5 9 1 5 3 1 6 4 4 10 8 10 2 2 1 1 2 2 4 8 5 1 8 9 4 3 7 7 8 5 3 7 9 2 1 5 7 10 9 1 5 0 5 7 6 4 7 5 5 3 5 
9 5 10 1 10 10 1 1 2 7 9 10 3 9 8 4 9 8 2 4 4 2 8 4 8 5 2 1 5 8 4 2 1 7 10 10 2 4 5 9 8 9 3 3 1 1 6 5 4 8 4 5 10 2 7 10 8 5 4 5 2 4 9 2 9 10 4 6 8 2 4 4 5 9 7 4 5 6 3 1 4 7 9 2 8 7 1 6 10 4 1 1 2 2 7 1 4 1 3 5 1 1 3 7 4 9 3 5 5 1 8 1 5 6 10 3 4 1 4 1 2 2 2 6 6 4 3 10 2 1 8 3 6 5 8 1 8 1 3 6 1 4 3 5 6 10 4 7 10 4 5 10 1 2 5 7 7 6 8 9 2 2 2 3 7 10 1 3 1 7 1 9 2 5 4 9 3 8 6 9 7 3 2 8 7 8 8 5 8 7 10 0 8 8 2 1 7 5 7 6 
4 3 4 1 7 9 3 9 5 10 4 5 6 8 3 9 5 5 6 10 4 8 10 8 5 2 6 6 10 4 8 6 2 2 7 7 6 2 3 7 9 7 5 10 8 10 5 3 8 1 9 5 4 8 4 5 4 1 5 10 1 1 1 5 6 6 9 7 1 8 10 8 10 4 8 3 10 4 5 9 2 8 8 4 10 2 8 8 7 9 5 7 6 3 4 8 3 7 5 1 7 9 7 9 2 8 1 3 8 1 2 10 1 7 4 4 2 7 1 7 9 4 3 10 5 8 10 9 5 10 9 2 9 4 4 10 1 2 6 2 2 6 5 1 3 8 9 7 8 5 2 10 3 10 9 7 5 10 3 2 4 8 9 10 3 3 3 9 9 7 6 8 7 1 4 2 10 2 7 3 4 9 3 1 5 7 5 1 1 3 5 7 0 10 4 5 6 2 1 8 
3 10 1 6 5 9 7 5 5 10 7 5 4 7 9 2 7 6 10 1 1 6 8 10 8 7 3 10 5 6 9 10 1 6 4 8 7 9 5 6 10 7 5 9 9 9 8 10 4 7 8 5 6 5 4 7 3 10 5 7 7 9 2 2 9 7 5 1 10 9 5 3 5 1 7 1 2 5 7 4 4 2 10 9 10 6 7 1 6 4 5 2 3 1 9 5 8 4 5 2 9 5 9 1 10 8 10 3 10 2 8 8 10 10 10 10 9 9 2 5 9 9 6 1 2 6 10 6 8 9 9 2 2 7 7 1 4 8 10 10 3 1 10 3 7 10 1 5 8 8 2 7 1 1 6 5 4 7 6 5 1 6 5 4 3 10 7 4 10 10 1 9 7 10 10 4 7 4 1 9 10 4 2 4 10 4 9 3 2 1 10 8 1 0 3 4 2 1 7 5 
1 6 6 7 4 2 9 6 10 10 4 1 7 3 6 2 1 9 10 1 6 8 6 3 10 9 7 2 9 10 9 9 3 1 8 2 1 5 3 9 10 5 3 8 10 1 5 7 3 7 9 1 4 7 3 3 8 4 6 6 3 4 9 6 6 5 9 7 8 2 2 10 9 3 1 1 3 2 4 5 4 1 8 8 10 5 7 1 8 1 3 10 3 10 2 5 4 8 10 2 8 2 3 7 7 6 6 6 2 5 1 2 2 5 2 6 7 10 9 5 4 8 3 8 1 8 3 6 5 8 10 10 2 1 1 9 4 2 5 3 9 9 4 10 2 9 9 10 9 4 8 6 6 9 2 5 5 6 1 6 7 5 9 3 2 5 8 6 7 5 8 5 6 8 6 10 4 2 7 10 7 8 6 8 6 10 3 10 3 8 9 7 4 10 0 6 8 8 6 4 
7 9 3 1 7 4 10 4 3 1 6 7 1 9 2 7 6 1 8 4 7 9 4 10 7 8 1 7 5 1 9 7 10 9 2 6 5 10 7 8 3 3 4 7 6 6 3 1 4 7 4 10 9 10 10 2 7 1 7 7 5 8 7 2 5 5 5 5 1 6 4 10 9 1 8 5 4 7 3 2 1 9 9 8 6 4 10 10 7 10 3 7 5 7 9 7 10 4 4 5 4 10 2 7 8 3 3 5 9 6 3 4 3 3 1 10 3 9 7 10 7 9 8 5 9 10 10 6 1 2 2 5 6 10 4 6 2 3 7 8 8 7 6 10 3 3 10 2 1 3 6 4 4 10 4 2 8 8 7 3 8 5 4 2 8 8 7 2 1 1 1 9 6 10 4 8 1 5 1 10 1 2 9 8 6 6 3 1 3 9 6 1 8 2 10 0 5 10 6 6 
8 2 3 9 4 5 2 7 9 8 5 3 8 10 5 4 10 10 10 4 2 4 5 5 1 4 9 10 10 9 2 2 3 7 2 3 10 9 3 1 5 10 1 5 7 3 9 4 10 4 9 1 9 5 1 2 2 9 1 9 9 9 3 3 10 4 3 2 7 8 3 1 7 1 9 4 4 2 2 9 8 6 7 10 1 5 5 2 2 7 4 6 8 8 7 3 2 3 9 3 10 7 6 8 5 2 1 5 10 6 3 5 2 7 7 6 1 9 1 8 2 8 2 6 7 9 1 5 3 7 6 3 10 1 1 6 5 7 4 3 10 4 9 2 3 10 9 3 3 6 9 8 8 2 8 6 5 5 8 5 2 9 6 7 10 5 6 2 7 2 9 2 5 4 6 8 4 4 7 1 7 7 7 5 8 7 7 4 8 3 8 5 3 4 8 5 0 3 8 8 
1 5 8 8 2 2 7 9 9 2 6 3 4 9 6 10 5 9 8 7 2 4 2 3 6 3 2 1 7 5 3 8 10 9 7 1 10 5 2 5 10 6 7 5 7 7 10 6 7 3 8 10 9 10 1 1 4 5 10 4 9 6 1 5 8 4 7 3 10 4 8 10 6 3 9 3 6 9 5 6 4 6 7 3 10 5 6 8 1 9 3 3 9 5 2 10 3 9 8 4 8 10 2 6 10 5 1 1 8 7 4 2 2 6 8 7 7 7 8 8 3 4 5 7 2 4 7 10 3 10 3 9 5 10 8 3 5 8 6 4 4 4 9 2 2 10 2 1 3 2 3 2 9 9 1 1 8 2 1 1 4 8 4 3 8 4 3 4 2 6 1 6 9 5 1 8 7 3 1 6 5 8 4 9 9 10 3 3 5 6 7 5 6 10 9 2 7 0 4 6 
5 4 8 1 3 5 2 8 5 7 6 1 7 4 5 1 7 2 10 7 7 7 10 9 6 9 7 9 5 1 1 5 4 3 1 6 10 8 10 10 10 9 6 9 4 1 2 10 7 5 1 2 7 7 3 9 3 10 4 4 5 4 8 7 10 10 10 10 6 5 9 10 6 6 2 1 1 5 8 4 2 10 2 2 5 5 1 6 9 3 5 6 3 4 5 7 1 3 3 1 4 8 4 1 6 10 8 1 9 3 3 7 6 6 8 4 3 5 5 3 5 4 6 2 3 3 5 1 5 4 1 10 8 8 9 9 5 10 5 10 5 8 2 8 7 1 9 1 3 7 2 1 9 6 8 1 2 6 8 10 6 7 7 5 5 3 10 6 7 8 3 5 7 5 10 8 7 3 7 8 8 4 5 6 2 4 2 5 1 6 10 2 9 10 8 1 9 8 0 8 
3 1 4 2 9 9 1 6 4 8 3 8 2 4 5 9 4 3 1 10 8 8 9 8 6 5 6 4 4 4 6 5 5 2 7 3 10 3 7 6 7 2 5 9 8 8 8 3 10 1 6 3 4 4 1 5 9 10 8 3 1 4 3 10 9 2 3 1 4 10 9 3 6 10 4 10 4 8 7 5 7 9 5 6 7 7 4 8 1 10 8 1 3 7 2 4 3 4 2 7 7 8 4 7 7 1 5 5 5 8 7 7 7 7 5 3 9 2 6 3 10 7 9 4 3 10 8 5 2 4 8 6 9 5 5 5 1 3 6 3 8 3 2 1 6 7 2 4 5 6 3 7 3 6 4 10 10 1 6 9 10 9 3 8 3 1 4 5 1 6 10 6 10 4 5 5 8 3 10 4 4 8 3 3 6 8 10 10 8 3 6 2 8 8 3 10 8 4 2 0 
