50
8 0
9 12
10 24
2 13
5 39
10 54
9 62
8 32
5 75
6 84
5 63
8 73
10 93
10 132
5 137
7 154
9 145
7 106
3 95
9 126
9 228
2 211
6 220
3 185
7 206
2 113
3 229
7 295
3 243
8 335
5 229
8 340
4 341
3 132
8 269
7 183
2 379
5 311
4 222
3 265
9 412
8 429
10 373
6 350
5 204
4 519
2 407
10 196
7 288
2 334
0 2 2 1 0 3 2 2 0 1 0 0 3 4 3 4 3 0 0 3 2 0 3 0 1 1 3 0 3 4 3 2 3 1 3 0 1 2 2 2 0 0 4 0 4 2 4 4 4 4 
2 0 2 2 2 4 0 1 0 1 4 1 1 3 0 2 1 0 1 0 0 3 0 2 4 1 3 3 2 3 0 2 2 2 1 0 3 1 1 3 4 2 2 1 0 2 0 3 4 1 
3 1 0 1 0 3 0 3 2 1 1 2 1 3 4 0 1 1 3 2 4 4 4 1 1 2 1 0 2 1 1 1 4 3 4 0 3 2 0 2 3 1 4 4 1 1 1 2 2 4 
2 4 0 0 1 2 3 0 1 0 2 2 2 0 2 2 0 4 0 2 4 3 0 1 4 1 2 0 2 2 0 3 4 4 4 2 1 4 2 2 0 1 2 2 2 4 4 4 0 1 
1 1 4 3 0 4 4 4 4 1 3 1 1 1 2 0 2 4 4 4 3 3 4 4 0 3 3 1 4 2 3 0 3 0 2 3 4 1 4 0 2 2 1 1 1 3 1 0 4 2 
4 2 3 3 2 0 0 1 0 4 0 3 2 3 3 4 0 2 1 1 3 1 0 1 0 1 2 3 0 4 3 4 4 0 2 2 4 0 1 0 4 1 0 3 1 0 3 1 4 1 
4 3 4 0 1 4 0 3 0 3 0 4 3 0 3 0 4 1 0 4 2 2 0 0 4 4 2 4 4 0 1 0 0 4 1 0 2 1 0 2 1 1 1 4 3 2 4 2 0 1 
4 2 3 4 4 4 0 0 3 4 4 4 2 1 4 3 3 1 0 4 3 4 0 4 0 1 4 4 2 4 4 4 3 3 4 4 0 4 0 3 0 4 4 2 3 0 0 1 1 2 
2 2 1 4 3 3 2 3 0 3 4 2 2 0 2 3 0 1 3 1 3 1 1 0 3 0 3 3 0 1 2 2 3 4 0 4 2 3 1 2 3 0 1 1 1 3 4 3 2 4 
4 0 0 0 0 0 0 3 4 0 2 4 1 1 4 2 1 3 1 1 4 4 0 2 2 3 3 1 4 3 0 3 2 0 0 4 3 1 1 1 2 0 3 3 3 4 2 1 3 3 
2 4 4 4 1 2 4 1 0 0 0 4 0 3 3 2 1 4 0 4 2 4 1 4 2 1 2 3 3 3 1 3 3 3 0 4 4 2 4 1 4 1 2 4 0 3 1 3 4 4 
2 2 3 0 1 2 1 1 0 1 1 0 4 4 1 2 4 1 1 3 2 4 4 3 4 3 0 2 2 0 1 1 4 0 1 4 4 3 0 0 3 1 1 4 3 3 1 2 1 0 
3 0 4 2 3 0 3 1 4 2 3 1 0 0 3 3 1 2 2 4 3 2 4 1 1 4 4 1 0 4 2 0 2 2 2 1 2 4 1 0 4 3 4 0 3 2 0 4 4 3 
3 4 2 3 1 3 4 2 1 4 1 3 2 0 0 2 1 4 2 0 0 4 4 4 3 1 2 2 2 4 4 2 2 0 4 2 3 0 3 1 1 3 2 2 2 0 1 3 4 3 
0 4 3 0 0 3 3 0 3 0 4 2 2 3 0 4 4 1 3 1 4 4 2 4 3 1 3 3 3 1 4 3 2 1 3 4 1 2 2 1 2 0 0 1 4 1 0 3 4 3 
4 0 2 4 0 1 0 3 1 3 2 3 4 1 4 0 2 2 2 1 4 1 3 1 3 4 1 4 0 1 3 3 3 4 1 2 4 4 4 4 2 0 3 2 4 1 1 1 3 1 
3 0 2 1 1 0 1 2 0 3 4 3 1 2 2 4 0 1 3 0 0 0 3 0 3 0 4 0 4 3 0 0 1 0 4 2 2 4 0 1 4 3 0 3 2 4 2 1 0 1 
2 3 3 2 0 1 4 0 3 0 3 1 2 1 1 1 0 0 0 1 1 2 0 1 4 0 3 1 0 2 3 3 4 1 1 3 2 4 2 4 0 0 4 1 2 0 4 4 2 0 
0 0 4 2 2 0 0 2 1 0 4 0 3 0 3 4 3 2 0 0 3 3 0 3 2 1 2 4 1 1 2 3 1 2 2 1 1 2 1 1 1 1 0 3 1 3 3 2 1 1 
2 1 4 3 1 4 4 4 0 2 0 4 0 4 4 4 0 0 4 0 1 1 0 4 4 0 0 2 3 2 0 4 1 4 1 4 0 2 1 1 2 3 2 2 1 3 1 2 3 3 
1 1 2 3 0 3 3 2 2 2 1 2 3 2 3 1 2 4 0 0 0 2 3 0 4 2 3 2 0 1 2 0 4 3 2 3 0 2 1 4 4 0 0 2 1 3 2 4 2 3 
0 4 1 0 4 0 4 3 0 4 1 4 1 0 0 1 3 0 3 2 0 0 3 4 2 2 0 0 4 2 4 3 2 3 4 2 0 1 3 3 3 2 4 3 0 1 3 1 0 0 
0 4 2 3 3 0 0 1 2 1 0 4 4 2 2 0 1 2 2 4 2 2 0 3 3 0 3 0 0 0 2 3 0 3 2 0 1 4 0 4 4 3 4 3 3 3 2 3 4 0 
2 0 4 0 0 0 2 4 2 0 1 4 3 1 2 2 1 0 2 3 2 1 1 0 3 4 1 2 1 2 3 3 4 1 0 1 1 0 1 0 2 1 1 3 1 4 2 3 2 4 
0 2 1 3 1 2 2 2 1 1 4 4 1 1 2 3 4 4 3 0 1 2 1 0 0 2 2 4 4 3 4 4 3 1 2 2 2 1 1 2 2 4 1 4 3 4 1 1 4 2 
0 1 4 4 3 4 2 2 0 1 0 1 2 1 3 2 0 2 3 1 4 1 3 3 2 0 1 4 3 2 0 1 4 2 2 4 2 3 3 4 3 1 2 0 4 3 0 3 3 2 
1 1 4 4 1 4 1 2 3 2 2 4 0 3 1 2 4 0 0 2 4 0 4 3 2 0 0 3 2 3 3 2 1 0 3 3 3 2 1 3 2 3 0 1 0 0 4 2 0 4 
4 4 1 2 3 4 4 0 3 2 0 1 1 4 3 4 2 4 3 3 2 0 4 4 4 4 4 0 3 4 4 0 3 1 3 2 4 2 2 2 2 1 2 1 2 1 1 3 0 2 
1 4 4 3 0 3 2 4 0 3 0 1 3 1 2 3 3 2 2 0 1 2 1 0 3 3 4 1 0 3 4 4 4 0 0 0 0 4 2 2 4 2 2 0 2 3 3 0 2 2 
3 2 0 0 1 0 0 4 4 3 0 1 4 4 1 0 1 4 1 4 1 2 1 0 2 4 4 2 1 0 3 1 4 2 3 4 3 4 4 0 0 0 0 1 4 1 0 4 3 4 
0 4 2 2 0 2 2 1 3 1 3 3 0 2 1 3 4 4 4 0 1 0 0 1 3 0 0 3 4 3 0 4 2 2 1 4 4 1 3 3 1 0 1 0 0 0 3 0 1 2 
0 2 1 0 4 2 3 4 2 4 1 2 3 0 4 2 4 1 0 0 4 3 0 0 3 2 2 3 2 4 1 0 2 3 2 4 2 1 3 4 1 4 2 3 4 2 0 1 3 1 
3 3 0 2 3 0 2 2 4 1 0 0 4 2 3 3 2 1 1 2 2 2 3 4 1 2 3 1 1 1 2 1 0 0 4 3 0 1 3 3 0 1 0 1 2 4 1 0 3 4 
1 2 1 1 0 2 4 3 0 2 1 2 4 2 4 0 3 4 1 1 4 1 4 1 4 1 1 1 1 4 0 4 2 0 2 2 4 4 1 2 0 3 0 4 4 3 3 4 1 2 
0 4 4 4 3 0 3 4 3 4 2 3 0 3 2 4 1 1 0 2 1 0 1 1 4 0 4 2 2 0 2 2 1 3 0 1 4 0 0 3 4 1 2 2 3 1 1 2 2 2 
3 4 3 0 2 0 2 0 1 1 2 4 0 1 0 0 3 0 1 0 0 0 3 3 4 2 4 0 1 3 4 1 4 3 4 0 2 0 3 4 3 4 1 2 2 4 0 2 4 0 
0 4 2 0 0 0 1 2 1 3 0 4 3 2 4 3 3 3 3 1 2 1 0 0 1 4 4 1 2 4 3 2 0 0 0 0 0 3 3 4 1 2 0 1 0 4 2 3 2 2 
3 3 4 4 0 1 0 2 2 3 4 1 1 3 4 2 0 1 2 4 1 3 1 3 1 1 4 0 1 3 2 4 3 3 0 0 4 0 3 2 2 1 1 0 3 2 4 2 2 3 
4 3 4 4 4 4 1 2 0 1 0 3 4 4 1 4 2 1 4 0 4 3 1 2 3 1 1 0 0 1 3 4 4 4 1 1 0 2 0 0 0 3 1 3 4 2 1 4 4 4 
0 4 0 3 3 3 3 1 4 0 2 2 0 3 2 4 4 0 1 1 0 1 2 3 1 1 1 4 2 2 4 2 4 4 2 2 4 1 0 0 1 1 2 3 4 1 2 0 2 2 
2 4 0 0 3 3 2 4 1 3 4 4 2 1 0 4 4 2 3 2 4 4 0 2 0 4 0 2 0 2 0 4 1 0 4 4 0 3 1 2 0 2 0 3 1 3 3 0 4 2 
1 1 1 2 2 3 2 1 0 0 3 3 2 2 1 4 2 3 1 2 1 3 4 3 3 1 1 1 3 1 3 4 2 2 2 1 2 1 3 3 1 0 1 1 0 1 4 1 3 2 
3 0 3 3 2 1 2 3 0 3 3 3 4 3 0 3 2 2 0 3 2 0 2 0 1 2 1 3 1 1 0 4 4 1 2 1 4 1 1 4 0 4 0 2 1 4 0 4 1 4 
1 0 3 2 2 3 0 1 2 3 4 3 1 3 2 2 3 3 1 4 1 3 1 1 0 4 0 2 3 4 1 0 4 4 4 3 0 4 1 2 3 1 2 0 4 1 0 1 1 0 
4 3 2 2 4 3 0 1 0 2 4 4 1 1 0 2 0 0 2 2 2 1 0 3 4 1 4 1 4 3 1 3 1 3 3 2 3 3 3 1 0 0 2 3 0 3 3 1 4 3 
0 1 0 4 3 0 3 4 2 1 3 0 2 3 3 3 1 0 3 4 4 4 2 1 2 0 4 2 3 0 0 4 3 3 3 1 0 3 2 2 4 0 4 3 1 0 2 1 2 0 
0 2 4 4 1 0 3 1 1 0 0 2 3 1 0 1 1 4 3 4 1 1 3 4 2 1 0 0 0 4 2 0 1 1 1 4 3 2 1 1 2 3 3 0 4 4 0 3 2 0 
2 1 1 0 1 2 4 4 2 1 4 2 3 1 0 4 0 0 4 2 3 1 1 1 1 4 2 2 4 4 2 3 2 4 3 3 1 0 4 1 1 1 0 0 4 0 1 0 4 2 
1 3 0 4 2 3 2 1 2 0 2 3 2 1 2 3 1 0 2 1 2 3 3 3 3 3 2 0 4 4 3 2 4 0 3 1 1 1 4 3 1 2 4 0 3 1 4 1 0 4 
1 3 1 1 3 1 1 1 0 3 2 4 3 2 4 4 2 2 2 0 2 0 3 4 1 4 4 3 0 0 2 3 3 0 4 1 1 2 4 1 2 4 3 1 3 4 2 2 1 0 
