150
4286 322164
5248 219934
6107 261968
2936 276736
5293 318961
549 372943
4383 351213
2360 273177
4311 200568
3033 168462
3190 163507
916 271160
2164 27021
4383 122281
3684 240739
2117 357706
377 267682
6863 253473
1890 212105
696 232778
3984 100282
2876 376947
5766 178479
498 216469
769 174655
6028 426133
2999 390714
6399 404049
9319 305330
1242 195410
7102 227019
739 283307
8633 322162
1003 104857
3733 293188
1737 133908
5353 450459
5719 343667
2998 149123
6316 252914
6677 178329
1513 307066
7325 473699
877 113508
6648 235433
4175 383446
5065 352593
7311 127809
8000 169252
2705 242915
2107 57711
3696 453938
1072 441070
2154 124916
4468 231118
7090 28897
934 82221
1396 313032
1964 123777
4460 72719
2448 116780
543 266776
1920 394068
1642 376045
7132 417078
1330 278924
1252 401817
3707 435968
3024 132086
4788 42500
2208 412798
1552 341635
7591 231662
431 208104
3800 344147
3500 279735
5863 297721
602 328218
4979 119518
4894 257783
3486 315423
81 276007
5451 219406
2374 514082
1069 250852
7282 175082
4544 196007
742 175198
5649 222181
8238 148386
204 216527
4897 310577
1265 371687
2530 224637
4754 261639
5775 296524
3204 482119
6094 317051
1407 154940
225 287907
3007 125982
2876 483694
3708 79936
239 321675
2736 337161
4559 163382
4193 227234
1791 155589
7181 283855
7017 42052
1179 201571
6120 460705
369 163954
61 125525
5098 254452
899 41482
1351 142124
2053 85861
4675 150198
2270 31382
3552 399512
2409 505381
413 144408
5041 192304
2619 279401
3541 422702
4506 319072
2563 225664
2755 282465
3191 123341
2927 245770
4834 373069
2849 252794
5144 329702
3811 297351
255 154376
2101 176255
4001 334748
584 169277
6741 322293
1070 314927
5335 433283
7361 178065
2770 181295
7835 80329
2692 142368
294 184901
3082 348318
4261 97446
3338 488797
0 677 784 728 244 369 505 668 896 775 380 388 743 513 465 870 833 926 535 657 907 817 698 848 573 927 897 4 147 324 295 577 303 931 672 760 771 277 271 437 600 469 165 865 69 393 805 364 926 135 166 74 1044 989 875 574 758 521 107 45 664 306 152 564 485 168 932 0 694 370 290 636 675 1036 800 1044 400 680 992 77 93 570 585 861 559 790 1036 78 990 752 427 816 974 181 62 609 516 68 588 122 386 85 928 962 467 703 667 372 436 498 39 243 604 788 1003 101 150 770 752 477 799 441 777 430 593 708 159 708 31 211 508 579 194 956 531 795 899 31 452 830 554 346 448 276 97 541 479 879 964 471
833 0 806 268 423 800 194 896 228 656 199 281 246 759 682 428 675 207 541 267 680 1020 629 817 245 998 635 207 735 930 667 595 474 1042 696 377 208 233 1025 456 550 738 690 202 970 105 95 551 1000 877 985 176 930 644 796 506 240 234 34 327 595 588 291 115 763 232 469 128 454 42 348 388 84 941 744 1037 690 453 64 151 682 253 475 851 513 180 338 48 1023 933 17 990 603 670 522 848 1030 977 990 405 593 884 604 534 973 653 69 677 267 166 128 201 815 41 480 411 29 617 980 429 569 16 901 921 574 445 993 934 483 970 710 281 986 438 211 581 22 436 322 813 16 840 948 419 30 383 1042 463 289 965
604 209 0 698 859 121 542 239 780 779 1028 566 537 218 925 362 89 576 2 330 49 205 60 1001 660 697 419 898 504 661 83 313 164 683 258 253 534 883 330 946 954 978 908 662 65 996 10 163 521 752 490 1002 138 971 62 72 369 163 848 821 1027 678 1009 756 503 949 633 758 693 10 363 466 838 37 831 560 150 944 617 294 730 980 345 708 324 875 978 799 953 92 1013 922 802 511 326 192 543 372 302 909 974 987 564 75 491 362 192 182 881 942 193 740 69 865 874 476 24 451 919 818 976 588 497 782 1044 993 757 759 1031 980 350 780 635 471 89 564 879 269 326 958 22 263 862 704 470 8 65 919 632 979
705 511 220 0 723 462 619 467 959 589 244 112 632 565 831 1021 19 273 374 924 377 527 1045 746 840 1025 116 1003 968 77 719 145 146 1044 903 448 758 637 545 718 467 7 242 167 2 283 511 474 708 685 279 1039 117 65 290 1004 567 62 279 0 255 1005 638 346 415 843 409 872 839 1029 728 77 675 1022 577 424 8 37 727 413 918 207 468 289 278 672 632 83 891 274 764 355 189 818 884 736 322 397 1014 219 573 1024 318 6 214 871 402 674 690 1007 788 616 632 689 365 89 630 233 657 284 607 990 85 83 581 93 229 610 948 960 304 56 1021 325 258 33 539 279 69 1021 83 1010 43 71 45 500 108 304 827 950
270 11 581 7 0 221 532 609 73 862 556 694 958 1036 70 806 80 291 570 687 996 202 60 481 634 431 37 1020 553 820 516 396 111 310 750 397 551 730 493 52 239 579 490 1022 268 311 707 891 394 686 760 768 707 617 214 600 821 262 682 22 179 829 40 692 250 343 871 613 69 101 203 910 993 316 546 654 1021 877 499 62 724 400 163 852 263 381 31 178 224 272 631 943 562 1036 727 790 658 758 225 18 800 363 23 65 501 628 348 224 275 15 248 42 572 739 330 390 429 67 135 378 728 777 700 368 19 104 661 366 956 672 543 121 927 885 699 852 36 711 564 588 33 132 207 301 382 404 628 761 680 218
691 736 596 527 1035 0 197 793 813 791 884 305 313 279 531 99 500 266 995 104 316 387 63 282 148 870 708 1015 434 967 17 623 231 571 792 496 32 1025 903 624 279 1018 322 385 320 276 442 416 251 712 940 236 743 838 634 1035 908 756 917 972 465 20 651 174 146 836 937 449 401 372 170 212 732 510 358 125 151 530 679 120 146 720 365 416 677 783 309 375 347 279 82 84 795 317 914 112 104 452 1014 931 789 1005 1017 150 868 556 837 829 857 590 624 575 951 873 355 22 704 622 809 143 561 431 221 678 355 616 291 816 232 619 787 617 504 479 584 451 138 377 570 397 231 320 831 1036 914 699 829 548 1000 796
515 988 819 645 752 799 0 447 242 344 466 503 1011 411 266 940 18 673 521 603 589 186 638 223 630 530 142 349 885 892 239 271 583 292 177 75 180 1002 539 533 480 823 696 172 350 983 944 1015 389 327 269 410 53 218 356 439 393 276 45 51 212 584 120 127 951 430 948 546 321 575 273 39 78 113 558 441 868 326 329 3 168 171 855 320 860 518 1035 154 756 400 242 574 781 542 691 891 985 961 56 445 663 275 485 484 514 387 713 181 245 294 917 249 919 83 939 246 541 509 955 271 243 915 945 1025 587 97 890 382 402 877 9 979 114 131 499 907 607 466 838 618 365 725 227 828 970 323 167 697 274 59
367 468 728 337 130 501 255 0 1018 181 490 674 802 639 857 382 384 778 304 511 425 639 509 758 818 546 744 974 996 177 1029 225 599 249 998 960 269 630 525 991 560 272 984 549 742 292 658 274 719 194 463 359 348 230 393 540 122 790 111 820 251 755 570 284 73 886 302 283 973 550 673 114 427 192 780 1035 235 233 751 904 355 334 683 947 91 298 984 1036 515 67 377 1002 771 4 333 673 583 206 193 26 474 194 554 451 292 489 193 340 364 786 485 770 823 861 989 530 203 351 807 321 703 936 938 433 603 205 25 593 587 155 109 120 1010 744 630 917 486 323 193 997 78 246 716 426 817 802 554 538 222 157
692 184 16 262 945 434 872 549 0 70 414 651 300 913 169 286 510 251 721 137 102 21 152 44 468 471 292 856 754 374 212 502 796 831 858 914 788 962 296 640 82 883 476 653 935 99 633 1001 705 29 561 726 921 23 282 733 651 396 852 546 739 744 870 663 431 1037 425 955 825 171 666 366 240 173 64 105 651 1002 290 554 509 292 375 560 433 530 354 19 261 110 333 1027 858 80 823 168 911 769 906 347 518 905 442 995 452 249 639 60 396 823 698 360 903 1037 733 44 811 289 373 127 820 90 25 630 876 179 337 922 133 891 682 785 552 554 739 887 27 133 853 389 426 802 925 983 89 160 222 529 464 297
944 972 31 422 984 929 938 362 935 0 191 327 746 594 189 1034 820 819 490 124 198 724 782 124 331 970 192 286 967 58 668 130 529 727 188 215 317 363 609 434 204 798 195 992 521 521 274 646 755 101 864 510 50 517 357 192 415 169 31 458 505 711 686 833 721 703 940 319 616 36 874 439 307 1008 990 938 330 281 958 687 988 901 243 582 916 215 977 126 289 508 816 1045 122 763 404 670 163 1 659 917 567 2 998 964 503 588 65 585 133 583 678 542 281 482 352 353 216 134 741 170 932 827 240 875 267 791 716 138 790 1012 101 833 406 549 937 312 706 862 957 409 141 540 743 331 154 141 948 186 525 273
474 932 870 622 460 232 569 772 8 540 0 590 322 927 175 694 1001 115 964 1006 1014 880 649 457 680 491 791 439 734 706 1029 206 206 681 104 25 191 115 888 791 721 429 939 657 23 268 30 144 666 522 960 126 853 926 173 455 813 746 377 914 520 1010 125 921 806 946 145 181 318 365 877 70 553 335 416 1031 248 744 284 989 833 963 303 49 776 529 909 941 241 540 1035 558 272 38 354 26 476 803 901 918 486 768 456 631 685 1001 631 886 995 126 1028 359 1014 925 402 431 798 394 61 270 320 306 905 722 761 715 207 644 843 42 321 802 611 399 103 960 876 729 169 659 841 18 258 637 623 265 972 461 469 873
951 161 723 194 520 20 983 1040 821 62 375 0 656 752 990 760 113 1045 398 154 788 266 584 38 564 616 750 649 869 606 236 458 690 391 410 405 285 150 905 993 319 103 708 509 624 1026 603 873 973 915 89 201 447 558 580 338 401 28 992 295 68 916 734 494 913 363 43 243 193 860 605 748 752 546 740 536 788 916 294 789 529 462 436 835 269 1007 719 529 682 1039 1008 325 647 963 254 566 432 73 555 1043 897 605 307 521 417 327 38 746 870 220 117 697 894 707 614 986 610 490 870 973 565 45 328 628 535 940 158 478 556 654 103 96 812 294 263 227 955 465 624 740 101 27 381 179 654 836 654 848 915 695
250 1022 519 765 687 951 138 673 1046 785 567 3 0 997 67 283 593 415 298 963 722 742 140 626 804 742 218 1005 427 600 648 960 220 503 627 117 400 538 149 58 748 135 67 687 283 107 816 647 762 932 753 792 175 602 737 629 119 792 187 709 594 359 963 843 676 978 470 515 688 156 388 636 493 431 372 54 800 988 400 480 376 42 830 450 847 123 804 369 769 987 515 509 966 824 696 378 777 953 805 926 140 805 669 388 1033 409 981 38 41 659 361 607 941 481 326 576 396 51 775 821 258 712 1001 822 154 118 349 120 91 968 375 183 719 430 793 32 443 1020 749 607 257 194 480 174 524 104 789 814 258 380
283 190 742 549 269 881 871 134 538 339 112 581 738 0 356 51 597 295 953 754 866 197 153 676 992 850 590 149 439 620 711 14 963 271 803 30 742 589 180 763 707 599 428 89 889 143 980 641 381 473 764 655 231 801 160 769 838 760 566 772 810 862 306 494 885 266 969 3 342 185 649 679 852 584 163 498 244 217 283 323 486 629 760 787 322 534 488 469 81 981 958 778 220 57 376 293 549 48 962 731 607 784 643 811 900 363 780 684 857 753 184 546 282 146 626 525 841 33 757 876 369 547 159 479 5 704 942 755 839 571 669 115 520 197 336 85 476 913 256 635 175 765 400 43 866 781 41 195 473 221
121 801 232 729 774 830 847 455 707 178 179 313 511 647 0 1015 506 711 983 153 432 358 899 473 818 1019 66 1045 78 387 155 331 849 554 607 603 735 599 488 652 342 261 89 377 620 327 843 493 196 30 626 1015 50 40 993 246 782 682 223 192 600 333 814 88 822 951 882 141 474 1014 891 76 849 482 925 657 480 600 184 261 360 828 185 501 403 693 869 490 185 670 353 797 482 656 507 577 545 1012 68 388 816 478 1005 401 780 669 253 888 1025 783 1026 927 133 636 137 98 742 644 624 659 885 903 181 750 148 439 107 746 476 436 939 738 961 599 200 964 83 452 833 715 414 725 592 749 1036 517 64 1037 769 788
175 364 635 994 615 868 95 600 945 214 891 455 688 623 891 0 868 989 408 76 969 4 1011 432 59 421 765 423 402 251 406 589 582 807 121 251 876 391 931 186 1012 794 758 142 574 900 851 1018 49 116 224 173 309 970 991 1010 256 475 34 401 983 933 858 944 117 847 781 208 429 498 570 825 23 493 479 327 818 649 1041 1014 170 323 263 149 253 985 1028 79 53 482 879 341 31 461 101 258 809 168 745 791 655 433 611 315 113 894 443 870 635 188 775 789 104 424 805 472 1032 529 653 314 533 229 915 916 985 359 942 868 276 614 574 499 841 155 1024 259 423 404 740 1005 325 510 933 645 352 641 114 847 230 163
64 320 1021 220 410 11 399 297 47 1000 508 57 491 256 1046 825 0 242 17 41 989 503 783 186 56 241 496 478 1019 209 195 953 173 97 862 557 986 200 381 533 255 46 99 530 611 226 201 122 576 569 566 783 167 831 215 212 821 854 323 488 90 567 979 611 84 623 974 1011 568 877 283 244 922 981 408 647 582 180 761 460 158 956 705 1038 464 944 894 391 799 695 784 494 431 155 822 737 857 174 308 365 264 616 437 208 119 559 154 100 531 747 737 573 457 751 951 745 600 921 996 247 584 20 599 774 268 740 271 382 1000 607 470 261 405 982 840 287 951 697 987 42 178 144 311 674 482 212 695 492 498 237
326 940 1042 316 460 305 118 769 815 55 125 548 538 941 271 110 855 0 887 164 199 977 686 535 959 537 669 295 5 831 709 29 996 283 503 848 981 140 752 279 22 290 176 851 497 748 229 768 1005 371 872 619 609 227 698 726 928 217 54 583 764 139 821 166 234 622 323 535 892 786 271 864 570 837 327 570 686 264 70 243 741 244 385 562 248 47 180 614 979 400 665 21 565 33 1044 114 316 248 735 65 178 645 193 573 105 620 95 1035 900 168 220 755 257 991 474 554 151 141 615 202 804 143 488 77 381 596 283 366 521 993 671 1044 374 692 982 790 178 51 254 964 196 214 130 680 918 41 556 649 955 732
1021 430 1020 203 252 522 182 359 831 504 409 830 16 312 204 1042 566 797 0 827 354 657 65 323 51 847 546 874 416 180 520 68 404 411 794 251 363 184 468 640 770 653 85 722 546 720 79 127 427 139 930 572 859 559 302 586 367 167 163 401 669 1020 491 753 218 849 188 151 805 818 191 207 48 889 805 586 1018 102 732 797 209 215 109 15 662 507 94 360 408 997 257 973 294 208 774 1021 639 506 184 91 615 434 300 100 939 337 707 533 1036 303 952 456 945 168 759 37 851 832 280 955 151 400 150 269 336 432 784 520 31 912 977 862 48 103 291 954 440 28 172 550 762 254 644 880 1009 180 593 880 740 864
845 488 662 276 746 645 980 198 204 201 39 1029 102 28 927 449 771 165 491 0 291 952 934 637 405 718 160 752 881 109 505 807 139 704 111 627 1022 131 648 278 45 102 1015 348 1010 562 368 462 258 96 213 852 589 552 933 191 726 575 750 706 424 564 851 62 692 915 730 873 385 445 968 185 824 315 25 574 653 770 4 462 78 799 513 837 712 142 4 510 481 538 86 539 520 965 666 401 748 376 104 295 190 94 50 147 107 612 482 175 308 34 913 157 155 75 158 880 661 191 836 9 760 860 909 705 780 517 393 227 981 461 943 20 647 446 844 824 291 778 497 745 327 97 822 766 773 524 770 799 554 253
492 796 393 165 1025 370 301 486 320 306 152 502 140 419 349 417 266 907 928 221 0 582 743 285 451 273 104 773 349 476 338 845 890 827 710 780 369 915 359 439 619 916 146 144 392 320 532 714 800 934 752 106 976 853 79 555 241 91 972 855 813 641 57 519 738 751 302 324 87 176 1032 736 535 616 968 948 393 214 331 816 984 190 246 109 235 611 949 666 400 173 903 158 877 718 800 376 622 382 740 24 601 29 850 1024 559 715 462 184 279 708 877 168 974 649 905 301 413 1028 255 858 140 88 135 510 625 756 209 506 320 206 164 260 272 483 685 240 90 851 1014 840 974 692 160 1008 781 196 64 199 229 914
876 600 98 811 456 598 648 225 689 783 852 1032 385 550 840 653 716 305 101 972 292 0 986 370 188 797 171 1042 493 107 413 316 153 11 483 459 717 40 884 564 255 1026 764 34 774 1029 800 915 1001 657 143 218 207 251 697 990 994 788 157 849 718 529 344 425 992 839 816 687 216 830 279 484 455 246 54 231 971 259 29 222 730 795 349 889 273 353 733 856 526 151 957 1016 695 573 116 226 743 954 55 896 65 275 879 226 756 637 498 772 192 428 961 363 239 734 879 215 883 954 325 320 733 296 257 714 110 992 755 821 654 310 981 1031 229 548 384 997 74 890 233 827 463 449 812 744 306 872 730 566 602 867
96 304 140 510 676 578 718 866 997 364 862 381 921 230 1 948 426 503 703 547 130 911 0 936 349 834 904 534 635 7 460 477 240 967 869 910 65 15 22 180 98 286 221 287 260 353 457 894 175 950 155 322 109 444 680 297 4 728 427 496 913 1017 814 14 837 845 921 438 913 606 280 813 37 268 451 621 112 166 503 639 796 958 969 631 778 56 269 234 176 170 511 383 873 514 590 624 323 493 959 875 780 682 169 228 236 91 403 312 353 786 140 1010 117 855 993 620 943 362 734 515 923 174 76 720 649 521 832 600 588 67 722 661 284 442 42 865 396 829 561 200 247 857 775 931 539 199 564 207 366 108
444 856 496 668 538 257 301 851 143 590 859 507 648 179 515 776 149 943 663 979 660 312 427 0 685 325 923 300 847 607 667 739 399 555 427 641 139 1019 213 636 507 958 799 939 841 634 223 324 265 475 850 803 358 116 346 267 73 1010 72 896 306 141 787 87 1015 851 207 918 549 785 210 219 581 471 571 717 738 993 290 1010 760 501 459 785 528 694 721 144 885 15 969 847 885 894 56 1044 950 346 282 407 245 160 118 1001 471 222 79 20 926 651 626 196 664 419 497 508 1033 919 351 852 195 599 959 917 32 563 571 137 305 499 912 328 168 863 474 281 852 911 891 382 560 701 493 483 556 181 951 331 724 1030
911 819 108 148 262 150 846 289 1035 421 787 824 862 29 195 29 515 493 389 626 787 507 76 93 0 859 787 762 855 631 799 616 817 589 65 291 935 361 722 643 744 52 70 1035 618 141 414 556 1003 456 804 940 56 210 242 204 358 745 866 897 782 510 876 857 19 723 548 391 301 441 68 1015 1035 603 308 595 461 789 559 435 992 1 198 217 942 321 479 798 399 270 828 445 260 676 584 0 227 739 458 1008 344 83 1015 710 261 898 353 20 1018 962 1039 725 233 292 581 41 746 1046 1000 40 699 43 566 431 62 1031 805 51 273 79 751 499 796 616 243 58 61 698 253 136 61 216 870 1016 321 700 42 173 123 76
345 169 689 494 144 375 881 126 39 495 872 560 626 76 844 1011 31 687 398 118 942 953 727 553 417 0 844 914 1036 193 850 561 761 38 725 979 166 452 416 88 293 537 552 866 867 404 615 817 562 190 317 160 367 444 157 525 262 383 502 449 106 242 937 91 633 232 608 333 816 459 181 618 382 59 990 108 441 82 793 170 788 845 909 619 1034 463 25 338 82 947 597 488 36 721 335 167 273 781 336 711 653 291 546 1043 244 353 89 0 266 211 834 940 481 924 387 318 497 98 330 842 621 267 876 225 177 701 966 514 540 444 348 401 354 1025 759 449 242 827 1020 432 244 133 691 14 472 548 180 724 537 707
342 468 43 752 90 23 542 503 760 1040 640 384 869 143 273 610 384 776 271 47 123 583 699 592 864 163 0 891 985 214 50 380 282 387 73 145 1036 208 114 431 587 243 518 1025 957 374 427 648 507 308 584 1025 931 1032 664 762 265 39 480 487 487 216 129 365 121 229 67 649 471 493 655 823 635 578 420 967 644 669 852 969 159 957 1044 178 82 939 40 478 772 541 727 35 487 812 960 665 409 1017 834 230 14 858 290 529 117 919 819 290 881 881 515 294 75 119 256 748 836 679 549 430 819 264 296 285 739 783 864 480 544 437 403 569 1001 596 823 8 81 786 282 893 293 471 151 597 660 945 717 934 391 535
869 477 560 383 631 112 746 335 9 728 746 1001 915 609 920 727 811 167 227 575 19 505 941 441 570 646 507 0 12 901 307 835 189 369 916 324 771 634 241 759 270 612 803 935 6 803 1021 131 461 289 106 410 1032 51 843 797 1007 67 921 316 491 84 646 133 312 689 853 388 703 302 239 699 795 880 507 463 488 585 363 83 901 858 906 540 495 95 1009 384 1021 481 700 206 940 754 765 652 966 76 193 918 329 152 802 398 21 213 726 238 638 755 72 591 725 867 955 1030 304 712 161 778 511 722 98 555 187 60 62 648 966 47 804 144 955 878 914 195 956 114 34 152 99 775 562 288 1016 951 396 483 870 139
287 602 719 642 900 494 722 1024 615 449 297 295 825 596 1044 894 877 1005 961 763 580 199 466 724 256 172 568 573 0 1031 152 189 589 1041 138 1038 738 693 953 183 525 719 663 163 791 200 933 226 242 514 562 913 526 262 268 407 586 902 994 111 54 573 686 804 89 183 227 1039 660 108 341 159 638 999 707 877 603 394 998 84 960 30 11 239 862 913 603 544 403 659 467 357 535 1032 1034 393 676 42 550 275 653 280 975 824 347 582 78 272 665 838 684 574 118 787 869 961 1019 540 112 777 284 657 719 609 483 860 638 717 8 988 573 342 841 229 720 5 181 132 787 736 136 125 115 186 350 792 957 36 740 271
444 595 289 29 723 415 436 650 780 694 113 374 858 504 902 499 944 550 999 602 517 723 700 90 235 861 357 315 232 0 1015 1025 345 942 500 428 152 233 799 471 81 747 617 73 21 987 428 364 877 220 725 953 956 432 416 543 978 168 204 535 871 38 493 974 27 91 307 475 650 143 465 272 447 637 588 995 871 798 806 926 561 275 313 870 193 639 375 960 857 565 850 383 226 1004 933 553 238 9 725 733 96 1000 716 399 143 1035 113 488 823 241 715 566 302 772 981 1032 630 323 601 479 19 243 885 410 192 325 58 522 684 41 110 48 960 75 341 616 747 313 618 292 822 437 300 401 247 10 561 544 894 822
442 428 889 450 80 785 811 473 920 125 800 383 755 986 782 747 160 63 672 102 363 962 243 560 914 921 767 913 186 364 0 622 149 620 1012 879 257 200 531 162 412 129 59 913 1035 852 992 1025 669 1025 208 296 686 721 1023 608 289 215 844 149 647 300 325 581 946 319 759 448 540 135 687 817 507 709 604 206 160 804 619 602 777 99 302 712 792 913 57 341 440 268 300 1021 629 692 880 646 940 391 628 247 295 933 228 983 142 133 894 456 471 963 175 124 727 10 1009 587 432 76 828 971 651 993 623 320 976 844 15 778 253 421 1021 844 689 852 875 471 374 806 782 453 899 775 319 815 992 609 631 519 320 364
366 67 95 35 64 694 655 367 913 15 836 786 786 370 660 497 601 458 218 474 650 116 215 237 847 164 534 473 277 948 564 0 635 418 948 1000 472 998 91 309 675 193 753 922 890 857 904 554 1039 735 744 485 861 430 970 585 101 441 761 87 7 160 153 729 26 534 838 245 751 30 758 704 34 7 150 502 867 249 690 940 17 502 305 505 1039 941 748 73 326 16 637 306 752 245 166 910 812 211 406 419 447 218 1012 389 754 719 749 637 636 385 275 766 374 1023 694 1040 212 254 149 623 514 487 1000 807 1028 35 970 334 888 154 566 210 697 265 973 982 455 849 102 673 663 635 997 6 433 173 845 734 434 481
483 60 313 1041 979 952 384 596 868 417 741 205 94 94 344 316 446 159 636 175 742 719 660 474 533 230 675 586 239 663 115 464 0 213 1011 615 964 797 835 387 776 184 506 65 122 840 639 646 389 523 784 275 983 172 934 490 868 449 182 465 930 743 669 466 338 54 892 29 533 205 241 494 287 729 264 280 218 998 89 665 263 1033 326 903 722 368 267 277 695 282 710 4 609 856 824 439 720 346 403 950 857 340 8 21 401 322 606 188 490 259 606 669 259 209 34 697 777 409 640 256 894 379 693 905 898 569 166 775 115 658 331 601 546 523 879 1028 104 574 277 1 66 364 910 555 953 615 594 373 542 466
867 896 914 508 249 951 950 966 579 946 465 949 314 1 551 964 674 736 265 162 116 694 996 804 75 550 500 320 68 682 225 1008 161 0 294 428 476 902 163 118 765 995 303 947 872 114 437 844 135 126 124 404 272 275 653 866 633 100 427 177 1028 168 725 163 102 592 593 529 710 448 555 867 1021 130 600 982 19 387 637 147 352 658 813 936 377 89 812 427 649 733 101 137 922 810 547 36 1006 318 93 967 1011 1033 738 710 105 279 902 27 671 335 641 122 925 138 488 1035 149 1000 160 523 766 773 766 530 79 63 738 1001 1020 986 1001 341 8 575 530 95 360 216 696 581 597 999 753 1037 310 393 626 181 391 146
626 507 425 440 193 54 1016 761 324 24 242 848 1018 60 702 438 946 637 770 253 354 544 846 596 756 61 610 99 938 386 705 228 274 561 0 27 579 921 627 988 547 776 1033 179 894 737 150 606 1022 720 473 447 578 711 677 368 730 184 986 139 656 81 171 735 287 507 1032 1019 502 59 684 625 759 475 359 671 79 386 721 684 719 32 671 989 599 983 467 403 816 686 211 346 181 789 721 608 270 626 467 33 737 924 359 112 159 746 776 353 382 428 369 702 1042 611 300 939 320 917 503 982 495 738 86 456 566 348 592 497 143 910 317 706 375 269 817 447 783 563 467 766 58 322 494 983 546 608 333 608 569 528
484 589 826 129 553 972 917 84 236 179 342 540 747 1004 774 83 1003 271 145 372 523 140 819 858 549 364 235 504 729 962 143 633 246 362 646 0 728 851 815 31 426 130 734 129 737 767 845 454 591 1010 556 941 844 520 894 567 572 224 377 295 481 859 22 179 874 30 41 171 439 722 274 800 62 394 457 521 726 9 588 690 93 842 1034 392 332 398 781 4 792 194 685 39 821 626 573 33 685 499 594 697 637 76 176 53 216 355 450 966 903 915 655 95 915 340 470 426 158 636 317 730 301 27 1011 254 206 736 608 610 886 269 537 484 331 649 724 950 791 344 71 186 845 572 918 909 510 573 817 130 632 884
86 330 852 311 526 744 895 127 726 423 425 992 863 782 976 124 689 550 479 870 108 580 267 835 395 217 599 86 593 196 51 377 1008 714 760 884 0 907 506 703 884 676 593 723 529 344 628 841 768 40 297 834 723 128 434 192 737 110 380 209 933 871 301 503 243 484 603 881 639 9 353 531 555 308 794 662 866 101 392 259 705 988 558 203 367 624 165 58 342 951 988 85 429 699 938 22 354 1028 349 563 214 268 759 963 349 732 115 504 874 376 557 819 834 999 521 528 208 205 68 763 391 32 432 915 367 807 109 510 566 27 239 780 796 420 333 58 564 770 1005 912 651 165 844 257 994 700 453 832 892 350
533 256 204 613 110 250 857 1007 317 482 422 86 647 107 408 46 886 688 20 740 693 258 973 1042 618 743 239 151 751 696 586 448 202 254 550 725 628 0 667 695 171 199 336 1043 982 921 837 232 761 458 863 901 358 910 406 897 636 377 902 937 451 75 265 299 496 140 733 245 866 1034 816 551 918 305 292 338 560 71 187 249 949 650 878 918 253 892 382 531 580 597 677 314 356 930 960 966 694 453 622 821 668 705 243 1046 30 620 269 714 890 127 252 726 632 503 479 208 499 980 146 308 97 553 574 661 28 962 388 16 286 690 333 784 423 21 290 45 232 1022 692 434 105 606 526 53 80 199 281 977 15 813
1032 845 987 1028 650 187 278 83 12 984 184 172 737 54 806 137 564 112 60 767 439 329 53 106 42 175 850 771 284 740 1011 726 726 135 741 775 83 670 0 426 442 487 666 622 649 64 452 518 843 36 992 314 57 893 783 827 997 249 487 184 909 356 757 897 177 46 480 943 1041 726 388 750 92 694 473 649 574 523 974 453 25 50 194 448 239 150 530 967 438 600 928 644 632 1013 421 775 55 602 384 104 14 382 298 839 584 996 211 153 415 502 367 605 346 123 1025 922 252 530 175 230 319 963 791 641 795 679 28 484 246 739 247 498 759 547 793 468 348 490 836 1017 621 424 995 748 471 717 104 523 87 559
671 951 485 435 930 777 655 892 854 853 187 149 337 904 223 396 160 649 321 1017 825 1007 744 291 1029 951 774 530 33 349 434 497 86 73 692 689 375 900 468 0 806 676 682 463 251 742 290 627 887 427 415 778 815 28 334 853 252 1004 65 473 62 223 322 147 177 876 769 212 220 292 471 1014 8 627 265 16 989 886 643 274 754 302 921 445 113 461 132 39 118 420 216 498 319 339 935 444 877 454 245 664 681 279 312 364 779 544 604 885 949 75 1028 342 671 717 799 277 94 516 217 772 624 705 998 445 586 966 998 809 707 633 344 233 185 508 359 932 431 469 377 979 833 613 734 807 381 323 402 560 514 798
616 851 436 64 839 534 675 466 1018 526 1038 1025 221 541 902 986 979 689 339 208 616 774 154 1014 137 631 686 254 252 145 880 937 161 906 499 460 310 317 846 416 0 4 867 105 546 692 225 569 384 903 485 55 625 338 654 430 914 1030 977 1 765 67 740 512 760 951 238 308 86 172 786 1011 148 49 773 894 194 393 956 842 172 1023 169 137 513 661 184 180 78 720 809 19 164 460 617 673 462 699 202 296 395 591 310 388 132 902 461 247 700 773 748 274 641 108 1029 502 229 333 62 172 1044 380 25 209 588 619 128 883 1 288 436 409 125 927 331 320 226 522 323 275 604 160 443 740 174 836 807 913 482 511
783 463 409 131 759 314 271 1027 121 688 626 316 549 963 537 48 772 271 882 129 142 919 238 91 924 263 597 528 965 187 583 865 404 889 100 468 112 93 184 647 209 0 1023 570 293 318 397 677 221 158 463 989 480 326 460 817 902 117 637 558 230 196 237 209 486 253 793 957 799 409 777 84 411 1022 239 839 931 139 542 554 592 870 575 26 233 936 947 523 635 532 134 744 686 328 1012 894 622 934 195 939 382 201 423 815 200 419 523 324 763 741 831 976 798 751 774 968 822 235 660 257 231 455 490 859 430 50 132 114 182 673 242 665 327 38 272 258 1014 23 661 982 363 740 631 676 328 749 88 18 585 468
760 233 869 396 796 184 946 158 887 655 21 536 638 919 115 283 417 555 200 249 940 701 931 141 497 201 702 909 390 1005 593 417 81 416 617 612 405 278 789 58 349 1015 0 869 133 300 30 151 574 609 488 851 121 272 318 952 558 459 441 141 799 734 108 515 260 990 934 22 219 951 636 314 979 302 379 412 207 518 23 318 308 55 116 1032 281 845 523 696 501 89 312 223 793 285 753 662 604 47 461 677 789 955 400 849 230 560 199 389 562 990 797 951 1038 898 511 458 632 921 126 829 153 340 525 742 459 466 569 632 528 234 677 267 94 67 330 424 490 985 969 294 915 966 52 872 260 529 617 405 897 471
665 342 337 193 153 805 23 346 610 620 296 324 238 69 516 97 715 264 238 570 198 464 144 289 781 375 505 89 355 542 896 586 399 649 695 845 455 790 82 611 267 586 3 0 593 48 975 909 603 785 491 781 265 39 407 20 227 975 745 110 1020 421 875 25 215 263 678 452 811 112 763 594 243 94 1044 320 233 413 39 398 216 267 444 73 556 875 121 932 1016 514 97 408 95 834 991 781 181 350 153 1018 651 620 519 346 437 100 304 981 73 115 874 258 769 75 333 871 325 200 986 731 909 582 517 356 1029 588 387 135 335 576 875 658 783 655 918 686 337 217 132 643 476 633 697 125 156 266 231 596 229 543
600 393 379 109 812 276 784 520 9 7 89 31 595 670 741 215 845 511 414 931 864 915 186 441 65 267 723 959 451 533 947 147 497 482 999 605 29 970 581 523 140 314 877 0 0 715 694 21 752 435 104 708 793 118 424 734 247 639 712 427 325 3 939 221 25 960 877 311 22 605 743 801 478 91 697 721 565 884 408 951 278 936 980 495 534 347 211 908 901 137 466 489 463 482 31 30 868 54 851 885 936 255 201 875 616 890 685 442 804 919 697 968 392 842 721 400 1026 706 734 190 5 773 502 473 726 803 977 944 143 535 501 692 555 218 417 780 538 477 235 149 716 908 27 1004 171 204 824 259 859 790
238 352 578 464 569 735 674 217 347 454 952 955 60 16 769 1034 994 272 693 313 42 227 811 4 765 577 6 444 863 179 953 694 61 879 527 778 869 332 555 703 226 527 187 614 981 0 372 601 34 17 692 954 59 720 986 457 728 975 339 828 377 259 373 420 757 946 206 13 862 279 434 563 1042 325 734 368 468 607 5 210 246 1024 244 574 21 618 909 223 353 409 536 114 277 103 419 490 216 475 926 263 177 939 191 685 948 1012 821 240 777 866 751 647 1007 472 256 115 959 970 596 718 462 30 76 976 439 111 733 844 392 72 562 620 914 979 318 581 1024 809 818 884 476 635 775 820 822 693 203 713 950 267
726 342 681 120 804 462 340 902 41 900 389 787 462 146 339 25 743 859 445 722 1017 493 407 200 689 457 860 205 5 316 946 119 76 477 149 1045 474 406 161 1039 400 850 799 644 231 1023 0 260 974 525 604 415 303 171 37 980 367 608 563 147 101 430 204 959 786 862 138 908 627 476 263 642 131 293 10 936 1028 630 270 618 97 321 724 194 905 593 837 949 57 255 110 604 568 352 391 217 78 1023 871 214 780 464 51 59 943 875 62 58 374 760 193 65 673 622 1034 937 551 232 878 744 491 802 192 154 801 162 717 503 37 687 286 876 544 292 259 250 34 645 639 719 608 397 514 729 848 117 122 299 354 812
355 407 904 894 828 498 929 802 243 93 497 196 561 292 292 604 949 371 286 357 519 528 167 198 386 159 818 936 267 903 40 363 413 370 1013 125 581 497 1022 569 117 626 421 343 16 313 554 0 169 641 311 941 31 367 1015 524 353 1036 152 588 198 328 176 436 886 164 81 117 467 249 705 915 385 874 30 179 726 53 588 151 1002 362 414 710 889 146 296 526 92 849 972 103 117 403 88 553 183 699 937 682 220 746 393 179 818 341 428 773 3 386 192 915 954 93 1015 393 939 1036 351 325 57 715 1018 422 746 404 224 0 815 481 666 842 154 1031 82 829 560 317 918 982 424 875 136 105 795 52 231 314 922 1007
1044 556 959 1041 1042 575 399 197 314 11 581 829 946 584 403 287 155 910 306 406 128 502 450 971 64 521 164 606 618 988 520 102 709 703 965 50 732 99 690 258 343 147 746 73 105 690 443 991 0 524 837 670 91 993 805 814 853 793 579 375 381 733 671 543 120 451 917 638 760 1008 280 280 440 193 572 733 903 311 531 977 19 114 352 745 882 218 979 71 1001 933 220 988 456 461 554 55 430 205 580 274 963 847 954 556 313 105 486 842 603 995 578 683 369 229 908 920 762 1040 223 811 973 851 873 109 1020 972 821 873 291 283 889 261 743 1006 42 656 614 480 505 996 589 99 662 937 111 321 944 784 312 1034
859 1031 509 483 763 974 856 281 1000 644 999 926 107 829 509 255 833 977 192 624 603 311 992 840 664 192 97 764 1046 783 674 425 485 634 275 580 450 87 939 396 939 577 432 10 278 918 709 116 572 0 820 83 163 52 880 165 657 492 269 570 119 354 534 641 489 614 96 639 512 676 684 221 201 232 675 903 115 306 231 955 964 163 416 193 78 155 306 647 222 854 411 911 803 812 291 836 725 953 988 355 898 171 466 395 761 133 283 181 356 436 421 126 39 603 626 699 288 181 601 178 793 97 319 498 135 268 682 577 765 596 95 690 63 12 701 796 579 414 316 579 1026 681 416 410 518 852 451 557 272 370
477 233 774 807 212 681 203 879 72 154 123 3 166 733 497 365 600 155 1010 91 332 925 746 182 272 140 76 966 504 720 814 785 649 459 968 181 853 366 61 29 119 590 11 150 709 627 109 194 444 398 0 213 263 776 590 133 876 653 23 53 832 534 223 304 653 1036 977 570 666 717 295 595 143 47 830 481 407 604 461 169 393 344 90 416 263 229 663 128 129 861 20 620 470 852 1033 698 120 106 764 397 504 3 675 303 490 982 361 287 341 343 926 890 784 538 395 710 317 930 877 363 53 251 110 539 960 72 289 44 413 606 372 230 197 932 263 234 518 73 752 94 606 617 9 932 97 262 548 406 490 381
656 741 977 250 361 644 853 310 118 854 577 156 955 649 824 219 733 403 406 737 692 184 278 477 981 283 892 681 859 1019 976 556 615 267 367 771 956 891 186 625 968 210 716 433 324 364 772 830 243 965 688 0 830 255 772 191 159 912 130 510 790 526 919 876 329 874 39 512 813 652 287 661 921 457 103 462 894 1025 270 999 912 1037 680 679 700 756 35 575 858 792 537 64 84 393 708 870 610 902 27 315 340 531 179 551 778 270 397 816 357 450 360 1017 418 848 841 644 958 18 936 463 355 809 458 514 561 210 340 322 77 968 656 888 649 579 82 914 584 622 189 734 970 994 972 189 351 251 838 147 455 21
612 95 827 696 297 1035 814 570 935 986 510 428 779 1021 752 37 640 1035 920 412 59 479 651 962 165 291 121 799 797 923 688 761 28 983 165 557 470 296 1044 2 369 414 3 334 554 658 805 630 34 208 666 428 0 85 439 99 274 331 751 705 839 328 270 18 493 152 198 521 652 761 693 1029 420 403 989 745 888 273 469 593 85 312 346 122 260 334 680 394 191 331 760 790 257 763 427 333 594 564 121 476 520 946 2 392 891 91 1036 372 514 876 523 507 607 75 49 845 531 572 103 392 321 708 858 878 978 1022 90 194 757 383 843 104 115 627 1013 902 834 409 477 501 837 13 663 1030 123 831 359 1028 517 861
573 653 17 107 505 33 192 640 229 429 182 721 426 349 498 13 526 492 362 388 897 600 821 648 805 436 720 491 58 297 986 295 680 391 745 670 557 643 497 891 86 948 1011 922 91 650 313 580 889 819 786 79 820 0 671 545 313 373 1023 101 488 1010 232 328 37 397 872 195 429 310 390 232 524 609 26 417 447 197 890 383 463 320 586 635 920 162 761 789 720 1002 95 780 30 595 635 679 126 256 329 40 256 607 947 641 922 453 870 622 197 77 419 465 759 104 35 818 237 350 637 756 662 172 56 93 863 512 1002 901 1015 941 779 494 569 221 324 867 81 197 301 537 981 998 196 672 206 512 312 340 697 411
956 324 398 202 909 687 819 665 250 554 577 110 1039 310 542 561 765 713 325 806 547 65 878 1029 501 296 299 440 755 529 583 1037 421 895 286 266 433 517 575 180 236 310 551 950 406 961 776 700 292 899 224 664 235 466 0 277 658 8 159 763 363 76 36 180 595 365 3 736 383 1021 337 745 15 66 754 894 763 607 662 889 945 835 660 806 111 794 595 403 678 818 547 156 231 854 432 764 436 41 579 587 580 910 545 290 402 122 901 474 848 902 365 663 840 756 430 754 472 916 187 472 315 892 26 896 421 953 478 629 165 667 370 105 323 451 1003 156 557 598 872 856 93 689 1023 724 654 824 429 439 1013 768
911 707 124 477 179 596 415 160 733 406 719 425 519 487 3 140 437 660 756 893 295 678 301 794 314 774 835 379 951 395 784 893 715 361 314 373 152 931 957 43 286 1044 31 146 310 927 195 411 775 69 178 642 251 725 200 0 758 112 473 493 512 10 181 623 274 604 348 145 558 753 140 561 511 537 845 961 542 429 491 898 454 111 398 448 370 84 650 991 587 719 925 838 873 279 285 229 161 29 969 597 739 54 824 233 68 397 964 840 439 251 1010 118 78 776 11 698 965 520 110 617 972 936 427 940 213 274 584 904 528 636 130 973 13 588 782 21 635 531 352 615 80 250 636 555 147 606 190 776 216 147
883 238 893 589 38 155 255 399 1002 615 1015 296 149 274 614 204 1035 130 101 835 944 990 951 275 412 51 997 189 309 191 486 814 1044 988 658 1016 819 996 737 1023 271 126 9 857 273 67 84 609 422 259 5 958 494 1040 680 761 0 976 23 88 644 635 578 290 967 120 608 7 19 899 46 934 172 879 577 184 157 710 262 990 203 136 899 454 447 814 419 751 886 873 657 797 669 879 783 8 662 278 604 899 502 559 178 39 526 76 443 3 769 565 41 978 359 1023 584 273 253 221 752 275 759 271 206 583 213 719 161 734 670 496 6 102 1 710 209 824 173 570 121 94 138 652 380 230 826 219 556 876 606 1007
292 127 590 838 639 583 209 707 376 1003 848 655 73 337 990 1008 10 689 159 970 976 255 666 519 6 336 964 715 198 193 642 162 193 173 500 93 218 282 1017 608 627 50 682 394 787 1036 486 309 808 398 521 419 588 685 241 341 182 0 281 632 937 854 189 511 107 358 265 836 453 513 833 826 563 818 593 234 973 13 400 304 783 223 945 903 966 447 980 458 1033 634 919 889 988 80 555 189 1004 512 389 882 987 435 365 835 202 494 835 76 590 458 738 684 711 644 17 361 1013 998 769 706 31 206 997 285 987 37 869 626 566 345 1005 75 659 180 700 768 502 1033 416 374 453 799 714 733 526 576 1028 669 945 645
104 378 142 101 217 1030 267 863 630 711 732 246 41 845 794 513 322 526 164 864 765 391 588 15 214 908 255 334 948 317 383 898 93 622 986 643 571 854 769 1043 651 336 415 767 42 125 214 192 475 259 894 902 231 160 359 88 658 623 0 733 677 726 746 338 861 930 330 818 490 945 164 149 21 643 261 623 410 652 279 275 282 7 221 660 55 498 1036 794 515 35 511 420 488 884 124 478 369 947 875 357 57 590 116 202 472 44 151 29 1026 156 762 51 1011 491 632 586 773 890 649 15 128 1019 557 753 1046 14 218 107 270 630 962 480 456 123 733 606 104 138 336 1004 973 848 906 40 434 716 797 419 898 872
970 12 797 844 933 654 430 70 593 113 70 604 538 280 723 1017 834 606 684 99 520 413 927 70 45 512 992 387 554 251 504 913 814 393 684 757 470 373 479 517 768 563 763 468 337 241 750 753 143 226 323 271 559 500 9 628 529 5 457 0 645 515 835 900 839 945 712 478 584 614 137 194 1025 630 52 128 966 268 357 144 763 998 966 938 503 395 778 868 519 50 452 340 584 299 416 942 951 475 844 293 181 189 500 36 388 322 12 173 193 158 490 208 773 521 938 396 154 199 996 30 447 968 450 700 449 847 79 991 985 376 440 856 446 758 324 144 864 1023 76 554 347 264 439 973 685 435 469 1041 278 81
217 787 96 754 296 240 373 939 1031 1027 171 879 900 180 871 197 341 648 84 407 971 105 321 769 536 575 217 471 866 518 548 775 181 392 534 364 1039 0 1021 951 727 787 679 234 129 617 636 405 626 937 869 782 170 416 450 34 866 2 75 374 0 687 386 953 604 224 656 538 991 857 128 706 538 1015 868 220 524 640 156 319 906 1 814 920 351 935 690 587 341 891 916 122 213 413 139 4 606 154 114 806 865 455 948 878 141 739 676 998 309 181 246 434 139 797 252 860 927 931 596 429 825 1029 805 645 245 227 406 723 529 837 817 295 888 77 119 676 42 281 822 555 137 317 259 263 1043 525 313 135 576 649
481 522 210 545 229 396 394 251 961 890 718 936 814 974 667 806 370 849 190 514 56 120 78 600 524 468 3 879 707 669 288 638 101 775 537 408 965 500 984 202 535 332 878 976 920 41 624 577 249 192 255 120 515 992 604 241 537 824 277 207 771 0 94 248 944 274 303 691 888 161 203 739 1025 455 391 735 799 674 965 966 12 560 410 967 425 993 207 959 101 983 112 590 111 184 748 663 94 49 115 492 706 139 455 418 590 1022 645 781 295 142 854 321 570 33 284 784 941 845 599 727 816 789 196 336 993 952 368 145 296 748 907 614 7 772 737 817 344 120 904 937 951 568 303 830 354 536 6 120 589 1018
789 1002 791 516 549 461 553 365 820 987 1000 666 564 175 791 937 234 1027 990 767 914 844 507 300 254 231 212 841 976 347 460 356 878 1016 329 664 154 669 852 187 263 740 571 678 783 591 539 958 351 885 708 331 419 477 242 809 396 940 621 255 297 788 0 184 599 489 416 81 659 258 670 2 607 175 942 345 734 154 428 517 686 327 225 996 518 426 889 779 372 1022 360 2 28 923 32 685 481 89 1028 148 628 1033 1032 465 176 269 170 648 489 871 1021 826 929 756 443 691 605 540 462 828 197 793 133 276 585 990 941 163 632 530 663 62 177 442 511 492 950 324 842 586 1023 541 181 75 960 550 749 826 482 500
69 160 401 1026 1041 1010 403 234 1004 907 305 2 502 512 554 699 1017 1032 676 143 959 718 572 1043 200 14 833 47 267 349 114 910 556 396 208 448 478 468 105 87 908 148 239 560 542 411 974 318 802 709 689 345 875 532 38 852 790 1 248 552 470 815 843 0 121 529 87 547 1004 801 722 586 673 580 336 727 151 75 385 605 739 902 450 535 127 97 842 118 65 783 285 1016 1042 53 251 422 285 688 933 265 360 652 877 671 842 869 59 655 649 157 265 956 697 411 524 709 858 174 68 729 524 103 832 535 76 1 912 167 199 593 369 1002 880 519 32 431 28 1022 969 105 193 473 601 454 965 266 407 109 72 549
591 1046 916 823 96 852 929 932 474 159 342 495 670 522 846 478 978 360 765 250 536 512 631 947 65 463 148 255 891 60 594 938 404 335 645 903 390 151 745 765 276 730 73 206 554 106 734 434 638 345 420 216 885 726 669 854 181 51 883 954 423 205 358 740 0 704 646 234 268 362 566 969 930 990 297 932 149 1011 332 390 622 461 623 197 702 51 268 1012 212 957 617 927 832 210 245 482 165 781 207 185 292 261 308 437 325 495 189 179 993 141 939 257 879 145 59 921 320 369 655 988 295 116 513 703 355 977 863 222 130 128 173 707 31 483 197 870 771 625 1020 377 245 455 848 431 525 199 917 107 553 208
435 599 52 627 113 424 68 757 237 1034 452 1023 256 909 442 738 445 338 1018 560 550 294 771 449 81 545 269 838 923 1015 492 16 738 831 813 586 810 192 523 379 558 906 512 381 550 33 61 117 924 653 81 142 267 418 570 896 622 1046 883 237 600 1029 224 601 608 0 634 63 134 1039 961 398 825 21 964 632 806 254 1026 555 372 417 525 920 334 695 1003 38 419 15 514 966 988 662 165 821 919 431 364 480 392 316 663 428 785 222 375 781 809 528 118 839 153 936 1001 632 413 295 266 95 922 807 722 884 770 1013 330 381 810 84 290 478 215 936 595 179 170 157 22 478 793 756 882 491 774 290 903 96 944 443
134 621 327 667 765 533 799 4 180 896 88 383 937 168 1022 873 617 448 490 750 640 920 469 1025 255 763 426 281 238 540 114 696 601 538 110 846 1003 869 992 826 1046 953 418 220 293 731 521 69 478 416 537 660 875 873 609 857 509 651 653 765 204 551 114 474 133 836 0 907 11 937 633 343 150 902 905 243 1020 145 489 522 350 616 355 589 937 410 389 528 60 463 602 337 460 814 19 892 849 368 66 174 906 401 826 441 672 859 596 501 98 278 963 763 903 1034 6 425 912 434 39 492 416 735 16 111 711 196 765 257 735 327 201 802 928 79 153 6 499 81 972 250 619 459 338 109 35 932 743 166 737 375
546 946 277 991 255 877 411 1003 767 659 695 15 807 474 998 360 458 94 67 743 437 908 184 886 664 321 603 448 533 559 765 901 906 99 295 942 838 1042 142 365 2 605 721 47 904 293 756 495 81 463 179 282 132 577 620 446 492 167 837 643 571 400 987 673 1013 591 172 0 9 472 973 533 457 676 220 743 897 198 430 331 458 500 431 817 108 728 452 271 544 13 662 518 188 295 767 713 697 166 104 435 926 541 952 882 739 134 325 1035 622 400 224 1014 311 845 3 928 108 808 701 520 430 89 2 10 211 587 873 431 278 127 891 440 382 774 505 262 403 287 137 637 186 959 924 36 916 648 987 805 217 714
729 449 714 401 486 11 292 427 800 890 679 130 331 602 342 459 84 763 431 318 227 955 350 257 98 78 879 285 255 36 811 936 952 324 650 727 342 538 37 1013 452 830 979 1042 563 377 996 579 139 148 778 1008 129 644 267 597 615 618 665 856 43 946 723 531 113 820 424 615 0 415 35 752 416 612 441 581 223 414 852 250 957 978 932 262 823 220 762 80 13 43 4 182 209 822 1006 1017 105 97 177 611 703 961 623 965 5 114 160 202 346 23 806 920 574 727 555 334 265 635 648 526 742 155 553 130 64 312 822 337 79 138 762 734 129 1016 773 496 701 855 468 360 442 905 632 651 340 1025 762 216 123 54
454 488 282 570 546 92 306 357 421 542 767 366 239 966 146 388 669 1006 690 221 81 376 49 884 251 770 265 286 467 555 183 430 925 678 854 579 579 666 36 735 624 873 760 711 326 844 559 41 299 341 794 981 713 659 993 410 209 85 132 409 42 899 522 436 611 622 841 872 702 0 929 167 290 805 724 912 752 760 255 299 986 852 776 410 852 943 938 362 565 456 315 515 682 194 699 738 940 60 546 760 204 159 834 526 209 236 471 288 303 128 39 943 12 581 455 1025 926 424 895 907 1026 721 394 557 918 42 407 725 422 940 321 992 677 168 258 965 857 1019 425 776 367 1019 378 758 103 133 169 60 350 57
799 99 701 175 628 243 123 227 221 297 577 904 239 206 538 653 917 889 415 962 878 989 482 519 535 374 395 1016 573 1038 708 223 548 567 591 621 416 527 787 45 541 506 230 628 40 415 42 842 898 361 154 334 797 395 586 904 585 882 257 414 901 526 839 440 813 459 734 583 72 127 0 510 750 307 1017 313 971 332 303 173 453 614 37 697 54 993 902 851 592 414 179 998 9 19 392 453 325 481 942 179 632 758 628 113 779 873 698 333 314 337 133 956 661 528 792 92 601 178 851 529 808 665 337 193 654 484 579 65 622 536 15 829 773 1033 830 217 208 817 156 549 1002 781 780 11 592 561 220 55 47 75
447 178 888 548 463 4 988 465 827 344 256 417 308 509 502 940 294 359 357 6 925 577 163 607 972 347 251 856 663 1015 84 953 920 956 999 478 916 32 521 306 299 265 268 703 468 1021 604 30 453 767 614 839 930 450 9 64 257 1027 482 650 532 825 148 851 529 328 27 948 99 77 636 0 508 0 90 195 233 172 626 505 189 581 378 343 378 99 857 1002 196 518 591 339 517 1015 384 250 826 329 979 113 804 733 749 642 657 722 803 156 765 54 221 176 135 238 13 86 577 958 350 812 154 629 690 177 90 663 118 240 47 943 581 581 975 903 212 333 237 812 750 254 499 904 419 852 158 829 436 1 174 72
292 515 288 832 93 318 984 804 126 628 952 323 69 218 1007 277 498 1029 748 787 724 441 36 55 885 23 609 663 592 526 546 843 83 427 794 567 263 270 715 441 894 331 576 132 410 726 745 981 890 307 741 31 944 472 579 587 252 71 87 187 478 801 252 942 107 982 406 440 34 1041 104 677 0 189 280 754 574 400 943 413 951 630 887 788 326 1034 1039 726 468 296 426 464 871 411 407 458 944 143 367 417 591 838 733 871 1045 931 841 763 348 458 990 859 97 501 274 69 214 167 829 781 752 773 48 510 732 949 685 502 235 560 1027 702 723 714 345 553 555 761 418 141 998 28 791 484 857 784 187 770 338 395
957 534 291 336 105 701 937 936 968 1036 662 514 338 538 344 1044 900 631 55 398 379 395 438 760 58 689 126 883 898 323 967 509 828 598 25 220 872 958 121 309 48 252 294 535 829 173 939 419 500 931 493 529 110 590 245 207 16 210 940 126 127 357 725 575 80 696 651 778 314 855 911 826 621 0 959 425 635 220 886 794 632 403 731 614 459 782 749 204 457 6 114 450 93 745 773 483 1006 918 762 99 549 912 37 463 237 337 994 294 526 370 371 102 84 398 126 84 858 906 278 280 475 684 174 293 184 27 71 352 751 893 127 767 574 275 800 71 1044 719 396 929 183 1025 188 561 358 22 210 795 1043 801
779 362 296 17 425 215 115 698 455 759 511 554 591 958 383 11 720 87 661 300 559 460 170 309 76 173 930 597 348 145 762 391 144 837 687 945 775 872 787 535 413 163 842 92 713 183 1005 1040 83 84 329 972 276 547 38 618 1008 554 162 124 284 920 356 709 294 537 901 142 583 369 834 986 516 742 0 29 927 587 223 294 767 231 321 147 103 927 361 993 887 449 85 99 814 186 258 56 688 269 348 428 763 480 473 330 231 294 752 569 664 325 55 1033 188 591 366 603 522 141 501 826 813 990 781 388 737 271 629 894 600 621 32 61 885 805 378 138 1027 962 891 1 601 101 175 747 828 761 878 129 311 524
176 542 826 837 11 545 60 486 570 602 506 41 205 688 882 559 495 844 77 580 371 952 776 950 1036 132 791 726 874 249 398 121 766 31 997 88 175 266 308 40 528 450 154 828 373 285 1023 83 197 379 893 919 351 149 119 410 230 577 376 445 604 684 813 23 51 208 147 57 574 836 161 842 902 167 511 0 932 165 750 211 137 314 378 425 1043 221 844 7 586 307 637 434 672 47 432 852 155 337 175 326 748 234 916 483 545 187 57 347 272 533 469 5 922 919 500 403 728 1017 273 693 268 331 769 252 864 873 1018 524 794 350 440 338 332 750 11 709 453 48 817 171 404 368 23 105 688 143 809 581 110 917
249 421 577 197 923 1001 343 598 799 178 460 831 60 887 201 687 1 525 846 729 429 324 710 402 1011 504 856 130 576 928 418 236 29 516 1012 403 145 127 708 325 232 320 910 319 619 76 541 106 248 309 736 904 658 149 480 493 123 69 997 995 522 2 478 507 99 372 314 709 2 138 651 1004 794 472 189 371 0 881 6 844 615 523 825 991 342 431 28 247 133 209 532 131 947 42 299 669 662 425 877 962 809 137 745 657 43 959 597 1026 824 1020 499 766 346 171 150 315 779 663 1035 518 585 726 993 57 337 69 631 238 871 4 640 423 687 259 872 638 431 1017 810 897 314 612 885 126 899 616 163 20 416 336
880 358 860 360 913 734 299 324 879 217 27 883 351 347 743 989 240 265 199 1000 485 826 898 960 370 264 114 986 800 18 960 254 107 933 418 118 338 466 223 550 326 393 1009 74 1041 315 52 376 1029 762 497 417 1045 491 354 550 339 990 604 159 553 1020 822 891 372 551 372 714 989 944 295 186 863 519 1019 215 475 0 445 905 268 780 644 525 953 95 954 872 4 255 605 905 692 115 238 572 1011 760 799 458 468 946 267 765 182 149 910 208 258 253 540 459 277 490 384 409 668 744 115 739 815 314 163 127 637 352 202 337 948 891 317 201 1004 896 875 776 956 886 495 242 786 158 965 322 26 93 130 901 905 9
919 223 565 988 511 1028 521 484 710 945 497 874 420 1032 81 514 340 862 675 328 948 159 277 850 355 1001 3 749 205 563 1005 839 144 580 711 312 927 948 254 828 765 962 56 544 686 332 670 957 100 611 524 299 866 905 261 968 601 405 313 456 102 304 430 230 235 434 327 558 785 906 90 532 386 217 202 865 144 991 0 43 538 450 299 1033 805 1009 946 380 569 76 759 1036 233 366 827 107 709 60 786 84 5 100 1037 476 871 685 305 166 212 691 428 196 302 403 814 355 331 884 916 935 799 341 645 762 530 144 423 445 403 152 311 68 143 532 896 202 921 773 868 781 440 434 4 464 223 877 899 643 812 644
1003 258 618 999 161 245 98 150 843 996 779 363 574 441 786 976 318 736 371 402 532 333 727 152 499 256 987 24 634 219 938 433 385 225 329 172 200 670 936 715 583 111 982 278 716 26 818 872 421 292 650 96 849 957 438 663 464 379 209 802 659 232 436 374 838 43 952 673 52 2 940 865 76 384 163 962 424 958 810 0 725 95 476 323 51 375 558 527 874 230 449 384 385 1036 1017 80 721 587 866 237 690 968 399 74 855 158 556 728 150 439 931 12 905 313 326 263 912 317 283 239 376 646 934 29 76 280 930 175 283 190 648 111 304 388 32 817 97 913 78 15 294 230 170 600 377 640 278 88 223 300
853 85 944 786 684 558 809 506 17 382 106 256 452 922 105 181 600 498 904 595 639 664 642 109 243 482 620 884 1046 806 399 976 675 565 472 710 499 794 322 341 170 318 324 545 348 311 538 814 848 423 670 704 965 603 1024 432 393 594 518 891 182 841 511 951 770 990 274 906 479 833 502 355 29 582 572 961 215 466 225 918 0 437 495 500 888 130 713 407 421 565 781 544 403 423 813 808 447 752 777 560 442 1028 501 672 433 405 463 85 915 118 340 108 854 29 38 876 1046 35 427 473 296 141 122 277 561 553 677 1021 380 168 239 916 232 284 99 284 298 486 7 433 462 86 115 940 753 663 369 973 226 115
74 1007 659 122 846 522 50 3 1009 954 121 43 165 107 766 757 256 641 292 289 217 259 195 434 187 863 539 379 881 1010 901 276 649 244 662 344 54 377 152 19 507 463 633 1014 290 236 761 223 964 22 879 643 119 254 545 1036 452 247 280 25 100 739 161 650 432 383 982 351 865 984 529 673 267 191 1011 429 109 796 939 938 551 0 712 58 514 919 132 984 392 548 828 409 867 844 330 686 974 985 198 415 562 490 1002 720 873 337 706 589 377 821 969 972 265 302 852 813 101 584 678 1044 610 145 824 463 676 317 565 472 31 289 10 49 30 300 273 1024 774 41 755 935 512 918 775 529 324 575 1028 879 958 101
697 978 654 826 605 378 415 881 774 1006 263 481 292 941 339 849 322 234 239 772 86 55 1040 175 637 560 237 226 412 1021 9 91 925 360 1034 858 101 1033 456 756 226 933 180 296 801 468 890 546 1038 746 793 777 818 366 245 342 683 895 169 1004 411 666 212 306 760 807 1003 45 877 765 121 302 92 151 8 753 371 177 935 707 877 62 0 943 153 157 19 97 441 284 801 873 236 669 308 973 835 330 20 548 678 867 998 131 598 1040 413 89 569 917 993 66 201 886 634 948 355 684 960 221 287 432 665 829 1032 828 291 64 702 630 324 987 255 128 189 302 721 938 804 345 968 1016 7 950 321 362 379 273 351 754
410 351 441 58 142 149 199 501 972 517 483 413 342 750 704 262 233 434 629 149 475 512 621 323 998 849 549 769 792 60 967 524 184 510 802 191 936 433 225 1036 290 354 430 98 886 508 247 796 828 82 848 946 32 294 250 700 342 754 409 931 441 801 59 725 152 776 683 2 56 921 996 883 191 396 513 455 99 670 729 176 660 330 86 0 222 318 213 761 169 504 80 968 733 659 137 716 236 349 691 746 887 112 576 263 96 502 624 866 641 74 135 836 723 886 345 559 555 696 123 754 108 979 1025 809 70 690 114 403 898 605 106 1043 490 553 1032 72 336 581 818 947 245 287 567 862 864 318 533 703 11 678
1007 888 777 765 318 351 677 562 85 1010 834 885 669 267 560 624 133 433 521 491 567 335 926 1036 614 895 32 211 565 528 448 776 122 178 182 370 168 251 326 263 590 860 163 881 871 657 948 986 44 903 407 985 152 544 46 561 847 393 811 611 1013 909 593 832 30 138 124 403 777 625 902 760 288 294 913 130 252 644 741 834 21 860 406 581 0 590 751 342 112 561 281 708 719 892 619 25 598 933 818 793 468 400 342 946 197 343 318 244 1046 644 241 728 190 541 214 559 231 558 246 384 213 411 810 885 106 417 691 631 205 993 668 455 114 234 497 482 526 383 32 45 580 114 23 642 983 408 804 789 601 370
975 702 223 783 593 231 84 641 327 331 744 908 785 739 837 764 245 292 960 229 327 422 796 867 477 53 857 280 73 926 641 250 599 469 211 591 379 760 533 380 436 705 948 1007 199 688 481 782 377 797 340 703 157 357 970 596 880 219 1021 14 550 78 138 292 1035 281 10 952 511 1017 923 1000 302 629 751 682 348 69 895 981 68 417 985 951 704 0 730 384 928 277 863 358 976 505 390 69 679 789 540 435 639 355 980 1037 640 760 591 366 660 189 630 345 38 260 653 224 999 816 749 173 334 840 1016 200 340 303 478 918 141 222 541 316 672 775 824 882 378 598 870 281 654 15 773 809 825 712 737 64 35 706
296 240 156 24 558 793 108 346 564 192 960 663 956 945 847 174 623 769 448 662 467 979 665 751 770 291 747 529 24 660 357 208 600 531 796 1039 61 54 857 157 22 245 944 439 836 974 771 352 945 570 235 874 835 779 738 486 620 546 534 154 73 687 719 21 1030 594 958 26 860 421 903 570 126 885 225 993 402 238 814 60 603 431 592 425 305 840 0 459 885 160 900 821 600 579 207 841 519 940 721 820 304 36 778 336 350 349 173 856 703 44 61 314 982 479 761 953 709 213 672 491 745 41 986 684 840 308 148 21 394 237 391 990 14 241 27 344 744 916 520 253 706 329 712 44 760 372 980 885 952 353
568 829 217 915 139 709 379 560 997 777 884 688 791 177 590 128 1031 814 283 260 201 221 404 866 890 614 23 623 132 996 333 804 773 342 872 991 325 592 936 744 450 883 240 638 188 75 308 1024 278 277 390 93 741 923 838 517 53 323 673 903 1009 380 237 930 494 31 775 96 407 564 533 160 1019 318 314 151 99 527 229 108 592 629 862 281 19 875 1018 0 36 680 299 194 760 589 989 171 17 363 641 705 505 836 322 630 538 268 424 744 644 939 426 428 579 1021 129 550 177 635 214 928 894 1020 672 906 41 883 96 792 580 555 60 233 56 140 571 816 581 289 362 626 356 757 383 338 260 517 648 246 462 332
871 1043 835 351 427 265 63 779 753 534 763 453 800 493 297 575 989 498 261 231 389 626 292 339 491 875 244 854 293 756 132 928 281 737 135 962 846 89 150 67 853 671 609 349 987 584 320 969 300 99 507 1042 79 180 764 694 881 922 587 932 866 84 92 881 322 168 727 694 385 67 13 697 102 929 10 716 915 335 105 949 1044 540 372 177 953 268 161 528 0 939 146 790 101 118 494 1007 3 387 481 869 655 451 934 839 394 834 978 272 744 126 127 707 947 866 402 601 943 257 50 831 1031 744 499 575 437 63 166 365 608 264 671 551 792 16 339 634 1010 812 766 910 1016 1040 917 819 266 889 276 38 990 512
757 124 654 941 264 700 407 826 425 842 686 355 986 585 771 108 251 799 344 876 494 981 732 23 815 147 280 924 18 29 554 443 732 521 222 122 101 242 325 197 681 195 175 924 866 575 568 163 194 525 792 452 53 876 588 927 364 877 72 789 903 528 815 435 498 798 378 391 33 818 924 764 168 877 855 1022 57 389 943 929 295 941 876 530 622 519 607 574 571 0 450 356 3 590 921 527 24 322 32 807 293 93 142 15 410 179 40 25 249 441 66 962 958 318 641 544 16 328 460 509 812 753 493 584 292 138 114 6 586 602 636 176 520 597 617 350 138 970 390 421 344 842 95 781 657 79 429 317 1005 780
827 117 323 941 647 475 145 120 142 842 604 200 276 906 222 89 489 403 411 770 119 918 274 429 555 437 714 1007 752 1022 1043 93 577 523 1046 701 378 163 852 716 996 294 857 266 477 409 211 903 687 563 373 587 106 868 229 418 573 452 652 317 217 304 434 766 470 247 706 547 792 674 419 795 383 1039 512 410 339 966 773 804 563 376 574 730 221 55 86 829 19 481 0 248 146 596 633 354 470 65 616 528 580 100 596 529 726 935 591 740 345 445 426 79 719 769 881 433 753 1043 98 1037 816 772 523 425 789 483 2 391 684 899 408 91 910 805 401 108 861 861 628 120 61 523 422 742 115 256 884 781 891 1036
741 247 573 59 352 215 512 781 313 462 288 742 451 67 684 518 725 78 809 553 794 744 768 466 145 991 27 674 867 269 291 880 43 446 51 239 329 264 348 820 1019 6 206 743 356 101 662 219 513 395 590 88 678 1034 531 1005 604 299 733 224 603 331 909 351 618 844 457 1044 6 792 524 619 269 418 769 150 653 335 16 377 353 30 1022 987 844 908 586 318 642 93 714 0 724 377 1043 413 18 234 892 13 816 51 176 217 615 358 198 703 847 254 1026 779 355 646 977 877 989 799 949 815 951 130 496 156 64 204 67 953 270 152 249 424 815 898 175 541 864 89 532 35 365 302 929 216 96 27 129 583 967 159
371 933 385 692 918 638 260 730 622 916 306 289 995 664 887 341 872 298 808 238 517 757 597 600 809 558 693 153 362 136 598 845 934 753 506 690 439 410 479 682 124 927 308 927 492 430 380 632 403 540 22 640 170 369 861 619 619 653 351 596 601 230 895 120 221 999 154 153 897 944 914 617 563 735 953 324 342 833 820 59 726 476 22 734 608 783 601 781 544 724 986 1016 0 241 978 650 487 931 681 39 351 338 531 948 132 194 114 373 729 430 846 864 380 637 164 318 573 540 155 605 842 215 280 41 684 1041 223 225 174 361 53 884 260 684 830 162 929 661 332 604 263 160 999 789 412 320 696 542 676 215
213 1007 441 329 918 890 963 239 523 352 89 228 142 458 108 532 745 154 563 58 668 59 548 920 95 724 691 302 461 473 285 224 794 481 1040 756 39 44 137 912 472 451 373 787 956 60 449 875 277 246 675 507 859 173 305 911 948 331 774 537 381 646 403 213 193 609 168 49 514 951 358 337 186 321 939 493 278 466 443 803 961 939 824 681 1007 719 904 522 127 38 701 272 486 0 126 18 219 551 441 161 570 516 456 139 944 568 356 1021 1009 437 562 252 688 969 977 52 494 881 15 573 542 293 1041 349 555 560 893 753 797 396 987 890 40 577 456 139 398 7 679 366 189 304 14 484 792 937 137 287 21 820
682 944 290 426 196 172 521 258 87 426 859 4 792 810 286 819 103 136 287 58 290 233 164 238 560 535 207 58 719 1020 936 208 354 983 612 419 769 229 594 206 702 670 402 392 759 420 751 885 852 586 793 182 335 1007 758 684 288 707 772 696 499 296 642 968 585 359 1036 586 547 912 143 154 164 877 890 741 668 1026 117 183 170 952 674 206 192 254 990 891 385 917 257 4 194 995 0 560 1009 568 556 534 261 331 456 596 116 853 531 412 176 917 630 418 665 454 994 597 939 846 512 558 557 817 426 628 978 123 953 33 878 41 23 206 695 902 884 426 49 234 978 411 835 769 843 36 961 227 895 411 597 573
1029 497 917 213 358 105 963 741 773 23 995 151 337 120 21 251 292 201 265 466 1035 725 80 552 776 845 627 942 20 675 33 533 682 447 570 812 758 816 872 435 292 554 747 384 61 368 20 489 511 375 638 776 862 168 409 585 7 965 996 964 319 405 692 173 440 41 690 368 67 333 999 261 813 67 641 220 371 717 398 330 254 734 908 274 523 500 1043 210 606 155 287 245 243 1045 643 0 50 934 729 435 54 47 857 419 335 97 743 729 593 139 777 774 715 462 669 225 432 649 298 100 49 713 33 610 94 32 420 73 58 589 716 794 662 877 486 884 973 219 874 934 664 817 591 818 245 300 512 561 79 127
761 442 99 619 902 1037 659 321 630 333 953 627 916 457 541 406 4 1045 870 731 510 647 720 88 678 141 911 596 20 856 639 636 65 165 883 876 12 1043 827 203 397 264 146 38 642 309 369 189 588 377 153 962 141 343 488 663 100 833 463 630 719 524 311 86 579 34 943 521 307 237 208 213 253 686 18 621 558 553 52 1041 1029 279 421 111 981 733 195 604 543 624 760 976 407 600 750 1015 0 237 282 783 314 216 275 99 52 644 1045 185 3 293 117 952 356 522 466 161 352 917 238 263 223 902 754 39 744 482 742 850 599 714 45 346 412 679 19 326 629 577 961 1003 640 597 913 6 444 786 33 993 686 263
502 37 124 651 431 304 745 28 897 365 925 250 128 738 102 30 665 954 815 780 77 519 301 1040 938 328 532 541 729 505 361 797 377 481 758 509 756 640 353 717 355 986 951 1024 707 243 877 381 790 648 883 969 595 328 565 1010 191 507 949 592 839 184 194 716 51 23 499 676 633 513 981 494 239 628 744 181 360 868 71 847 294 622 513 303 627 40 652 210 959 788 170 873 936 804 542 490 242 0 326 161 372 437 896 302 572 477 213 133 530 476 490 613 558 690 504 995 677 487 60 185 614 877 794 489 485 798 993 993 656 354 844 679 838 141 965 129 1008 680 818 324 1010 421 362 955 137 634 847 227 527 435
195 609 974 565 426 621 651 68 462 606 803 462 313 6 267 681 204 844 751 249 543 493 251 0 983 394 733 395 208 567 217 246 944 733 484 141 712 274 842 199 277 549 414 1033 244 1 871 830 905 94 467 491 455 195 104 37 406 790 417 1025 941 127 756 539 927 344 896 327 639 465 244 589 928 689 34 677 235 578 132 13 999 65 723 46 139 448 274 1007 872 538 432 272 36 238 817 618 331 176 0 421 817 942 37 483 338 967 612 350 874 208 505 119 487 23 787 99 245 540 109 266 188 349 572 789 976 985 734 857 471 1034 96 96 89 964 997 61 621 553 480 531 646 441 636 279 738 837 931 379 741 633
846 526 268 583 148 915 216 618 646 328 1015 153 182 38 584 889 914 28 163 783 592 773 634 925 543 241 953 712 1018 939 510 24 849 82 850 478 934 500 256 471 44 417 910 682 539 669 731 651 555 2 118 269 624 392 437 940 202 410 1015 722 318 782 706 519 722 148 129 224 211 107 578 415 232 210 149 387 865 26 470 587 635 609 515 529 0 347 338 239 983 60 149 954 977 844 275 721 561 904 581 0 149 160 834 313 647 404 797 30 234 962 1022 959 872 994 456 525 579 779 134 793 665 978 108 436 208 75 209 904 633 808 420 644 435 732 252 919 405 428 519 1 785 129 926 470 485 877 790 294 280 273
909 359 912 507 615 625 622 1041 8 1017 236 923 769 752 537 217 183 191 591 711 8 628 815 419 810 547 161 935 682 582 795 835 959 783 523 679 883 187 141 625 403 275 651 873 196 350 24 201 951 398 655 504 800 230 590 818 684 422 729 391 584 976 147 135 905 611 855 647 507 976 91 308 231 945 815 336 52 662 895 568 369 723 727 767 676 897 849 135 899 561 846 394 336 484 720 160 254 23 863 149 0 491 378 464 180 763 715 1014 277 826 969 778 686 72 423 839 85 760 838 240 574 873 1039 545 1013 221 317 553 182 578 909 958 329 1018 217 1003 310 591 692 907 857 367 840 201 20 292 127 541 665 884
874 622 671 722 731 851 938 813 903 980 416 432 956 997 458 919 384 1039 362 236 760 141 77 822 10 564 432 304 175 716 593 129 1021 497 297 842 394 568 626 579 946 118 158 658 564 155 895 245 320 918 987 647 222 864 491 835 131 1011 384 279 612 596 49 552 1007 752 465 442 678 671 813 1009 16 286 585 736 900 883 681 441 372 377 795 317 396 335 259 662 789 700 46 456 222 282 981 0 325 586 116 695 192 0 604 257 306 584 372 184 617 570 1042 852 1 1018 1028 923 778 230 642 472 335 87 525 66 299 399 601 868 143 1025 427 999 109 20 230 689 234 663 508 86 46 115 572 371 57 442 821 551 129 498
986 383 778 443 706 611 403 352 669 214 494 382 771 886 484 993 188 539 312 844 878 666 23 134 134 54 383 487 859 875 427 576 784 957 399 203 973 715 227 707 828 422 891 202 705 428 145 563 461 234 751 488 954 606 892 766 213 891 674 33 558 550 607 106 629 642 1017 692 749 1027 476 460 493 668 356 180 90 450 595 888 485 468 467 737 1022 873 670 165 123 269 41 168 645 394 495 166 424 299 418 271 29 387 0 393 734 983 811 1029 831 94 312 433 913 148 40 61 1028 1042 913 191 222 1006 280 97 178 46 823 716 198 1045 93 507 313 619 187 797 627 657 788 97 479 357 345 361 762 775 301 17 289 72
141 603 521 325 763 486 433 1041 125 673 385 877 317 491 744 451 876 650 845 1042 235 682 139 794 592 93 271 281 662 959 746 321 821 64 49 145 274 362 579 331 914 783 795 426 797 809 991 817 381 14 20 769 704 77 873 981 712 750 1 907 29 959 1011 172 651 775 417 616 803 66 822 824 560 167 1041 578 705 640 63 549 1036 364 348 117 960 197 73 834 613 782 579 86 215 963 60 455 983 518 445 576 416 648 558 0 28 190 239 85 5 879 48 734 808 614 454 924 51 654 555 841 711 368 472 40 701 610 668 725 1010 631 340 264 951 38 1039 148 196 1032 411 287 548 137 763 182 709 485 724 226 361 749
423 866 200 573 1010 1013 963 99 290 74 520 930 93 402 465 826 224 917 893 674 519 646 513 971 95 690 266 6 370 31 253 47 58 824 305 304 751 936 704 760 638 901 602 206 796 402 540 645 779 26 433 397 171 580 743 960 344 142 301 795 590 876 371 249 20 847 278 573 11 769 515 14 469 75 957 1008 757 355 20 359 563 714 857 10 287 198 806 336 847 797 177 578 617 348 744 664 831 870 943 266 535 148 819 324 0 213 494 700 972 686 203 884 790 464 334 763 573 173 1008 821 835 129 711 1042 1019 402 707 296 144 851 250 640 326 1021 7 468 961 368 1011 149 375 311 560 1045 656 122 1020 1028 472 117
702 900 309 282 404 391 1029 44 873 24 985 991 99 945 755 216 910 616 54 244 192 234 747 520 118 842 227 918 106 440 136 55 444 80 876 445 506 822 276 79 43 339 540 326 365 430 1027 65 344 909 991 210 340 687 607 818 271 537 928 696 449 995 56 771 1026 151 703 406 586 203 855 82 414 829 687 322 855 82 633 518 954 914 293 864 394 625 380 735 287 583 593 575 518 392 728 189 343 780 484 158 992 847 49 100 802 0 1027 990 71 220 712 691 980 990 476 312 556 1043 1020 73 899 673 273 687 585 20 142 582 933 490 702 395 916 794 563 673 645 754 236 997 164 586 508 750 672 798 99 658 193 168
397 55 991 249 236 921 583 672 488 540 714 953 106 462 158 874 845 699 80 115 27 998 298 72 756 1017 447 16 868 550 656 504 358 637 138 715 666 339 477 395 653 904 875 919 536 758 21 462 245 861 566 540 618 786 314 890 310 536 967 722 450 509 920 386 116 899 507 797 472 222 822 75 836 572 443 821 495 395 237 944 140 983 201 131 434 856 845 950 211 382 470 812 697 837 172 503 1020 562 688 823 364 428 672 756 519 1003 0 204 723 984 869 596 907 862 3 961 292 379 117 394 1020 101 314 437 616 826 251 535 1010 878 596 297 1008 238 726 610 172 812 872 1010 832 386 642 307 280 683 990 901 421 183
96 446 661 688 954 611 152 281 688 609 509 433 123 838 128 476 670 464 188 160 837 952 787 226 850 992 302 42 409 412 540 331 267 515 967 364 448 814 307 1039 853 12 420 159 1034 616 359 1039 136 793 487 712 651 299 743 432 758 853 201 604 587 58 213 600 9 697 257 123 911 952 613 1033 178 341 737 1045 770 223 177 297 776 257 603 827 959 365 76 455 695 81 15 920 329 875 551 720 730 203 661 162 652 337 587 676 442 430 638 0 738 753 510 284 699 359 839 702 942 404 717 380 475 761 587 802 167 347 696 481 732 638 452 613 769 409 884 1013 842 985 652 469 146 600 894 476 948 934 137 877 796 772
260 654 906 678 397 694 83 1006 789 567 284 387 783 640 181 630 819 203 144 838 928 202 782 1008 296 548 431 928 217 476 102 998 367 530 180 310 559 870 870 485 270 114 517 557 275 280 185 933 643 983 202 759 204 492 630 76 197 386 96 193 210 381 43 491 700 456 23 911 281 66 182 174 835 861 353 91 569 426 39 446 757 461 2 48 858 549 809 980 540 948 105 143 417 29 364 276 558 644 65 830 637 600 564 436 1008 176 956 414 0 452 935 617 586 720 270 533 569 43 292 228 870 756 436 267 357 72 979 932 266 886 325 839 270 972 298 31 433 394 147 885 428 907 360 761 790 469 237 604 757 920
1014 875 1013 582 812 840 1022 96 131 994 411 916 521 113 841 856 660 293 286 119 236 575 222 563 460 443 231 887 248 482 929 463 981 993 525 615 278 93 55 840 639 918 6 615 868 349 387 526 827 182 55 610 591 473 198 273 800 172 967 764 232 28 600 836 699 162 61 945 861 1004 508 601 0 544 48 634 786 406 981 107 711 511 532 416 40 173 324 440 245 719 675 109 94 450 177 571 228 71 1011 374 914 62 606 37 890 996 671 760 485 0 586 498 366 807 589 322 535 292 237 192 169 277 580 376 341 378 850 131 518 564 113 563 551 344 1010 367 156 454 77 355 653 102 506 868 79 46 720 762 150 565
678 253 759 465 833 355 56 285 603 263 562 435 851 931 606 131 858 336 312 351 975 346 147 925 558 589 127 101 871 44 849 996 894 464 846 776 115 367 982 427 625 338 447 61 93 726 460 768 523 755 296 900 556 798 630 377 108 284 889 22 53 149 729 352 713 540 369 733 21 300 510 467 205 429 671 1038 535 182 563 199 54 1039 162 780 725 200 979 288 364 1030 24 94 258 222 146 304 685 818 747 121 75 154 716 502 1004 556 153 766 805 618 0 1031 493 777 655 222 434 603 354 1000 219 885 859 683 211 697 603 114 992 1016 532 468 892 14 57 543 598 176 953 285 622 537 758 646 665 637 873 555 877 98
709 537 645 822 68 238 171 24 907 820 840 161 958 661 665 6 205 851 763 779 5 304 621 573 1039 553 541 808 421 9 295 271 701 192 1044 360 255 1004 392 101 362 203 272 211 74 365 204 71 107 319 388 576 453 617 413 358 131 70 701 519 300 16 399 556 265 1044 1006 802 180 139 166 366 428 1043 92 582 749 1021 306 116 396 268 360 781 392 1043 83 882 675 342 307 447 18 54 348 1016 996 42 540 950 7 542 68 312 186 324 121 228 541 130 616 0 542 217 608 362 75 72 306 35 412 351 989 933 856 464 426 983 614 674 350 324 615 330 207 853 15 557 208 749 523 340 837 272 698 25 437 834 222 610
853 798 946 155 982 459 736 945 541 603 487 333 620 551 51 241 414 868 344 269 179 909 583 974 236 682 618 573 799 813 820 1020 845 812 383 343 846 111 347 412 172 280 916 152 510 522 99 349 306 178 493 60 503 292 518 127 625 507 730 827 615 939 1026 1019 1000 478 703 815 267 1037 558 644 171 119 725 570 771 504 337 408 563 283 154 1019 63 861 315 1010 171 965 726 545 771 642 203 789 416 700 74 414 448 351 470 722 517 898 33 714 372 959 250 147 0 597 34 4 11 471 797 400 863 194 476 663 954 449 966 1040 422 423 425 556 311 466 747 525 507 1003 997 867 5 792 957 165 751 155 278 994 599 654
762 414 56 231 918 570 48 744 314 910 747 508 226 178 61 147 612 1036 981 117 1003 146 7 16 833 1015 390 215 774 218 190 296 930 437 78 962 66 120 74 435 426 339 779 626 96 841 339 1036 896 920 771 583 168 198 545 642 810 885 117 1014 386 1018 1014 164 171 898 691 641 825 402 686 652 760 315 729 438 746 682 147 362 725 556 343 715 442 398 1013 17 421 665 33 843 320 100 703 202 246 493 112 212 986 186 548 88 910 651 652 51 38 789 469 688 336 0 28 271 60 160 613 231 118 536 907 836 279 118 691 576 602 153 697 774 36 212 231 1038 227 938 698 829 354 1011 269 806 373 910 1023 733 460 202
420 599 839 771 1018 626 552 486 293 711 713 148 1019 756 891 139 489 375 16 932 650 536 533 222 203 1015 682 695 158 205 559 31 132 542 693 917 180 915 778 982 614 392 425 844 897 517 624 891 167 751 128 631 220 98 789 853 926 816 893 869 490 287 185 61 338 796 931 916 335 970 1009 309 7 138 1033 49 475 1027 425 593 307 227 185 858 689 868 839 905 544 915 733 45 903 546 321 685 513 189 515 316 71 491 1039 113 283 503 399 962 7 369 468 43 780 40 0 632 509 202 527 88 1030 328 632 131 33 929 783 997 273 617 543 585 825 189 6 638 956 391 9 344 783 893 523 731 298 210 934 50 270 985
442 543 231 61 481 620 202 795 578 152 334 748 227 33 764 1029 633 567 798 927 170 550 673 430 923 505 963 525 628 1035 858 794 1042 738 470 193 212 991 40 161 221 291 158 801 710 120 1034 995 1002 436 113 396 170 337 765 341 950 480 417 639 893 176 699 140 631 1030 948 398 214 143 639 616 978 283 380 273 127 579 768 44 458 666 978 107 460 22 999 882 981 1023 465 174 967 465 540 774 651 313 670 294 839 155 570 1025 615 768 857 872 763 645 211 1 274 129 59 0 737 1016 7 953 961 11 514 840 414 233 380 880 276 407 418 167 500 962 440 376 189 641 910 183 60 498 816 864 153 581 345 582 631 817
391 265 163 613 805 318 510 916 265 339 438 507 2 887 87 876 584 1031 1022 1000 725 761 453 1019 337 530 835 913 673 143 814 780 903 793 839 55 904 794 938 598 601 954 974 45 38 76 8 632 167 794 373 766 89 616 862 954 770 996 831 1010 530 362 770 14 271 855 51 101 595 392 797 623 468 311 389 658 303 33 152 695 408 607 773 971 428 657 874 449 900 564 581 315 1004 444 506 267 157 494 399 1015 278 386 764 840 968 174 47 651 801 84 569 192 976 78 293 431 0 570 211 267 870 773 1032 329 449 608 98 161 13 700 297 831 488 983 833 318 800 768 537 630 447 742 27 742 455 919 325 514 980 113
935 115 699 229 231 301 841 622 582 67 5 743 783 285 755 563 128 1027 450 102 510 506 540 738 413 544 1014 838 282 962 724 646 872 326 439 614 807 520 259 966 32 859 232 232 865 967 462 268 925 972 22 777 330 587 662 177 701 871 656 1036 51 666 343 729 939 444 959 191 628 299 291 457 423 593 228 952 958 546 962 242 734 1041 580 603 162 592 343 490 780 165 517 221 95 272 269 783 564 8 597 227 559 531 781 46 341 799 810 477 704 1041 818 306 730 496 128 125 915 0 83 996 999 330 839 979 464 382 949 156 789 929 690 967 232 782 979 265 191 78 1002 375 618 891 1024 342 344 738 785 558 893 113
304 332 215 474 122 594 92 984 335 513 303 75 622 1 352 880 8 400 933 809 985 445 781 987 338 584 368 748 535 125 170 814 879 44 331 739 234 996 638 631 24 329 804 0 6 576 6 1046 806 806 578 1031 945 497 708 313 23 159 84 471 876 539 947 80 956 805 261 825 570 342 610 474 319 221 1015 102 631 45 571 470 131 544 81 175 699 992 181 43 275 169 695 676 152 8 228 208 559 147 213 993 660 733 994 89 753 595 239 222 954 180 960 808 719 263 593 895 319 574 0 616 62 600 182 682 375 71 181 736 1008 553 414 1024 875 176 485 698 309 40 178 732 633 696 928 649 563 574 309 669 855 88
53 545 959 359 211 946 250 239 165 215 964 342 929 133 740 11 551 433 912 623 579 723 25 710 479 1000 357 806 317 734 432 88 669 806 739 477 352 914 730 759 406 133 460 967 751 40 1036 931 994 37 826 418 63 642 723 127 239 587 663 595 704 340 189 379 915 52 687 606 833 222 668 144 521 317 69 562 747 232 1034 95 660 747 610 157 401 705 441 824 193 322 531 1042 53 972 209 37 1035 761 880 203 611 533 247 440 198 94 954 14 887 388 669 949 510 260 639 496 395 822 309 0 445 49 799 303 573 520 778 140 742 955 291 109 938 420 850 405 1010 1033 956 272 889 727 650 842 105 68 617 379 551 126
574 628 1037 321 967 139 927 472 18 1025 982 497 616 357 767 622 697 243 18 980 41 540 630 320 391 591 785 43 819 864 192 8 192 958 303 114 669 392 189 889 198 129 814 633 528 513 333 490 861 928 183 574 369 564 925 872 1004 327 931 332 784 310 830 1014 1031 617 724 701 703 103 806 773 303 435 708 857 122 352 101 903 225 275 121 682 420 310 39 838 732 534 920 278 33 665 210 49 869 97 126 862 1005 265 345 379 1023 938 70 326 631 268 430 299 246 1044 877 866 696 46 92 581 0 636 242 161 734 304 378 837 532 657 246 859 800 397 867 559 84 3 786 602 104 564 407 982 685 495 658 728 159 1045
770 918 93 100 803 91 620 199 915 414 608 388 366 641 754 738 640 1038 492 434 408 151 102 679 688 111 752 574 787 455 724 69 696 818 674 194 775 154 831 1006 929 555 99 424 267 383 346 416 298 124 585 697 668 111 109 325 393 421 91 777 451 49 794 915 765 317 684 49 230 515 177 131 200 228 743 797 513 48 820 449 808 360 681 895 467 30 508 318 651 305 579 170 115 211 873 963 917 132 698 711 1020 725 270 496 323 374 993 775 76 502 772 269 691 135 304 791 138 1006 420 456 97 0 19 470 642 935 158 166 652 743 805 197 772 391 125 546 835 580 270 647 51 67 511 606 465 1038 268 1019 653 828
46 940 649 116 310 699 350 284 501 899 589 840 600 180 375 128 829 52 781 27 991 431 703 520 766 124 416 348 17 318 779 600 720 867 706 6 1032 261 929 717 800 809 867 612 156 115 403 402 57 360 819 545 788 285 185 325 552 592 400 820 807 495 1006 970 750 448 966 133 888 821 143 412 200 496 269 516 451 762 391 699 915 420 963 15 628 943 455 714 503 641 164 648 180 593 239 1030 316 693 933 867 571 208 443 228 62 36 304 236 34 587 883 1001 511 614 725 326 83 80 28 1010 815 414 0 70 354 368 19 268 454 888 172 414 951 722 963 357 760 581 1028 49 831 781 660 70 771 507 505 857 550 943
554 188 217 217 673 769 609 779 581 210 961 705 813 702 310 381 463 716 756 108 220 201 873 334 732 690 798 705 803 915 713 364 923 666 137 37 653 735 1042 132 181 213 898 287 150 599 359 211 577 673 830 758 621 535 203 128 946 985 320 122 811 175 4 204 600 749 529 884 651 255 133 970 444 670 651 793 731 349 185 83 187 595 850 668 501 173 973 115 757 381 194 511 988 369 505 202 14 825 807 856 819 807 936 672 688 624 362 193 89 123 92 456 569 769 78 442 925 707 377 1032 640 94 807 0 630 501 317 104 799 482 229 544 116 409 1035 671 505 394 58 806 653 309 930 159 719 871 847 835 374 678
22 270 440 673 137 553 567 1010 978 83 814 573 423 10 208 539 832 967 723 420 241 194 550 842 542 955 979 250 758 591 246 831 347 330 328 290 832 800 546 234 167 114 653 711 577 102 1034 583 15 1010 831 228 301 42 384 364 701 354 14 808 217 286 65 941 429 424 547 235 568 845 552 12 44 237 121 841 836 1019 494 570 176 851 518 187 94 920 730 1003 455 484 183 1030 343 843 635 216 485 786 489 903 3 246 458 304 537 1037 785 548 332 881 227 722 669 847 519 1003 97 528 859 108 619 955 702 748 0 256 554 378 557 674 953 209 348 670 955 712 7 504 604 973 623 304 813 630 318 487 282 389 1011 968
952 713 374 835 205 564 434 923 808 346 627 242 265 488 873 522 555 609 430 272 719 867 597 180 435 453 257 676 734 408 606 230 335 226 693 727 932 192 4 251 804 1025 532 731 424 654 939 890 978 1036 755 920 946 241 959 61 841 1002 81 455 232 868 51 343 628 564 689 13 226 756 328 178 714 681 461 164 86 761 793 219 287 449 600 604 83 899 917 1040 894 221 245 612 516 203 551 211 23 752 494 177 707 148 328 520 267 854 275 3 744 662 25 541 470 1021 570 750 1021 465 738 650 928 210 986 544 702 0 909 785 777 288 11 618 769 612 409 626 218 276 804 763 148 802 935 115 774 885 26 266 1029 517
86 1020 388 365 169 378 608 253 119 690 155 875 960 551 21 306 301 782 988 559 812 246 64 25 875 313 581 522 918 140 805 692 486 422 550 929 886 953 537 1021 291 275 510 700 150 800 243 831 123 665 922 633 11 186 942 1022 229 206 24 42 630 415 395 837 149 341 316 401 239 957 817 859 85 35 642 962 221 776 482 469 648 890 1043 718 231 344 647 583 41 78 101 63 963 368 511 801 617 339 272 379 689 997 595 149 878 153 289 470 521 38 8 226 448 414 574 763 657 121 295 749 843 187 239 31 60 8 0 602 141 587 506 258 433 187 655 710 809 398 252 331 861 356 35 714 879 990 338 603 142 867
533 872 837 560 438 563 58 929 807 948 208 574 754 839 114 610 715 851 829 118 923 1040 554 437 880 502 685 779 990 701 331 531 103 399 782 32 932 311 247 679 741 602 126 827 392 46 985 366 233 573 494 630 903 207 664 358 653 608 685 391 511 740 728 395 969 570 1045 603 123 659 877 577 423 727 508 148 172 465 915 415 849 737 742 746 280 254 796 576 649 322 738 1038 512 360 644 1003 409 740 466 227 940 174 291 26 403 386 240 547 138 797 437 703 740 355 269 234 831 506 938 568 174 220 680 57 551 892 943 0 540 644 274 1015 31 161 272 5 2 786 95 648 857 689 807 482 668 779 844 629 228 609
370 1003 257 50 563 852 216 747 176 904 972 873 761 901 292 223 205 843 811 620 740 6 62 607 18 223 549 834 157 7 35 288 416 414 483 811 438 824 116 123 603 206 88 951 896 130 962 906 165 799 848 673 562 675 123 671 839 676 588 471 709 505 565 475 299 190 124 860 995 982 963 469 665 32 446 499 396 310 176 286 772 61 61 365 806 81 958 706 679 586 56 695 383 76 968 625 274 767 601 345 449 794 734 430 640 352 148 917 4 198 911 1021 488 231 340 177 243 220 684 585 162 597 758 841 992 153 644 605 0 60 832 70 356 582 267 560 339 1035 171 624 945 178 603 604 888 395 52 90 549 391
682 136 605 281 418 966 125 321 419 943 71 958 579 363 839 645 473 254 1014 261 209 184 583 1025 20 228 938 795 525 586 247 352 749 448 1039 865 720 272 416 197 1009 806 165 942 946 934 1016 157 641 972 882 556 1028 766 422 375 485 136 530 92 911 484 982 7 456 472 615 246 272 310 680 388 375 122 494 806 688 448 534 122 978 697 714 846 404 985 606 269 71 568 944 154 46 824 791 324 1031 511 128 81 982 599 571 998 924 353 856 476 16 310 696 275 793 129 498 561 438 43 778 572 921 768 94 378 968 443 384 982 508 0 459 415 153 217 654 1036 20 143 589 484 788 105 600 53 106 969 122 516 976 973
982 122 767 975 72 693 207 387 478 7 463 805 986 572 316 448 849 496 767 12 773 998 381 974 676 580 826 613 100 81 907 76 131 576 971 436 946 272 1041 863 693 983 271 316 609 90 940 368 283 524 1001 492 611 128 227 594 839 958 426 465 216 162 511 181 896 816 93 217 543 659 336 15 254 707 373 820 786 786 360 231 238 99 293 263 240 2 953 277 916 705 821 451 642 699 1030 490 92 787 726 375 1004 169 659 68 638 512 515 615 364 648 80 376 218 767 387 149 669 249 563 275 472 589 102 109 564 807 625 95 301 596 0 789 296 658 547 375 966 365 434 18 876 821 381 908 112 855 618 268 258 825
843 348 295 64 476 673 656 622 331 478 751 994 513 245 613 437 314 210 81 938 157 863 736 1034 136 883 540 674 44 839 709 541 362 817 659 962 295 88 531 141 533 954 693 497 644 870 142 211 799 508 444 851 947 844 22 209 61 684 230 546 839 277 816 667 975 814 1007 880 622 133 154 46 909 26 420 159 1018 754 186 328 946 447 794 883 580 228 151 886 253 123 280 190 434 458 414 368 150 71 81 533 515 56 605 108 294 551 189 18 350 140 64 377 778 170 521 533 869 1009 574 800 137 1003 682 428 723 791 323 484 429 573 707 0 896 209 867 709 300 878 8 361 1029 697 543 121 997 564 151 68 450 73
589 685 196 319 118 845 753 116 885 391 68 566 711 774 362 129 521 798 883 56 324 731 232 14 169 30 556 891 717 840 414 740 730 355 251 701 401 688 1035 228 137 414 547 66 39 555 296 75 992 74 743 855 32 610 824 971 135 604 965 376 47 4 673 240 831 986 556 458 174 7 663 469 572 220 224 512 171 919 244 837 197 661 800 819 23 343 717 788 591 37 623 212 256 126 228 723 291 971 176 18 102 550 98 861 509 62 700 19 362 183 937 341 173 505 894 547 327 297 794 623 761 583 59 301 944 73 355 601 87 90 852 939 0 12 691 352 636 773 992 676 14 219 327 660 553 770 760 339 105 872
75 859 400 217 91 367 479 284 651 630 539 312 819 939 364 468 278 311 183 17 588 799 825 961 711 550 1043 1008 747 955 151 382 350 198 46 252 442 61 223 302 760 395 355 911 990 988 623 990 917 727 465 362 148 247 260 269 617 75 910 892 243 23 32 117 62 628 1003 130 269 629 220 660 550 952 385 921 329 906 934 858 793 411 865 628 155 55 304 66 704 907 877 168 596 148 249 969 1033 341 179 502 646 746 685 650 273 63 654 678 810 354 764 190 13 871 827 633 919 747 640 154 327 957 148 313 964 1045 744 74 526 287 766 211 590 0 662 362 579 698 329 63 871 423 289 643 188 526 221 262 724 778
1011 50 61 280 962 331 244 326 595 444 512 927 706 546 610 966 594 306 901 87 4 782 442 909 984 497 843 692 9 696 736 968 548 988 892 274 804 1016 972 296 43 526 400 865 96 997 420 363 849 408 8 227 40 471 173 426 629 823 30 386 343 652 162 895 432 948 1001 773 990 366 33 136 878 663 475 226 528 674 265 158 478 105 719 628 398 250 1002 1030 179 605 348 71 526 870 530 947 200 121 166 135 732 729 791 580 2 46 19 840 717 986 297 123 960 1017 811 34 577 766 631 549 640 317 870 108 869 930 263 870 913 504 564 745 814 786 0 508 994 999 637 504 449 745 90 70 1013 968 837 795 208 412
742 95 870 876 809 1 1025 60 533 209 155 635 506 359 210 718 260 82 110 752 423 9 102 848 822 1031 904 835 705 268 258 1045 108 548 794 974 907 858 553 804 225 941 1023 305 595 562 1038 945 925 623 474 64 543 480 486 382 777 765 512 77 821 766 564 226 882 999 419 376 409 77 281 948 640 458 524 131 775 780 789 95 959 993 156 212 717 429 912 658 875 938 263 874 282 599 233 556 227 923 804 802 283 179 934 71 972 157 857 1007 852 609 1003 872 30 338 635 333 137 230 231 464 354 531 289 807 744 1019 10 966 883 87 475 223 116 754 802 0 877 675 52 1025 237 671 192 106 626 268 113 138 763 150
904 774 674 762 588 1031 651 512 809 996 887 699 563 1002 470 438 938 880 920 882 585 513 252 1045 195 1029 883 343 711 370 517 340 778 677 546 1031 614 526 458 243 741 963 574 843 223 669 67 865 358 628 644 1045 199 790 399 490 362 46 403 568 247 75 68 225 258 530 755 817 477 1038 42 1036 709 47 1026 471 910 649 512 244 310 434 405 1033 142 906 327 443 601 179 20 520 469 625 704 436 290 649 504 298 832 683 384 75 182 627 94 599 206 188 632 879 906 836 199 492 196 207 844 834 565 366 608 918 930 312 1027 173 913 342 56 868 1026 346 174 640 0 142 566 497 819 72 75 385 244 124 85 767 28 775
67 453 305 291 672 46 738 118 16 378 31 276 856 520 940 209 360 378 199 967 257 294 129 148 208 936 153 951 184 505 713 460 211 540 167 107 183 769 803 745 198 71 1033 358 871 278 691 782 960 794 186 813 312 144 999 37 1003 18 770 70 847 364 369 213 518 1037 915 814 804 1029 32 853 931 34 701 285 448 379 824 395 854 436 60 345 715 789 272 965 156 234 582 988 570 922 672 644 995 272 893 589 781 122 626 269 106 449 109 236 1014 1037 677 567 23 713 736 86 957 784 475 121 141 1033 360 778 160 169 811 681 825 377 50 855 206 674 701 979 639 0 770 1035 110 366 636 811 523 798 160 200 748 944
838 169 980 696 487 580 269 713 377 852 974 109 762 668 714 790 732 941 319 72 620 720 788 43 62 842 1006 448 94 592 928 301 162 359 53 800 730 973 404 324 620 815 966 933 547 130 412 940 161 740 194 565 138 215 699 952 155 619 953 474 645 857 483 15 605 151 963 461 958 105 94 817 343 2 956 368 771 235 100 384 652 167 317 359 100 2 472 693 1008 687 685 725 706 109 237 228 66 700 116 861 806 381 715 393 201 593 106 6 651 260 138 251 844 788 73 341 389 457 254 499 665 985 720 383 280 474 647 700 421 1029 14 263 307 914 889 693 19 6 0 20 138 326 387 92 676 940 99 269 918 589
617 1007 614 623 424 208 923 393 635 505 197 411 858 577 575 727 802 549 6 849 68 538 70 958 67 435 2 530 792 863 619 218 157 796 909 152 850 976 684 1025 88 931 45 337 453 25 62 815 588 397 910 359 418 161 797 130 892 985 954 905 242 731 191 429 1033 877 536 204 55 137 374 944 140 532 844 519 648 933 1017 305 923 591 236 227 77 673 292 412 522 1027 935 108 291 351 8 715 900 1032 732 565 800 427 131 72 663 170 193 173 601 445 1043 973 730 309 791 348 710 463 172 256 1020 59 363 859 237 327 144 450 926 995 27 828 861 585 852 901 790 714 519 0 271 86 450 210 921 764 358 562 378 506
973 760 308 505 313 690 19 640 401 660 662 23 487 478 954 1034 301 390 463 91 108 233 109 139 873 365 748 101 151 262 866 283 358 284 971 415 546 700 209 361 872 878 169 233 50 111 877 710 617 69 638 633 986 726 481 636 15 361 356 685 1025 526 395 877 1026 109 601 694 948 553 60 146 286 460 799 70 349 24 912 873 294 598 87 681 289 96 704 189 451 270 251 994 721 146 271 133 29 593 660 314 899 18 573 716 198 960 330 811 605 589 513 133 202 873 557 546 787 407 89 675 1010 704 104 517 183 1032 706 676 1012 237 695 889 410 637 987 77 461 331 786 227 0 715 554 873 964 725 645 78 994 338
824 265 401 456 766 656 470 993 1016 730 208 475 943 707 931 852 924 616 578 973 244 832 15 904 248 843 869 547 403 831 683 470 856 776 875 479 385 638 688 605 913 610 588 710 977 23 435 710 593 234 78 624 267 515 992 480 561 569 599 300 735 755 660 911 9 980 827 666 385 250 944 312 597 796 941 4 73 35 209 506 461 917 261 649 211 922 527 471 976 37 421 693 1026 100 463 336 991 1027 664 758 154 113 415 1038 847 342 589 0 732 793 938 647 474 990 560 168 223 794 521 298 514 900 810 892 601 212 564 105 542 333 843 272 278 706 776 252 851 644 448 793 746 0 492 39 634 166 832 779 878 617
699 332 652 220 194 731 95 40 639 905 120 763 357 995 912 588 807 312 329 805 150 850 954 208 314 347 393 365 219 688 248 943 635 754 16 533 6 862 642 238 624 638 25 369 778 578 260 757 20 671 1046 785 851 893 287 354 40 30 161 1039 330 180 925 260 827 469 1027 346 955 683 932 994 108 71 28 361 178 134 332 758 930 863 201 981 828 1029 508 549 418 902 725 542 560 536 426 530 937 934 983 674 242 641 403 98 1 409 826 735 420 809 973 823 812 313 169 294 499 923 526 924 994 63 104 1023 171 68 19 1020 843 914 931 135 255 912 15 849 816 57 120 745 689 726 0 875 372 907 981 598 32 162
320 379 939 143 426 74 487 333 447 731 632 203 792 687 296 471 847 480 138 888 552 197 786 57 912 405 526 233 271 687 654 269 609 329 586 607 673 303 396 208 996 722 28 323 956 463 933 744 243 532 585 874 560 1015 629 890 969 899 53 585 559 141 180 120 1022 703 546 939 880 920 421 1001 1031 1039 835 352 448 366 646 743 646 788 136 155 199 542 514 938 514 496 113 226 855 623 789 0 699 236 983 907 328 702 523 900 175 182 563 738 479 39 748 631 258 144 911 169 83 668 423 213 978 430 443 464 936 981 628 566 1041 548 717 772 556 143 552 465 52 649 579 295 772 855 31 0 312 869 526 56 1042 431
993 273 870 404 983 795 865 1022 91 779 826 482 593 364 441 189 308 79 45 649 56 665 570 783 430 175 726 252 755 366 676 57 227 307 696 508 794 127 436 1028 862 107 1021 696 168 530 208 791 409 253 885 727 416 438 367 295 27 735 562 875 623 285 981 152 910 10 914 361 371 737 534 527 322 559 364 754 165 1005 115 157 423 273 80 896 1046 798 729 149 941 148 63 317 664 242 594 851 409 234 147 1027 760 703 162 359 748 406 711 957 1006 672 713 104 756 675 920 347 887 235 732 679 556 400 100 675 266 1000 132 189 610 714 210 139 232 818 877 807 47 284 58 807 72 838 57 790 0 156 544 499 649 401
217 777 706 377 303 820 544 823 546 121 897 677 337 870 967 828 968 333 655 519 472 437 418 138 52 646 258 249 744 87 883 485 557 907 475 749 289 227 398 393 955 486 919 341 281 1014 712 526 677 193 968 295 486 701 631 240 736 638 767 993 774 901 516 81 508 347 568 681 897 660 515 13 124 278 762 343 393 847 199 754 1027 638 450 455 765 481 311 384 1003 870 757 635 51 984 1044 894 463 681 528 473 528 895 125 599 57 563 1025 614 860 349 157 582 898 699 332 367 475 555 24 159 188 905 552 412 601 216 213 673 158 675 127 539 755 671 652 780 717 89 171 904 857 981 865 394 127 0 266 793 226 496
229 109 130 801 777 208 355 502 303 628 921 0 697 352 1023 244 772 689 63 473 626 928 934 316 738 15 956 199 656 750 266 460 108 168 758 278 684 199 993 82 779 916 713 250 941 88 29 614 637 268 264 468 892 184 419 821 135 939 751 27 309 202 530 832 92 590 726 287 967 981 79 423 912 865 877 22 311 794 1022 124 433 663 120 907 815 548 66 904 698 774 555 885 273 830 271 886 336 979 385 880 760 1027 753 198 828 337 542 825 820 154 889 546 128 98 1040 843 21 109 558 275 710 279 246 227 470 827 359 568 413 953 994 13 63 630 896 573 530 825 605 1024 460 415 244 355 311 254 0 219 703 721
386 547 959 735 881 133 712 529 872 546 38 108 339 172 795 207 156 233 887 940 667 641 420 360 904 475 918 466 112 881 892 50 159 284 396 1033 345 533 333 29 33 778 865 314 235 795 262 884 145 1030 337 83 983 875 414 847 168 729 399 528 538 583 565 995 678 740 170 373 938 898 110 42 908 696 10 349 315 813 86 858 147 563 33 303 735 878 381 0 1026 19 664 940 88 670 585 331 581 573 526 167 342 427 576 187 824 52 14 655 532 863 795 592 751 494 769 325 999 977 869 867 965 469 794 286 828 927 157 689 660 63 183 218 249 400 823 933 665 579 997 353 973 327 834 279 913 280 45 0 191 76
313 310 354 747 1027 71 451 745 806 573 43 104 44 637 790 734 56 268 617 375 64 339 1044 739 344 904 111 404 1031 962 880 943 668 216 147 866 587 424 662 540 213 103 848 34 850 315 263 116 990 96 45 90 550 763 928 419 594 652 487 921 923 46 105 709 26 367 661 30 308 366 54 402 258 388 333 740 282 914 232 813 834 26 840 432 1019 838 756 387 595 276 441 353 912 147 472 876 624 439 317 937 312 33 1031 45 629 463 647 458 717 704 448 623 609 875 924 506 924 631 1027 315 155 102 1018 241 573 402 464 633 719 212 829 540 8 236 488 69 241 57 412 944 672 1029 468 160 116 496 285 626 0 340
2 966 637 271 648 417 952 841 677 717 557 124 39 728 23 107 314 3 816 749 827 304 815 246 936 864 687 396 4 316 884 539 42 884 2 545 1011 918 927 754 924 48 260 315 326 98 876 467 840 1045 963 308 960 281 994 713 634 782 432 625 257 194 950 945 573 779 1007 339 372 854 602 807 965 254 46 122 703 55 856 1036 983 554 436 662 334 635 268 952 375 959 717 787 8 637 179 111 48 611 697 496 401 371 280 251 738 646 689 837 484 750 507 844 324 961 308 741 121 21 45 420 212 1007 656 859 567 212 939 600 996 773 869 861 382 490 441 209 811 647 734 892 759 549 410 670 150 158 80 1019 115 0
