150
7 0
9 4
10 21
6 20
8 47
4 35
8 29
5 72
8 83
7 53
10 47
5 114
7 121
2 136
2 111
3 105
9 78
2 133
2 76
10 149
9 163
7 96
6 210
7 93
8 204
7 282
8 116
7 276
8 246
2 297
4 183
2 161
7 294
2 246
7 375
5 386
4 202
2 264
6 272
8 440
5 414
3 364
2 415
10 391
10 176
9 203
10 372
8 451
9 285
10 500
5 347
7 243
4 425
10 551
2 573
2 460
6 344
6 491
7 254
10 608
7 579
10 587
2 637
10 255
8 764
5 370
2 617
10 403
5 424
6 807
6 482
9 300
5 595
6 676
6 793
4 368
3 708
3 590
2 826
10 353
10 956
3 633
5 632
3 654
2 638
3 573
10 386
4 1033
7 740
7 534
4 1012
10 1080
4 603
2 786
10 770
10 645
5 1008
10 561
7 611
6 947
4 501
2 855
2 720
7 936
5 1042
7 615
10 632
6 847
6 1157
8 1034
5 496
5 1115
9 921
8 766
7 562
8 541
9 1181
4 1124
10 1347
4 1337
9 1093
10 1303
3 866
9 641
10 1021
2 1490
8 1084
2 1302
9 812
3 610
7 1227
2 599
3 948
7 1065
7 895
6 1294
10 1240
4 704
10 561
4 787
8 959
3 1598
7 1392
7 1407
7 1242
10 1134
2 876
4 1576
4 1001
10 1346
0 0 2 1 2 1 0 4 3 0 0 2 1 1 0 0 3 1 0 4 0 2 4 4 0 0 1 4 2 3 1 2 0 3 0 3 1 0 2 0 2 2 4 3 0 4 4 3 3 4 2 3 1 4 2 3 4 0 2 4 1 0 1 1 1 1 4 2 3 3 4 1 2 4 1 2 0 0 3 3 1 0 1 4 1 0 0 1 1 4 0 2 0 3 3 3 4 0 0 2 0 2 0 3 1 2 2 1 4 0 2 1 3 3 2 4 1 2 0 2 2 2 1 4 0 1 2 1 1 4 1 4 1 1 2 4 0 4 3 0 2 0 3 0 0 2 4 1 2 2 
0 0 1 4 1 0 2 3 4 0 1 3 1 0 2 0 4 3 2 1 1 4 3 3 4 3 4 2 4 2 4 1 3 0 3 4 2 0 4 1 0 3 1 4 3 0 4 0 4 1 1 0 1 1 1 0 4 0 4 3 4 0 2 2 2 0 4 4 0 0 0 2 3 4 1 4 4 2 4 3 1 2 1 4 3 2 1 4 4 1 4 3 1 3 1 1 3 2 0 0 2 3 3 1 2 1 0 1 4 1 2 0 0 0 1 0 2 2 1 3 0 0 1 2 4 4 3 4 1 0 0 1 3 3 2 2 4 4 1 0 2 3 2 2 0 3 4 2 1 0 
0 1 0 0 3 0 1 3 0 1 1 3 3 2 1 1 1 1 2 2 2 3 4 2 2 3 2 1 4 1 4 4 3 2 2 1 0 3 1 0 1 3 0 1 2 4 2 4 0 2 3 4 2 0 1 4 0 0 2 0 3 1 4 1 1 1 2 1 2 4 3 0 4 4 2 1 3 4 2 3 3 1 2 0 1 0 0 1 2 4 1 0 3 3 1 4 4 0 0 1 1 3 2 2 2 4 1 2 0 3 2 4 1 4 4 4 1 1 3 0 1 1 0 1 4 3 0 4 1 0 0 4 0 4 2 0 3 3 2 1 3 0 0 0 1 1 1 0 0 4 
0 3 1 0 3 4 0 3 4 4 1 1 2 1 1 1 0 1 2 0 1 0 3 1 0 0 4 3 2 1 0 1 2 3 2 2 2 0 2 3 4 4 4 3 2 3 2 4 1 4 4 2 1 4 0 1 0 2 1 4 3 2 2 2 2 2 4 2 2 2 0 3 3 2 2 2 2 4 1 3 0 0 1 1 1 3 4 1 0 0 2 1 4 0 3 2 2 3 4 1 2 1 4 2 0 1 4 2 0 2 1 0 4 4 1 0 2 2 4 0 3 1 1 4 3 4 1 2 4 2 3 3 1 3 2 1 4 1 4 2 3 0 4 4 1 3 0 0 0 4 
2 0 2 3 0 0 1 0 3 3 1 3 4 2 4 2 4 0 3 3 4 0 3 1 0 3 4 3 3 0 3 4 2 4 1 3 1 4 0 4 3 3 2 4 0 3 1 2 4 4 0 0 2 3 4 2 1 3 2 1 0 0 0 3 1 2 3 4 3 0 4 1 3 3 2 1 2 3 3 3 0 3 0 2 3 4 1 2 0 3 3 0 0 4 0 4 3 3 3 1 3 4 0 4 0 2 2 2 3 0 2 3 0 2 2 3 2 3 0 4 1 1 4 1 2 0 0 0 0 1 3 1 0 0 2 0 0 4 4 3 4 1 3 1 1 2 1 0 0 4 
4 3 0 3 1 0 2 0 4 4 3 0 4 4 2 2 1 3 2 2 2 2 3 1 2 4 2 4 0 4 1 4 3 4 1 3 0 0 4 1 1 2 1 1 3 4 3 1 4 2 3 3 4 1 4 3 2 3 2 2 2 0 4 2 4 2 1 1 3 2 3 4 4 1 2 4 2 2 0 1 4 0 0 0 3 1 3 0 2 2 4 4 2 0 4 1 0 0 0 3 2 0 4 3 1 4 2 4 1 4 0 1 1 2 1 4 4 0 1 1 2 2 2 0 0 1 3 0 3 3 0 0 3 4 3 2 3 2 1 2 3 3 3 1 1 4 2 2 1 3 
3 4 3 2 1 3 0 4 1 3 4 0 0 0 0 1 0 4 2 0 0 4 0 1 2 2 2 1 4 4 0 0 4 4 3 1 2 1 2 3 1 2 0 1 4 3 4 1 2 1 1 0 0 2 1 2 4 3 1 0 4 1 0 0 2 3 3 1 1 3 1 4 2 2 2 1 0 2 2 4 3 1 4 4 0 0 3 1 0 4 1 1 2 2 1 1 2 2 4 1 0 1 0 2 3 3 3 0 0 2 4 0 0 1 4 0 1 0 3 2 1 2 0 4 1 2 2 3 4 2 4 1 3 2 3 3 0 3 3 2 0 4 2 3 0 2 0 4 2 4 
3 3 1 3 4 4 2 0 4 2 3 1 4 4 1 1 2 4 1 0 4 0 3 3 2 1 1 1 1 0 0 2 3 1 0 1 0 4 4 1 4 2 2 3 4 3 1 1 4 2 4 3 4 2 2 1 0 0 3 3 0 3 1 3 4 1 1 2 3 0 3 2 0 3 0 4 3 1 2 3 0 3 3 4 0 2 0 2 2 0 1 2 1 4 2 2 0 4 1 3 1 0 2 1 0 2 2 0 0 2 0 2 0 4 1 3 1 4 2 4 1 3 1 2 2 4 0 0 0 1 0 1 3 3 3 0 2 2 1 3 1 3 0 2 2 4 2 4 0 4 
0 1 0 3 1 2 4 3 0 4 4 4 0 1 0 3 1 2 0 0 0 0 2 4 3 1 1 2 0 2 4 4 4 0 4 3 3 4 4 1 3 1 3 0 2 0 3 0 2 1 0 3 3 4 4 1 0 0 0 0 0 1 2 1 4 3 1 2 4 1 4 3 2 4 0 1 4 1 1 1 2 3 1 2 3 0 1 0 3 3 3 0 0 2 1 4 0 3 1 0 1 2 0 0 1 0 1 2 1 4 4 0 2 2 0 2 0 1 0 3 4 3 0 4 0 1 0 2 1 4 4 4 1 4 4 0 2 2 2 3 1 3 1 1 1 1 3 3 2 3 
1 3 3 3 0 0 1 0 3 0 3 1 4 4 0 4 4 0 3 1 4 3 0 3 4 1 1 2 4 4 1 0 2 0 0 0 2 1 1 4 1 1 1 0 3 1 1 4 3 1 0 2 0 2 2 1 3 3 4 0 4 0 2 1 2 2 3 1 0 2 1 3 3 4 1 1 0 4 0 0 1 3 2 1 2 0 2 1 0 3 3 0 1 0 3 0 2 2 2 0 1 0 3 4 4 4 3 1 4 0 1 0 0 0 3 0 0 2 1 3 1 1 3 2 1 3 2 0 2 1 0 3 1 1 0 2 0 0 3 1 2 1 1 0 4 1 0 4 4 3 
4 0 4 4 4 0 3 3 2 0 0 0 0 4 3 1 4 1 1 1 1 3 3 0 1 3 4 0 3 0 4 3 0 4 2 4 0 4 4 3 2 0 0 2 1 4 0 2 2 1 3 0 1 1 0 0 2 1 0 0 2 1 4 4 2 3 0 2 3 0 2 2 0 3 1 1 4 1 3 1 4 3 3 3 4 1 3 1 2 0 4 1 1 0 0 3 3 3 2 3 3 4 0 0 2 3 3 1 4 3 4 4 1 3 4 0 1 4 4 3 4 0 0 2 0 2 2 3 0 4 4 0 0 4 0 3 3 3 1 4 1 3 0 2 3 4 0 4 3 1 
4 4 1 4 3 1 4 0 1 1 1 0 0 2 2 2 2 2 0 3 0 1 1 0 2 4 3 1 1 4 2 2 4 1 0 0 2 1 4 2 4 1 1 2 0 0 4 4 4 1 2 1 2 4 2 4 0 0 3 3 2 0 0 1 3 0 1 0 3 3 0 2 1 3 1 1 3 0 0 4 1 0 0 1 1 2 2 3 0 0 1 2 2 3 0 3 3 1 3 3 4 3 2 0 3 4 3 3 4 1 2 3 1 0 1 4 4 3 2 4 1 3 3 3 1 3 1 1 2 2 1 3 2 3 1 1 4 4 4 1 0 4 4 3 4 2 2 3 0 4 
0 1 4 3 2 2 4 0 0 3 2 1 0 1 2 2 4 3 1 4 4 2 1 3 3 0 2 0 4 3 3 1 3 4 0 3 3 0 2 1 0 2 3 4 4 2 1 3 0 4 4 2 4 3 0 2 0 0 0 4 3 3 2 1 4 0 1 3 0 1 4 2 3 4 1 4 2 4 3 4 4 4 1 3 4 4 2 4 4 2 1 2 0 3 0 2 3 3 0 3 4 1 3 3 2 4 2 4 1 2 1 0 2 4 0 3 3 2 3 2 2 4 1 4 2 3 1 3 2 3 3 1 4 1 1 4 3 4 3 4 1 1 1 0 1 1 4 4 0 4 
4 2 3 2 4 2 3 0 0 0 1 4 3 0 2 0 0 1 3 1 2 2 4 3 3 0 1 1 1 1 2 0 2 1 0 1 0 2 4 3 3 1 1 4 2 3 1 2 2 0 0 4 4 4 2 0 4 4 1 2 2 0 4 1 4 4 2 1 2 4 1 2 0 2 3 2 3 4 1 0 1 1 4 1 3 3 3 4 4 1 2 3 2 1 1 1 3 1 4 2 0 1 1 2 3 4 2 1 3 0 3 0 4 2 3 2 3 1 1 2 2 0 3 1 4 4 4 2 0 4 4 2 0 0 0 0 1 4 2 4 4 0 1 3 0 1 2 3 4 4 
2 4 1 0 0 0 2 2 2 2 1 3 0 3 0 0 2 3 1 1 2 3 0 0 4 1 0 3 3 0 4 4 4 3 1 0 1 1 2 3 1 1 4 4 3 2 0 0 2 1 1 0 4 4 0 1 2 0 1 0 2 0 0 1 4 1 3 0 2 2 0 3 1 4 0 4 3 0 0 0 3 3 0 3 4 2 1 1 4 2 4 1 2 4 0 3 2 3 3 1 3 0 2 4 1 2 3 4 4 0 2 2 1 4 2 2 2 3 4 3 2 0 0 2 1 0 0 3 0 1 1 3 1 3 4 3 2 0 4 1 0 1 1 3 3 0 1 2 1 2 
0 3 2 2 0 3 2 1 3 0 4 4 0 0 3 0 0 3 2 0 3 4 2 1 2 3 4 2 4 3 3 1 4 4 0 1 1 0 1 4 3 3 3 2 3 4 2 0 2 0 2 2 1 2 4 3 0 0 2 4 4 3 2 0 2 2 3 3 2 1 0 2 4 3 4 0 2 2 0 2 4 0 4 0 2 3 0 4 1 2 3 0 0 2 0 2 1 3 3 0 0 3 2 1 3 1 1 1 0 4 0 1 4 4 1 3 0 1 2 1 1 0 3 1 4 3 1 0 3 1 0 0 4 2 2 2 0 3 0 3 2 0 1 3 2 3 1 4 1 3 
2 2 0 2 1 4 2 2 1 0 3 1 3 4 0 0 0 3 3 0 4 3 0 1 4 3 0 4 0 1 1 0 3 0 1 2 1 2 4 0 4 0 3 0 3 4 3 0 3 1 0 2 1 0 0 0 1 1 0 1 2 3 3 3 0 4 0 2 4 0 4 3 2 3 0 0 2 3 2 0 1 2 4 2 0 0 0 1 1 0 4 0 0 2 3 0 4 1 4 3 1 4 3 3 4 3 0 3 4 2 1 0 4 0 0 1 2 0 2 0 2 1 1 4 1 1 4 0 2 1 0 0 2 3 3 1 3 3 1 2 2 2 0 4 0 0 0 4 2 0 
0 1 3 3 0 4 1 1 1 4 4 3 4 1 1 0 2 0 2 0 1 4 3 3 4 4 0 1 4 0 0 1 2 1 0 0 3 4 3 2 3 4 1 1 1 3 0 1 2 2 3 3 3 3 4 3 2 4 1 4 1 2 0 3 3 0 0 4 2 4 1 2 3 2 0 4 0 0 2 0 4 1 3 3 4 2 3 4 4 4 3 0 1 3 1 2 1 3 1 0 2 2 2 3 1 2 4 2 0 2 4 1 0 2 1 4 2 1 3 3 1 3 0 4 4 1 3 2 0 1 2 4 0 1 4 2 0 4 1 2 3 0 4 3 4 2 4 3 4 0 
1 2 3 4 3 2 0 4 4 2 0 3 4 1 4 3 0 2 0 4 3 4 2 3 3 0 4 1 0 3 2 0 1 4 3 0 2 3 3 1 4 2 4 3 1 2 4 2 2 1 1 0 1 4 0 1 4 4 4 1 4 1 3 3 2 4 3 2 2 3 3 3 1 4 1 4 1 3 1 0 4 0 2 0 4 2 4 0 4 3 4 0 2 2 3 4 1 4 1 0 2 2 4 3 1 2 0 3 0 1 0 0 1 3 2 2 2 1 0 1 2 4 4 4 3 2 3 0 1 0 0 4 2 1 4 0 4 4 0 4 3 1 4 1 4 4 1 1 2 1 
0 4 0 1 3 3 0 4 0 2 1 3 3 0 4 4 0 0 1 0 1 0 4 2 1 2 3 0 3 1 3 4 3 4 1 4 0 2 0 4 2 4 0 2 4 0 4 3 2 4 4 3 4 0 2 1 3 0 3 1 2 3 3 0 3 4 2 3 3 2 4 1 1 4 0 0 1 4 3 3 4 0 4 3 2 1 1 0 4 2 4 3 0 4 3 0 0 0 0 4 4 4 2 0 0 2 2 3 2 3 2 3 3 3 1 2 4 0 0 3 4 4 3 1 0 2 2 0 4 4 4 1 4 1 3 1 1 1 0 3 4 4 1 4 2 4 1 3 1 1 
4 0 2 2 2 4 1 1 0 3 0 4 4 1 3 4 3 4 0 0 0 2 4 4 0 0 3 1 2 3 3 0 2 0 0 2 2 4 0 0 4 0 1 1 1 2 4 1 2 3 1 2 2 3 3 4 3 3 0 2 2 0 3 1 1 0 0 0 1 1 3 3 1 4 1 3 3 0 4 3 0 2 0 4 0 1 3 4 4 0 1 3 3 1 2 1 3 2 3 0 0 1 0 2 2 1 2 3 1 3 1 3 0 3 2 1 4 2 0 1 4 3 1 2 0 3 0 3 1 4 0 1 0 0 0 3 1 2 1 4 0 4 4 1 2 3 4 4 2 4 
2 2 2 3 1 4 2 2 0 0 1 2 1 3 3 4 3 1 1 1 3 0 4 0 2 2 0 3 1 4 0 2 1 4 1 1 1 1 3 0 3 3 3 0 2 1 0 1 2 4 4 0 2 3 1 1 2 3 4 3 4 2 0 2 1 4 3 4 2 4 4 0 4 2 2 1 1 0 4 3 4 4 3 3 4 1 1 2 1 3 0 0 0 3 2 3 4 3 3 1 2 2 3 1 2 0 3 3 2 4 3 1 3 3 1 3 2 3 2 3 3 2 1 0 2 3 3 1 1 1 4 0 4 2 2 1 0 2 1 2 1 4 4 2 4 2 2 1 2 4 
2 0 3 3 0 3 1 4 4 0 2 1 0 3 3 4 4 3 1 2 1 0 0 3 2 4 3 4 1 4 2 0 1 4 0 1 0 3 3 1 0 0 3 1 2 2 4 4 3 3 0 3 1 2 1 3 1 4 2 4 1 1 4 4 1 2 1 3 0 4 1 0 1 1 1 0 3 3 4 4 3 2 2 4 4 3 2 3 0 1 2 1 0 4 0 1 1 1 1 1 2 2 4 0 3 2 1 4 0 2 0 3 4 4 4 1 4 3 1 4 2 3 2 2 4 3 0 0 1 1 4 1 0 0 1 3 2 4 4 0 2 4 0 1 3 0 4 3 3 0 
4 2 1 2 4 0 2 4 3 3 2 4 4 2 1 3 3 3 2 2 3 1 2 0 1 0 2 1 4 2 1 2 2 4 3 4 0 0 3 0 0 1 2 1 3 2 2 1 0 3 0 2 1 2 1 4 4 1 0 3 3 4 2 0 0 0 1 0 3 4 2 3 3 2 2 1 4 4 4 4 2 1 3 1 0 2 0 4 3 3 0 1 2 2 4 2 3 2 4 3 4 2 3 2 4 0 0 3 2 1 4 4 2 4 2 3 1 3 4 4 1 4 3 0 2 2 4 2 1 3 2 0 2 0 2 1 1 4 1 3 0 2 4 3 2 2 3 0 2 4 
0 0 4 0 0 3 4 1 2 0 1 4 1 4 1 3 0 2 0 4 2 0 1 4 0 0 0 1 0 1 0 0 3 0 1 0 2 1 4 3 3 4 4 4 0 3 0 1 1 0 1 2 4 3 0 3 4 3 1 4 4 1 1 4 3 2 4 0 3 0 3 3 4 0 4 0 0 2 3 3 2 1 0 3 4 3 4 3 1 0 3 0 4 1 1 2 4 2 3 4 2 3 0 1 0 4 3 1 1 3 1 0 4 2 4 4 0 0 2 1 0 2 3 4 4 1 4 0 0 2 4 2 2 4 0 3 1 1 1 4 4 2 0 1 1 1 0 3 1 4 
1 3 2 1 0 3 2 4 0 4 3 4 3 0 1 1 0 4 2 1 3 3 1 0 4 0 2 1 1 3 4 1 4 3 0 1 0 3 0 4 3 0 4 4 3 4 2 4 2 1 3 0 0 4 1 0 0 1 4 2 4 0 3 0 0 3 1 0 1 2 1 1 4 0 2 4 2 0 1 4 1 1 1 3 0 0 1 1 1 2 3 2 2 1 2 3 1 4 0 4 3 2 0 4 2 2 3 4 4 4 0 3 3 2 1 3 2 2 1 0 1 4 4 4 2 1 4 3 2 4 2 2 1 4 1 1 4 2 0 3 3 3 1 1 2 3 2 1 2 3 
1 4 3 0 0 2 3 4 1 3 0 0 0 2 0 4 0 4 3 2 2 1 0 1 0 2 0 1 2 0 0 0 1 1 0 3 1 3 4 2 4 2 3 4 4 2 4 3 2 0 1 1 0 0 2 1 0 1 2 2 2 2 2 0 4 0 1 2 3 0 0 2 4 0 3 3 4 0 4 3 0 0 4 0 2 3 3 2 2 2 1 1 0 1 1 1 1 2 3 4 4 0 3 3 2 1 4 3 3 3 1 1 3 3 3 3 3 2 0 0 4 4 1 1 0 0 2 1 4 3 2 4 0 0 4 0 3 3 3 4 1 2 0 2 2 3 0 0 0 2 
1 0 3 4 3 3 4 1 1 4 1 0 0 1 0 4 3 1 0 2 0 1 1 0 0 3 0 0 2 3 1 2 1 3 0 1 1 4 2 4 2 1 0 3 1 4 0 3 2 3 0 1 3 3 4 0 4 2 3 3 3 4 0 1 4 1 2 2 2 0 2 4 3 4 2 2 3 0 2 3 3 2 1 4 0 1 1 1 0 4 0 0 0 0 2 4 1 1 2 3 3 1 0 4 0 2 1 4 4 3 4 3 2 2 2 2 0 3 1 1 0 1 3 0 1 2 0 0 4 4 0 4 0 0 3 0 0 4 1 4 4 2 2 1 0 4 1 0 0 2 
3 2 3 4 2 1 1 4 1 0 0 2 2 0 4 0 3 4 2 1 4 1 4 1 0 1 3 3 0 3 0 0 2 2 0 1 1 3 4 1 2 0 1 4 4 4 3 4 2 3 1 3 4 0 4 0 2 0 3 0 4 0 2 3 2 4 1 4 2 0 2 4 2 3 0 1 2 1 3 1 1 1 2 0 3 1 0 0 4 1 2 0 3 4 3 1 3 1 2 3 3 4 2 1 4 0 4 4 1 2 0 2 1 2 4 4 4 1 0 3 2 4 0 1 4 0 4 4 1 1 4 4 2 2 2 1 4 2 0 0 1 3 4 2 0 3 2 1 4 2 
1 4 3 1 2 2 1 1 4 2 4 3 4 3 2 1 4 1 3 2 3 0 2 2 4 2 2 1 1 0 2 0 2 1 4 4 0 3 2 1 2 2 2 3 1 0 2 4 1 1 0 3 4 2 2 4 1 0 1 3 1 0 3 0 3 4 1 3 3 4 4 2 1 3 0 4 3 3 0 0 1 0 0 0 2 3 4 1 0 3 4 3 3 4 3 2 4 0 0 4 4 2 1 2 0 2 3 1 2 3 1 3 1 3 0 0 1 2 1 3 0 2 1 0 4 0 4 0 0 0 4 1 4 0 0 1 4 3 2 3 3 0 3 1 4 4 2 2 1 0 
1 3 3 2 0 4 4 0 4 4 2 0 2 1 2 2 4 4 2 4 2 3 1 1 4 0 2 3 0 0 0 4 3 0 4 2 0 3 2 0 4 3 2 1 1 0 3 0 0 4 0 1 2 0 2 0 1 0 2 0 0 4 1 0 4 0 2 4 0 4 2 1 3 4 4 4 0 2 1 2 2 1 3 1 3 0 3 0 0 2 0 2 1 3 2 2 3 0 1 0 1 3 3 4 0 2 0 0 1 2 2 0 0 2 1 4 2 1 1 0 3 3 4 4 1 4 1 1 4 0 3 2 0 1 2 0 3 2 2 1 1 1 2 4 3 0 0 3 2 1 
0 0 1 4 0 2 3 3 3 4 3 3 2 1 4 1 1 4 0 1 0 2 2 2 3 1 0 3 1 2 1 0 1 4 2 2 1 1 3 0 1 2 0 4 1 1 0 4 0 4 0 1 4 4 3 4 2 1 1 2 4 0 0 0 4 4 0 1 0 3 3 1 2 0 2 4 2 2 3 4 1 0 0 2 4 0 3 3 4 1 0 3 1 2 1 1 1 1 4 1 4 2 4 3 2 3 2 1 0 3 0 3 0 2 3 0 3 3 3 4 0 1 2 1 3 0 2 2 3 1 3 4 0 0 3 3 3 2 4 1 0 2 4 1 4 4 3 4 3 3 
3 3 1 3 4 2 0 4 4 4 2 4 3 3 4 1 1 0 4 2 1 1 4 2 4 1 2 2 0 2 3 1 0 0 4 4 1 1 1 0 2 0 0 2 4 3 1 0 1 3 1 3 4 3 0 4 2 1 3 2 3 0 2 4 0 1 0 3 0 2 4 4 2 4 1 3 4 0 1 0 3 2 0 0 0 0 4 0 3 2 4 2 2 1 3 4 4 4 2 4 1 3 4 0 4 2 4 3 2 2 0 3 4 1 3 2 1 4 2 2 3 3 4 2 4 2 1 3 3 0 0 1 4 1 2 0 3 3 4 3 0 1 1 1 2 1 3 1 0 2 
3 3 0 4 0 4 3 3 0 2 3 0 3 4 1 2 0 1 2 1 4 4 2 2 1 0 3 4 3 3 2 3 3 0 4 2 0 4 2 0 4 4 4 1 0 3 4 4 0 0 2 1 2 1 1 4 2 3 3 4 1 3 3 4 4 2 3 4 3 0 0 4 2 1 0 2 1 4 1 2 2 0 0 4 2 3 0 4 1 3 0 2 4 3 3 3 1 1 4 4 4 1 4 1 4 1 0 3 3 1 0 0 2 2 1 1 1 1 2 2 2 3 2 3 1 2 3 2 1 4 4 0 3 0 3 2 3 3 0 1 1 2 3 0 2 1 1 0 0 4 
4 4 4 1 2 0 1 2 0 2 1 1 4 4 1 2 4 1 0 4 3 3 4 3 4 1 2 0 1 2 1 0 3 0 0 4 2 1 0 4 3 2 0 4 1 2 2 0 1 3 2 2 3 0 1 4 4 4 1 2 0 0 3 3 3 1 2 0 4 4 1 2 1 1 3 4 0 0 1 3 0 3 1 4 3 4 0 3 4 1 2 4 3 0 4 3 3 1 0 2 0 1 1 3 4 4 4 0 1 0 3 2 3 1 3 2 1 3 2 0 1 4 1 4 1 1 2 2 4 2 4 0 0 1 0 4 2 0 4 4 0 0 1 1 1 4 0 4 2 4 
4 0 3 3 4 1 4 3 3 3 2 0 0 2 3 1 1 0 3 3 4 0 0 0 1 1 1 1 3 3 2 2 0 2 0 0 4 4 1 4 4 0 3 1 0 0 4 3 4 0 1 4 1 2 4 2 0 2 3 4 0 4 1 0 4 4 0 1 0 4 2 1 4 1 3 1 1 4 2 2 4 0 1 3 2 2 0 0 0 0 4 0 1 2 2 3 3 0 4 3 4 1 0 0 4 0 1 3 4 0 0 1 1 4 4 0 1 4 0 1 1 1 4 3 4 1 3 2 1 4 3 0 0 3 0 2 3 4 0 4 4 0 0 2 4 4 3 3 0 3 
4 4 0 0 4 1 2 2 0 0 1 3 3 3 3 0 0 3 4 0 3 1 1 0 3 2 0 3 0 2 2 2 1 4 2 0 0 2 1 2 2 4 3 3 2 2 3 2 4 2 4 0 2 2 3 2 2 2 4 1 3 2 0 2 0 4 4 1 1 3 0 0 2 4 0 4 3 4 3 2 1 2 4 0 1 2 2 4 0 4 2 0 1 2 2 3 1 3 4 4 1 0 1 3 1 2 4 4 1 3 3 4 2 0 1 4 2 0 0 4 4 2 4 2 1 3 1 4 2 0 3 0 2 1 4 3 3 3 4 1 3 0 2 1 0 3 2 4 4 4 
4 3 3 0 3 4 1 4 3 3 1 3 3 4 4 4 4 3 0 4 1 3 4 4 1 1 4 0 0 3 4 1 4 2 2 2 1 0 3 1 1 3 4 4 3 3 4 0 3 4 0 4 0 0 0 1 2 1 1 2 1 1 4 3 0 1 2 4 0 2 2 3 0 2 3 0 2 4 0 2 3 0 1 0 1 1 4 0 4 2 4 3 3 3 1 1 2 0 2 2 2 0 2 2 4 0 2 1 4 0 4 4 0 2 2 3 1 1 0 0 3 0 3 3 3 1 4 2 1 2 1 3 4 4 2 3 4 2 1 1 2 0 2 4 0 4 3 1 0 3 
1 0 3 0 4 4 1 0 1 0 4 3 3 3 2 3 3 3 0 0 1 4 2 4 3 2 3 1 3 1 2 0 1 2 2 0 1 0 0 3 0 0 2 0 1 3 4 4 1 2 1 3 4 0 1 3 3 3 3 2 4 4 4 4 1 1 3 3 0 3 1 2 1 1 2 4 1 1 3 2 0 4 3 1 1 4 4 4 4 0 1 3 4 2 4 2 4 2 1 1 3 4 3 1 2 0 0 3 3 3 3 3 4 1 0 2 2 1 1 1 1 0 2 3 4 1 0 0 4 3 1 4 0 4 0 2 1 0 3 4 0 1 0 1 4 0 3 1 3 1 
4 0 3 1 3 3 3 0 3 4 4 2 0 4 3 0 3 0 2 1 1 4 2 1 2 3 3 2 1 2 0 1 4 1 4 4 4 4 4 0 4 0 0 3 0 4 2 2 0 4 1 1 0 0 1 4 4 4 2 1 1 1 2 4 0 0 3 4 1 0 1 0 0 1 1 1 3 3 0 3 2 2 1 4 2 2 3 4 4 3 0 2 4 4 1 0 4 1 1 0 3 4 3 4 1 4 2 1 4 2 4 1 4 2 0 4 0 1 3 1 4 0 3 3 2 1 0 3 4 4 1 3 3 4 2 1 0 1 2 1 3 3 4 0 1 4 1 3 2 1 
4 1 3 4 2 0 0 4 1 1 3 2 4 4 3 3 0 3 4 0 1 0 3 0 2 1 1 3 1 4 1 2 2 4 1 4 2 3 4 3 0 0 4 0 1 0 3 0 3 3 1 3 4 3 3 4 0 0 0 0 1 4 1 4 2 1 2 3 3 3 4 1 3 1 3 1 1 1 3 4 4 0 2 3 3 3 4 1 3 4 1 1 1 3 2 0 4 2 3 4 0 0 2 0 1 0 1 2 1 0 2 2 2 1 2 0 4 1 1 4 0 3 1 3 3 0 3 4 2 4 3 2 4 2 2 0 2 1 2 0 1 1 2 3 3 1 0 4 2 4 
4 4 4 2 3 2 4 1 1 2 0 1 1 1 3 1 1 2 2 1 4 0 2 3 3 2 4 0 2 1 4 3 0 0 0 3 2 4 2 0 3 0 4 1 0 1 1 1 2 3 0 0 2 0 3 0 0 0 4 0 4 2 2 2 3 2 4 3 2 1 0 2 4 0 4 1 3 2 4 2 1 4 3 0 4 1 3 1 3 4 4 3 2 1 0 2 0 2 0 4 3 1 2 4 3 3 3 1 0 2 3 3 4 1 1 0 4 4 2 3 3 1 1 2 4 3 4 1 2 2 1 2 0 0 2 3 3 0 1 0 4 1 4 3 0 0 1 4 1 3 
4 1 1 0 4 2 1 0 3 0 2 1 3 2 1 2 2 4 2 0 0 3 2 1 4 2 3 0 3 4 0 3 2 3 0 1 0 3 4 0 4 1 0 2 2 1 3 4 0 0 3 1 2 3 3 3 2 2 3 4 0 4 1 0 1 4 1 0 1 4 4 2 0 2 1 4 3 4 3 4 4 3 0 1 2 0 1 1 4 1 3 1 0 4 2 2 1 0 4 4 1 3 3 2 0 4 1 1 1 2 2 0 0 4 4 4 4 2 3 0 4 1 1 4 2 0 3 3 0 4 0 2 2 3 1 0 3 4 3 4 1 0 1 4 4 2 3 0 0 1 
0 1 4 3 2 2 4 3 2 1 2 2 0 2 3 1 2 3 1 2 4 2 2 0 1 1 0 2 3 2 0 3 3 0 1 0 4 2 0 1 4 3 1 0 4 0 4 1 4 4 4 1 3 3 0 0 2 3 0 4 1 2 1 1 2 1 2 0 0 2 0 4 1 0 2 0 0 1 3 1 0 4 4 0 3 4 0 0 4 1 1 0 0 2 3 0 1 1 0 3 0 2 2 1 3 4 3 0 2 4 4 4 3 3 4 1 0 0 3 4 3 4 2 0 2 0 0 0 3 2 3 3 2 3 1 0 2 0 2 2 4 1 1 4 2 1 1 2 3 4 
3 1 1 0 3 0 3 4 0 1 3 3 2 0 1 3 2 1 3 2 3 4 3 1 4 2 2 2 4 2 3 3 0 4 0 4 4 3 0 1 0 3 2 2 0 1 0 2 0 1 1 2 1 2 3 3 3 0 2 0 2 0 4 0 2 0 0 1 0 1 1 3 3 2 0 0 3 1 4 3 4 2 3 3 0 1 1 3 3 0 1 0 2 0 2 0 0 0 1 2 1 0 3 4 2 3 1 2 1 0 2 3 3 0 1 0 3 4 3 2 4 1 4 2 1 2 4 4 2 2 3 3 2 1 4 1 2 0 3 0 2 1 3 0 3 4 2 2 3 1 
1 0 2 0 4 1 2 3 2 4 2 2 4 2 1 3 3 0 0 4 0 3 0 1 0 3 0 3 2 1 1 3 1 0 4 2 3 3 2 2 3 4 0 4 1 0 3 0 2 3 0 1 0 0 3 1 3 3 4 1 1 0 4 4 3 1 0 2 0 4 4 4 4 3 1 0 2 4 0 4 4 1 2 0 1 0 1 4 3 2 2 1 2 3 3 2 0 3 4 2 4 3 1 0 4 3 1 1 4 1 2 4 2 4 4 1 4 2 2 4 0 2 1 4 0 4 4 2 2 3 4 4 4 3 4 0 1 0 3 2 2 0 1 1 4 2 2 0 0 2 
4 2 4 0 1 4 1 0 4 1 1 3 0 2 1 4 2 4 2 0 2 1 0 0 2 1 3 2 1 0 4 2 4 0 0 0 1 1 3 0 2 1 4 4 3 2 0 4 2 4 3 4 3 4 4 3 1 2 3 0 0 0 1 2 4 1 4 2 3 1 2 3 0 3 4 0 3 4 1 0 3 4 4 1 0 0 1 1 4 0 4 4 2 0 3 2 2 0 1 2 3 3 2 3 3 2 0 1 3 1 3 1 2 4 4 2 1 0 1 2 0 0 3 3 0 3 2 2 3 3 1 1 3 4 2 1 3 2 4 1 4 4 2 1 3 3 1 1 3 2 
3 1 2 1 1 4 1 3 4 0 3 0 3 1 4 0 4 2 3 3 3 4 2 2 2 2 2 3 0 1 2 3 2 4 1 3 1 2 3 0 4 1 0 3 4 2 3 0 3 4 3 1 0 2 0 4 0 4 2 0 4 0 3 2 2 4 0 2 0 4 0 2 1 3 3 4 2 2 4 2 3 3 0 0 0 0 0 2 4 4 3 3 1 1 2 0 2 4 2 3 0 4 0 1 2 0 0 1 2 2 0 1 0 0 1 2 2 3 2 3 4 0 1 2 3 0 2 0 1 4 0 1 0 3 0 2 3 2 0 3 4 0 1 4 2 4 4 4 0 1 
2 1 3 0 4 1 2 1 3 0 3 1 2 3 4 4 3 4 1 0 4 1 3 2 2 0 2 1 0 4 4 4 0 2 2 1 0 4 3 1 0 3 4 4 1 0 3 4 0 4 4 0 1 2 3 3 0 3 2 3 0 1 0 2 4 4 4 2 0 0 2 3 2 0 2 1 2 2 1 3 3 3 3 1 0 3 0 2 4 4 3 1 3 3 3 2 4 4 1 4 0 4 4 2 4 3 1 1 0 4 0 1 2 0 2 0 4 4 2 3 4 2 4 2 2 0 1 2 4 2 3 1 1 3 1 3 1 4 1 4 3 1 2 1 4 4 1 3 4 0 
3 0 3 4 2 0 1 0 2 3 2 1 4 1 1 2 1 4 1 2 0 0 4 2 1 0 4 4 0 3 4 3 0 2 4 2 0 3 4 2 1 3 0 2 4 3 0 0 0 0 1 3 0 1 4 3 4 1 4 3 1 2 3 1 4 2 2 3 2 0 2 2 1 0 4 4 2 0 4 2 0 2 2 0 1 3 0 0 1 4 1 2 3 1 3 2 3 1 0 3 3 4 0 0 0 1 1 2 1 2 1 3 4 1 1 0 1 3 3 3 0 4 0 3 2 1 3 0 4 0 0 2 0 2 2 2 4 3 4 2 2 2 3 2 3 4 4 0 2 4 
3 2 0 0 3 2 1 3 3 2 0 3 0 2 3 4 4 2 0 0 1 2 3 4 4 3 3 1 3 3 0 3 2 1 1 0 0 4 0 0 2 1 1 2 0 4 1 0 1 3 0 2 4 1 0 4 2 1 4 3 4 2 1 0 0 4 1 2 4 0 0 0 4 3 1 1 3 0 0 0 3 3 3 2 1 0 3 4 1 3 4 3 2 2 0 4 1 3 4 3 0 4 0 0 2 1 3 2 3 3 0 3 4 3 2 0 0 1 1 4 4 1 4 3 3 4 3 2 2 2 0 4 1 0 4 0 3 3 4 3 3 4 1 4 4 3 2 0 1 3 
1 0 1 0 1 0 1 4 4 0 1 4 4 4 1 4 1 4 4 0 2 4 2 0 1 1 3 3 3 0 3 4 2 0 1 3 2 2 4 1 2 0 2 2 1 3 3 2 2 4 0 0 1 3 2 1 4 0 1 4 4 3 3 0 1 3 4 1 0 3 1 3 3 3 0 0 0 3 0 2 2 4 2 3 4 1 1 4 2 2 3 3 1 1 0 4 1 1 0 3 0 3 1 3 2 1 0 2 4 2 1 1 1 1 1 2 2 2 3 1 0 2 1 3 0 4 2 4 2 2 2 4 3 4 4 0 0 4 4 2 3 0 0 1 1 4 4 1 1 2 
4 3 1 1 3 4 2 0 3 4 0 0 1 3 1 0 3 4 0 2 3 0 4 3 2 1 2 1 4 1 3 3 1 2 1 0 1 3 0 4 0 2 1 1 0 0 1 0 4 3 4 2 0 4 4 2 1 2 2 4 1 0 4 4 1 1 1 3 2 1 1 3 1 3 2 4 4 4 3 4 3 1 1 2 2 0 1 3 4 3 2 0 0 4 1 2 0 2 2 0 4 3 0 2 2 2 4 3 1 2 2 1 3 0 0 3 2 4 1 1 2 1 1 0 0 3 2 2 2 1 2 3 0 3 3 2 2 2 0 1 4 4 2 4 0 0 4 2 4 1 
1 3 4 2 3 1 2 2 3 2 4 1 0 4 1 3 3 3 2 0 4 3 1 4 0 3 1 4 1 0 2 4 0 1 1 4 4 1 3 3 3 4 1 3 3 2 4 3 0 3 3 2 2 0 0 3 2 3 4 3 1 4 1 0 1 4 4 2 4 0 1 4 0 0 0 0 1 2 4 1 4 3 2 3 2 4 1 1 4 0 4 1 1 2 3 3 2 4 2 3 1 3 2 1 1 4 2 4 3 3 2 2 3 4 3 0 3 4 1 3 2 3 1 3 2 1 3 1 1 1 4 4 1 3 3 4 2 0 0 0 0 3 0 4 2 3 1 3 4 0 
1 1 3 4 2 0 0 2 2 3 0 3 0 2 2 3 3 1 0 1 2 0 4 4 1 3 2 3 1 3 3 4 2 3 0 4 0 3 1 4 1 2 3 3 1 2 1 1 0 1 2 2 4 1 0 3 0 2 2 0 0 1 3 0 3 3 2 4 4 0 0 0 4 4 0 2 2 2 4 4 0 2 1 2 1 0 3 2 2 0 4 2 1 3 4 1 1 2 0 2 4 1 3 3 2 3 1 0 3 0 4 3 2 2 2 1 2 0 0 1 1 4 1 4 2 0 1 1 4 1 0 4 4 0 2 2 1 0 2 1 0 3 1 0 0 0 3 0 1 3 
1 4 2 2 0 2 0 1 0 1 0 2 2 4 3 2 1 1 2 0 2 0 0 3 2 1 3 0 3 1 3 1 2 2 4 0 4 1 1 1 4 1 4 2 3 4 4 1 0 3 2 4 3 2 2 0 0 0 2 0 3 1 0 0 0 3 1 0 2 4 4 1 3 2 0 2 0 4 3 2 1 2 1 0 0 0 4 3 1 3 3 1 4 4 3 2 4 1 4 1 0 3 2 1 3 4 3 3 0 4 2 1 1 0 3 3 1 2 1 2 1 2 0 2 1 4 1 0 0 1 3 3 1 3 4 4 4 4 0 0 3 4 3 1 0 2 0 1 1 1 
0 2 3 0 2 1 4 3 3 2 4 4 0 1 4 1 2 3 2 2 0 1 2 1 4 2 0 4 3 1 3 0 4 1 0 3 0 2 1 3 1 1 4 1 4 3 4 1 4 1 1 1 4 3 2 1 0 2 2 0 2 4 3 2 0 2 2 3 2 1 1 2 2 2 2 0 3 2 4 0 3 3 1 0 4 1 2 0 0 2 3 2 3 1 1 0 3 0 3 2 2 1 2 4 1 1 2 4 3 3 1 2 1 4 4 3 0 1 0 2 3 3 4 3 2 0 3 2 3 3 0 0 0 2 1 1 3 3 0 3 2 2 2 0 1 1 0 4 0 1 
1 0 1 3 4 3 0 2 1 3 1 3 3 1 0 2 2 0 0 4 0 4 3 3 0 0 4 0 1 4 1 2 0 3 2 4 3 3 3 4 1 4 2 2 2 4 4 1 1 1 1 2 1 4 0 1 1 0 1 3 2 3 2 2 3 2 4 4 0 2 4 2 1 4 4 3 3 1 4 0 2 0 3 1 3 2 1 1 1 0 0 3 3 2 2 3 1 2 4 1 1 3 3 2 4 0 2 3 3 1 0 2 4 3 4 4 2 2 1 3 2 1 2 2 0 4 0 1 3 4 4 0 0 0 4 1 2 2 1 2 0 1 4 1 4 3 1 4 3 2 
2 0 0 4 3 0 1 0 3 1 2 4 1 2 4 1 0 3 0 2 0 0 3 2 4 0 0 0 4 3 4 3 1 4 0 1 1 1 1 1 2 3 0 1 2 2 2 3 2 4 0 3 4 0 0 3 2 2 0 0 3 3 4 2 1 3 2 2 1 0 3 2 4 4 3 0 1 2 4 4 4 3 1 2 0 4 4 3 1 4 1 0 2 0 4 3 1 1 2 2 3 0 0 2 4 0 3 3 2 2 4 1 3 1 1 3 0 2 3 3 1 4 0 0 2 4 3 3 2 2 0 0 3 2 3 4 4 1 2 1 0 4 0 3 0 1 1 2 3 0 
2 2 1 3 2 3 2 3 1 2 0 4 2 0 3 0 0 3 3 4 1 1 0 1 4 0 4 3 4 0 0 2 2 1 2 4 0 1 4 3 3 0 4 1 0 3 3 2 3 4 4 4 0 4 1 4 2 0 4 0 3 0 4 2 2 3 4 4 3 1 0 3 4 0 3 2 3 3 1 2 1 2 1 2 2 3 3 3 0 1 3 0 3 4 3 3 2 2 2 2 0 2 1 0 0 1 4 0 1 2 2 4 4 1 1 1 4 2 2 1 3 0 1 1 1 1 1 4 4 0 1 4 0 2 1 0 0 1 0 1 3 4 0 0 0 4 1 1 1 3 
2 1 0 1 4 2 2 1 1 3 1 4 0 1 4 3 3 4 4 3 1 0 0 3 0 0 2 3 2 3 4 1 4 1 4 1 3 4 2 1 4 3 3 4 2 2 3 0 1 4 1 4 4 1 3 1 3 0 0 2 0 1 1 1 2 2 0 3 3 4 2 4 1 1 2 0 0 1 0 0 3 0 3 2 1 4 0 0 0 3 2 2 1 3 3 3 0 1 4 3 2 1 0 3 4 4 4 4 1 1 2 1 1 0 3 0 2 1 2 2 1 4 1 2 2 0 2 4 3 1 0 0 0 2 4 4 1 0 4 4 1 3 2 0 3 3 2 2 4 4 
4 2 3 1 1 2 3 3 1 1 2 3 3 2 0 2 1 4 4 2 0 3 0 3 3 1 1 2 0 2 1 0 4 1 3 0 3 3 0 1 1 4 0 4 1 2 4 0 1 0 4 4 3 2 2 3 3 0 0 3 2 0 1 0 3 2 0 0 2 0 2 1 1 2 3 3 3 0 4 0 4 4 0 3 0 2 2 3 2 2 4 0 1 2 3 4 2 0 1 1 1 3 2 4 0 0 4 1 1 3 1 2 0 1 0 2 3 2 0 0 1 1 3 2 1 3 3 0 3 4 1 1 2 4 1 3 1 0 4 4 1 2 1 3 4 3 0 4 2 2 
0 3 4 0 2 2 3 0 2 3 1 3 0 4 4 1 4 1 3 0 0 4 2 4 2 3 2 2 3 0 0 0 3 1 0 3 0 3 0 2 3 2 2 3 3 2 4 4 0 0 4 2 4 3 1 4 4 1 1 2 1 3 0 2 1 1 2 4 1 2 0 0 0 4 3 1 2 0 0 1 2 0 2 4 2 2 3 1 1 4 4 0 0 0 2 1 3 1 3 2 0 0 2 1 4 0 2 3 2 4 1 4 2 0 4 1 2 2 2 1 3 3 1 3 3 1 1 2 2 4 4 3 1 3 1 0 4 0 0 1 4 1 1 3 1 2 4 1 1 3 
2 4 2 0 4 2 1 0 4 1 2 0 4 3 4 2 1 0 2 1 1 1 3 4 2 4 3 1 2 4 0 4 3 4 0 2 1 3 0 3 4 4 3 0 2 4 2 0 1 4 2 0 3 2 4 0 3 3 3 1 4 3 0 0 3 2 2 2 1 1 4 4 2 3 2 3 3 4 0 3 2 0 2 2 3 4 2 0 3 2 3 1 1 4 1 1 3 1 1 4 4 2 3 1 1 3 4 1 4 0 1 1 2 4 4 0 0 3 2 0 0 0 1 3 4 0 2 0 1 3 4 0 0 0 3 3 3 3 1 2 0 3 3 2 2 2 4 2 2 1 
3 2 1 1 3 3 1 0 0 4 3 4 1 0 4 0 1 4 3 2 1 3 0 2 2 4 1 1 4 4 2 4 1 0 0 1 0 4 1 0 3 1 2 0 2 3 0 0 3 0 2 1 0 0 3 2 1 0 3 0 4 0 1 2 0 2 4 4 3 3 2 0 1 4 2 1 3 1 3 3 1 3 2 2 3 4 1 0 1 3 3 3 4 0 0 3 3 4 2 3 2 2 0 0 1 3 4 4 1 2 2 2 1 1 1 1 1 4 4 2 2 2 0 1 0 2 0 0 3 4 0 2 1 0 3 4 0 2 3 1 1 2 0 4 4 2 1 2 3 0 
4 1 4 1 4 1 1 1 1 4 3 3 2 4 4 2 1 4 1 4 3 2 4 3 2 0 2 0 2 1 2 3 4 3 4 0 0 2 2 3 2 0 4 4 1 3 3 2 4 4 4 2 1 0 3 0 0 0 2 4 3 1 2 4 0 0 3 0 2 1 2 2 3 4 1 4 0 1 2 0 1 1 1 3 4 1 1 2 1 4 4 2 4 1 4 4 3 2 1 0 3 3 4 3 4 1 4 1 2 3 1 0 1 2 4 1 0 2 0 3 1 4 0 1 2 4 2 0 4 3 2 4 3 2 0 2 0 4 3 4 3 2 0 4 1 4 2 2 1 2 
0 0 4 3 1 3 2 0 4 3 3 3 3 1 0 3 0 2 4 0 2 2 2 2 4 1 3 3 3 1 3 0 1 4 0 4 2 3 4 3 3 2 2 1 0 4 1 0 2 1 1 4 3 0 3 4 1 1 3 1 2 3 4 1 2 4 0 0 4 4 2 3 3 1 2 4 2 1 1 4 3 2 0 4 2 3 2 4 4 0 4 3 0 2 2 1 1 1 3 2 1 0 2 4 2 4 0 1 1 3 0 1 2 3 1 2 1 0 1 2 3 0 0 3 4 4 1 0 1 1 4 4 2 2 0 1 1 2 4 4 3 4 1 0 4 4 2 0 1 0 
0 4 2 2 2 3 2 0 0 0 2 0 4 1 2 1 2 0 3 1 2 1 2 0 4 2 1 3 4 2 1 4 2 3 2 4 2 1 2 2 1 4 4 2 0 1 3 4 4 3 2 3 2 4 3 3 3 4 1 3 3 2 4 0 3 3 2 0 2 4 4 4 0 3 4 2 0 2 2 4 3 3 1 1 0 2 1 3 1 2 1 4 1 1 3 1 4 4 0 3 3 4 4 4 4 0 3 4 0 3 0 3 1 1 2 3 4 3 3 2 3 4 1 4 2 1 2 3 0 3 1 4 4 1 0 1 1 0 2 1 0 3 2 1 1 4 4 2 4 2 
4 2 4 2 3 1 1 1 2 1 1 3 2 2 4 4 0 3 2 3 1 2 3 3 1 1 4 0 1 4 0 0 3 1 0 2 4 1 0 1 4 3 0 4 0 1 3 3 1 2 1 3 0 1 3 1 2 3 3 3 4 0 1 2 3 3 4 3 0 4 1 4 3 4 1 2 2 3 3 0 1 0 3 4 2 4 3 0 3 3 1 4 2 3 0 4 2 3 1 0 4 2 4 4 4 3 4 3 1 4 3 2 1 3 4 4 2 4 1 2 2 4 1 4 3 3 0 0 3 3 0 2 1 1 4 2 4 3 0 2 4 0 2 0 3 1 1 2 2 3 
4 4 2 1 0 2 1 2 2 0 1 4 4 4 3 3 1 4 3 3 2 2 3 1 0 1 4 1 0 1 1 4 0 1 2 2 3 4 4 3 1 0 2 0 4 2 1 2 2 4 0 1 4 3 2 1 1 3 2 1 4 4 3 1 2 2 3 0 3 0 2 3 4 0 3 2 1 0 3 1 4 4 1 2 0 2 1 1 0 4 1 4 3 2 2 4 4 1 4 4 0 2 0 1 4 3 3 2 0 1 3 2 3 2 4 3 1 1 2 1 0 3 0 4 0 4 0 4 1 0 3 3 4 0 4 0 3 3 2 1 1 1 3 4 0 2 3 1 3 0 
4 1 0 0 2 0 1 2 4 4 2 4 2 1 0 4 1 0 2 1 3 3 4 3 0 4 1 3 2 1 0 1 4 0 3 1 2 0 4 1 1 3 2 4 2 4 0 0 2 2 1 2 2 2 1 2 1 2 2 3 0 4 2 0 1 0 3 3 0 2 0 1 4 3 4 0 0 0 0 0 2 2 4 0 1 1 3 1 0 0 0 0 2 0 2 4 1 3 3 2 0 2 3 4 2 4 4 2 0 1 0 4 3 4 1 2 2 4 3 2 1 3 3 1 0 0 2 4 0 0 1 3 0 4 2 2 4 4 2 1 0 2 0 1 3 4 0 0 3 0 
0 2 0 3 3 1 0 0 0 3 3 1 1 0 2 0 4 1 1 1 2 2 0 0 0 0 1 2 3 4 2 3 1 2 3 1 0 0 2 0 3 2 3 4 2 1 0 1 4 1 0 4 0 2 4 2 0 0 4 3 1 3 3 0 1 3 1 1 3 0 4 0 2 4 2 3 1 0 3 0 0 2 2 4 4 1 0 4 1 0 3 1 3 4 1 3 2 4 2 3 0 4 4 2 4 4 0 2 4 1 4 4 0 1 3 1 0 3 0 1 0 1 0 4 0 3 4 2 3 3 2 3 0 2 2 4 1 4 3 0 2 3 2 2 1 0 4 1 1 1 
0 1 2 0 2 2 0 4 4 3 2 2 3 2 1 2 3 4 2 4 1 1 2 3 4 3 1 0 2 2 1 2 3 1 4 3 3 4 2 0 0 4 4 0 4 0 3 4 1 2 3 2 3 2 1 4 3 2 1 0 4 0 4 4 1 0 2 1 1 4 1 1 0 1 0 4 2 2 2 1 3 1 2 3 1 4 4 1 4 3 4 4 4 4 0 0 2 0 0 4 4 4 0 0 2 3 1 1 0 3 3 1 1 2 4 3 3 0 1 3 0 0 4 4 2 0 1 1 2 1 0 1 3 3 4 0 1 0 2 3 1 2 1 2 4 0 2 4 2 3 
2 2 1 2 3 0 4 0 1 1 1 4 3 4 4 2 2 2 4 1 0 0 3 4 3 4 1 2 3 4 1 3 3 4 0 2 4 4 4 2 0 2 3 0 4 2 4 1 4 4 2 2 1 2 1 1 3 4 4 1 3 0 1 4 4 1 3 0 2 2 2 0 1 0 3 0 0 0 2 1 2 3 0 4 4 2 2 1 2 1 0 4 2 2 2 3 3 4 1 3 3 0 2 3 3 0 1 4 3 3 0 0 3 3 1 2 0 0 0 3 3 2 4 2 4 3 0 2 2 3 2 3 0 2 1 4 4 2 3 2 2 0 4 2 3 2 0 1 2 2 
1 1 0 2 0 4 0 3 4 0 1 3 3 4 0 1 0 0 1 3 4 0 0 4 3 1 1 3 4 1 2 0 4 2 4 4 4 1 2 3 3 1 3 3 2 4 0 2 1 1 2 0 1 2 1 4 0 0 4 4 1 2 1 0 1 0 1 0 2 1 0 0 4 4 0 4 1 0 1 0 1 4 2 1 2 1 0 4 2 0 3 3 1 2 0 3 1 0 1 1 4 4 4 2 3 0 3 1 0 4 1 1 0 0 4 2 4 4 1 3 4 2 1 2 1 1 0 2 4 4 1 3 3 0 2 2 0 0 0 2 1 2 3 1 4 2 1 3 2 2 
1 3 4 3 1 3 1 3 0 0 2 3 1 3 0 3 2 2 4 2 4 2 1 2 1 1 2 2 4 1 4 3 4 1 3 2 4 4 1 1 0 0 0 1 0 0 1 2 3 0 0 2 0 1 2 1 2 4 3 4 2 4 2 3 0 2 1 4 1 4 1 3 1 3 1 0 2 3 3 4 1 0 1 4 0 3 3 3 2 4 3 3 1 3 2 4 3 4 2 0 1 3 3 1 2 1 3 4 4 3 0 3 3 2 4 1 2 2 1 1 1 0 0 2 3 2 3 3 2 3 3 0 1 3 3 0 4 1 4 1 1 2 4 2 1 3 3 3 2 1 
4 3 1 4 2 4 4 2 3 3 0 3 3 4 2 3 4 3 2 1 1 3 3 0 0 4 0 0 4 4 2 3 2 3 0 1 0 1 4 3 4 1 3 4 2 0 2 2 1 4 0 2 3 0 0 3 1 2 1 0 2 3 0 4 1 2 3 1 3 2 1 2 3 0 1 1 0 2 4 0 3 0 2 3 3 2 3 4 0 0 0 0 2 0 2 4 3 0 2 2 3 1 3 3 1 0 1 4 0 0 1 0 3 3 3 1 2 1 2 2 4 4 2 3 1 2 2 0 2 1 2 2 4 2 2 1 0 4 2 0 1 4 0 4 2 1 3 2 4 2 
4 3 2 4 2 3 1 1 0 0 0 2 4 1 2 4 2 2 3 2 4 1 1 1 1 0 2 1 2 2 3 4 0 2 3 4 3 1 3 3 3 0 3 2 1 0 3 1 4 1 3 3 3 4 4 1 1 2 2 1 1 2 0 3 0 0 3 3 1 3 3 1 3 1 0 4 1 0 4 0 2 0 3 0 0 4 2 1 1 1 0 2 2 3 4 0 0 4 3 0 2 1 3 3 1 0 3 1 3 4 1 1 0 2 3 2 1 0 1 2 1 3 1 3 3 0 4 3 1 4 0 3 3 4 3 4 1 4 2 1 3 4 2 3 3 1 3 4 3 4 
4 0 2 2 3 3 3 4 1 1 1 2 0 4 3 0 0 4 4 3 0 3 4 0 3 2 3 1 3 1 2 2 3 2 0 4 0 0 3 1 1 1 0 3 2 0 4 3 4 3 3 2 3 4 4 2 1 2 3 4 0 1 4 4 0 4 3 0 1 3 3 2 0 1 3 4 1 2 0 2 3 2 2 0 1 1 1 3 4 0 3 1 0 1 0 1 1 1 1 1 2 2 2 1 2 3 4 3 4 1 1 2 1 0 4 4 4 0 2 3 2 2 4 3 4 1 1 2 2 3 1 1 0 3 3 4 1 2 2 0 1 0 0 2 1 1 1 2 4 0 
0 1 4 2 1 3 0 3 1 0 3 2 1 0 2 1 4 3 4 3 0 2 1 2 1 4 4 4 1 3 4 1 4 3 0 1 4 1 1 2 1 4 1 4 4 3 1 0 3 0 0 3 4 1 1 0 0 2 4 1 0 0 0 4 0 2 2 4 3 0 3 4 4 4 4 0 4 2 2 0 2 2 0 3 1 1 1 3 4 3 2 2 3 2 4 4 2 2 4 4 0 4 2 2 1 4 3 3 3 0 3 1 4 3 1 2 4 2 0 0 0 2 3 0 1 2 1 0 4 2 4 2 2 4 4 0 3 2 3 1 4 1 4 3 4 0 0 1 4 0 
1 1 4 4 1 0 4 0 0 0 2 2 2 1 1 1 1 4 0 2 2 4 3 2 4 0 4 4 1 4 1 4 2 2 1 1 4 0 1 2 0 0 4 3 2 0 1 0 1 2 2 3 3 3 2 3 3 4 4 1 0 3 0 2 0 1 3 0 3 1 2 4 2 3 4 1 0 2 1 1 0 1 1 1 0 4 1 0 4 2 4 0 2 2 0 1 3 4 2 0 2 3 2 3 2 2 4 3 2 2 2 3 3 0 1 0 4 2 0 0 4 0 0 3 2 2 0 2 1 2 4 4 2 1 4 0 0 4 0 2 1 4 2 1 4 4 2 0 3 2 
0 0 2 0 0 2 3 0 1 1 4 1 0 2 4 2 4 0 1 4 4 4 4 2 0 0 3 2 1 1 2 1 3 1 4 4 0 4 1 2 0 3 0 3 0 1 0 1 3 3 0 3 2 1 0 2 2 3 2 3 1 4 1 0 2 2 1 3 1 2 2 4 0 2 2 2 0 4 3 4 2 0 1 2 1 2 4 0 1 2 2 1 0 3 0 0 1 2 3 1 4 1 3 0 3 2 2 1 2 3 1 1 2 2 0 3 2 4 3 3 1 3 2 4 3 2 4 1 4 0 2 0 1 0 0 4 4 4 2 2 4 4 3 1 1 1 4 0 0 0 
1 4 3 3 3 1 2 4 3 1 4 2 4 0 0 4 2 4 1 4 1 0 0 2 2 4 3 3 4 3 3 0 4 3 0 2 2 2 2 2 1 1 4 2 4 4 1 3 4 4 2 2 0 0 4 2 4 4 2 3 0 1 1 4 1 3 2 3 3 1 0 4 4 2 3 3 1 4 1 2 4 1 0 2 1 1 3 3 0 3 2 0 0 3 1 4 2 2 3 0 0 4 3 1 4 0 4 4 3 0 3 3 1 4 0 2 2 3 2 4 3 0 1 0 0 0 0 2 2 3 3 2 0 1 0 1 3 4 0 1 4 3 4 1 4 1 0 3 2 3 
4 0 3 1 3 3 1 3 1 3 3 1 2 0 4 2 1 2 1 2 3 2 2 0 0 2 1 1 2 0 4 2 3 4 3 1 4 4 4 2 4 4 3 1 0 2 3 1 1 4 3 2 3 1 2 4 0 0 0 2 1 1 1 4 0 4 0 4 0 1 2 4 0 2 0 0 2 3 4 3 4 4 2 0 3 2 4 2 2 2 4 2 0 2 3 4 2 0 1 3 0 4 2 0 1 2 2 4 4 1 3 4 0 2 2 0 0 3 4 4 2 3 3 2 0 4 3 4 4 1 0 1 0 2 3 2 1 1 1 0 2 1 2 4 3 1 2 0 1 1 
0 4 2 3 3 4 4 4 4 3 0 1 2 3 3 0 0 2 1 3 4 0 4 1 2 2 4 4 3 1 2 0 2 4 0 2 4 0 1 0 0 4 1 2 2 1 3 2 3 1 2 3 2 1 1 4 0 3 0 0 1 4 2 3 4 3 2 0 0 4 0 0 3 3 3 2 1 1 4 0 4 3 0 1 0 4 3 2 1 1 4 2 2 4 4 2 3 4 0 0 4 1 2 0 1 0 0 3 1 3 4 3 2 2 0 4 3 4 3 4 0 3 3 0 2 0 2 2 1 4 4 1 2 1 3 3 3 3 3 4 1 4 0 3 3 0 4 3 1 0 
3 2 3 3 2 2 0 1 1 2 1 0 0 3 3 3 4 1 1 4 0 4 4 2 4 4 0 1 3 1 1 3 0 1 1 4 0 4 1 1 1 4 3 1 2 1 1 3 2 4 3 4 3 4 4 4 3 4 2 1 0 3 4 1 1 3 0 1 2 3 4 3 2 2 1 2 0 2 0 4 1 0 1 1 4 0 2 2 3 1 0 1 3 3 1 4 2 4 2 3 3 0 3 1 3 2 4 0 0 3 2 1 1 3 2 2 2 4 4 2 2 4 4 1 0 2 2 2 3 4 2 1 2 0 4 2 0 3 2 2 3 1 3 4 4 1 1 4 2 2 
3 0 4 4 3 4 1 0 3 4 2 0 0 4 3 4 1 0 4 0 2 2 1 0 1 3 3 4 2 1 2 2 3 1 2 3 2 3 3 0 0 0 2 2 1 0 2 2 0 3 2 2 3 1 3 1 4 3 1 3 1 0 2 1 1 4 4 3 0 0 0 0 2 2 2 4 0 1 3 0 2 3 0 0 4 0 0 1 0 3 4 0 0 4 2 1 0 2 1 0 2 3 2 4 0 0 1 4 0 3 3 2 2 1 2 2 2 2 0 2 3 0 4 3 4 1 4 0 3 2 2 2 0 0 1 1 2 3 2 2 3 2 1 0 0 4 4 2 3 4 
1 1 4 0 4 4 4 1 1 2 0 3 2 3 0 3 1 2 3 3 1 3 3 3 0 3 2 4 3 2 1 1 4 0 4 0 1 3 3 2 2 4 3 1 4 3 0 0 3 0 0 4 4 3 2 1 4 1 3 4 1 4 2 0 1 3 2 0 3 1 2 3 2 2 4 1 3 4 3 1 2 3 2 3 4 2 4 0 0 3 4 1 4 0 3 1 2 4 4 2 2 2 1 0 1 4 2 2 4 3 2 0 0 0 4 3 1 1 0 1 2 1 2 1 2 3 0 4 4 1 3 1 0 1 4 1 2 1 0 1 4 2 3 2 2 3 0 1 4 2 
2 1 4 2 0 1 2 2 2 1 3 2 4 0 3 3 1 1 1 1 2 3 3 3 0 2 1 2 3 2 0 3 1 1 0 1 4 4 0 3 0 0 0 4 0 0 0 1 1 1 4 1 4 2 4 4 1 2 4 2 4 4 0 0 2 2 3 3 1 3 1 3 3 3 4 0 3 4 1 2 3 0 3 2 4 4 4 3 0 1 3 0 2 4 2 0 3 1 3 1 4 4 4 2 4 2 1 0 0 3 3 2 1 1 2 0 2 1 4 0 4 4 2 4 0 4 4 0 0 4 1 1 0 0 3 2 4 2 2 0 0 2 4 1 3 2 1 3 0 3 
3 2 4 3 1 2 2 2 2 0 3 1 1 1 3 2 3 3 4 2 0 1 4 4 4 0 1 0 3 4 0 3 1 2 1 2 4 1 1 3 3 4 1 1 2 0 3 0 0 4 2 0 0 4 1 4 4 0 2 4 4 4 2 0 3 4 4 4 0 2 3 3 1 4 4 1 1 0 1 3 4 4 3 2 0 2 3 4 2 0 0 3 1 2 2 3 0 1 2 0 3 4 0 3 2 1 0 3 0 0 0 3 1 1 4 0 1 1 4 2 3 1 2 1 3 4 4 1 1 1 3 1 2 3 0 1 4 2 0 4 4 2 3 0 0 4 3 3 0 2 
0 3 0 2 1 4 3 0 2 1 3 0 3 0 3 0 1 4 2 3 1 1 0 1 3 2 0 1 0 0 0 2 0 1 1 1 2 0 3 4 1 1 1 4 1 1 4 4 0 3 3 3 1 0 4 0 3 4 3 0 1 1 3 3 2 4 1 1 4 4 0 1 0 1 2 1 2 4 3 4 2 1 3 4 3 4 1 3 4 1 0 4 2 2 2 1 4 3 2 0 0 2 2 3 4 0 0 1 4 1 1 4 4 2 4 0 2 3 3 1 4 4 0 2 2 4 0 1 4 4 4 4 3 3 2 3 4 0 1 3 1 2 4 2 1 0 4 0 4 2 
1 0 2 3 4 4 4 1 2 4 1 3 3 1 2 3 4 3 0 2 3 1 4 3 4 2 0 3 3 1 3 1 2 0 0 3 4 4 0 3 0 1 2 1 2 4 4 4 4 4 1 2 2 3 2 3 2 3 4 0 4 2 4 3 2 4 2 3 0 2 1 1 0 0 4 4 1 3 3 0 4 2 3 3 2 0 2 4 0 1 2 0 2 0 1 0 4 2 4 2 2 3 0 0 0 1 4 0 2 4 0 0 0 4 0 4 1 0 1 1 3 4 0 0 1 1 0 0 3 2 2 2 0 4 3 3 0 4 3 0 4 0 2 1 0 2 0 3 4 3 
1 2 4 1 2 0 2 0 2 2 2 4 0 4 1 0 2 3 4 2 0 0 0 2 4 0 4 4 0 1 0 2 3 4 3 3 2 1 3 4 0 2 1 0 3 2 2 3 0 2 0 1 4 0 0 3 2 2 0 3 3 0 2 3 1 0 1 3 3 4 0 4 3 1 1 2 3 4 2 0 3 2 3 2 0 4 3 4 3 0 4 1 0 0 1 4 3 2 1 2 2 2 2 1 3 0 0 0 0 4 2 0 2 1 1 1 3 2 1 0 0 1 4 1 3 1 2 2 0 0 1 4 3 0 3 1 0 3 3 0 2 2 2 1 0 0 4 1 2 1 
1 2 4 0 0 3 3 3 2 0 3 3 0 3 3 0 1 0 3 1 2 2 0 1 0 1 2 4 4 4 2 0 2 2 2 4 2 3 2 4 3 3 2 0 1 2 0 0 2 0 1 1 2 2 2 2 0 4 4 4 1 1 1 0 0 3 4 2 1 2 1 2 2 3 2 3 0 0 0 4 0 4 0 0 1 0 2 3 4 3 4 2 0 0 2 2 2 0 2 0 4 1 1 1 3 2 0 3 4 2 4 4 3 3 1 3 1 1 2 1 3 1 2 2 3 4 0 0 4 4 0 0 0 4 3 3 1 4 3 0 1 2 1 1 2 3 1 0 1 4 
1 1 2 3 4 2 2 1 2 4 0 0 4 0 4 3 0 2 4 0 2 2 3 1 4 2 4 0 3 2 1 4 1 0 0 2 2 2 3 2 1 3 2 3 0 3 3 2 0 2 2 4 4 2 0 0 0 1 3 0 1 4 4 2 0 4 1 2 4 4 4 2 4 3 0 1 3 3 0 3 2 4 0 2 2 2 4 4 4 2 4 2 2 0 0 4 4 0 0 1 1 1 3 3 2 1 1 3 0 4 3 0 4 4 2 3 1 0 2 2 1 0 1 3 2 2 4 1 4 1 4 0 2 2 3 4 1 1 4 3 3 4 0 2 3 0 0 2 0 2 
4 1 2 3 1 4 0 0 2 1 1 4 1 0 1 1 1 4 3 2 4 1 1 0 0 1 0 0 3 2 2 0 0 2 3 1 3 3 3 1 1 4 0 4 1 3 0 2 0 0 4 4 3 2 1 3 0 3 0 4 0 3 1 2 0 4 0 3 4 3 1 0 4 3 4 0 2 1 4 4 2 0 3 2 2 0 3 0 0 3 4 1 3 0 0 0 0 1 1 1 0 4 2 0 4 3 1 1 0 2 1 1 1 1 4 1 1 1 4 1 2 4 2 0 3 4 0 3 0 3 4 2 3 4 4 4 2 0 0 4 4 1 0 3 0 1 4 3 3 0 
1 2 4 3 4 2 4 1 3 4 0 4 3 0 3 2 4 0 4 4 1 3 3 1 1 3 3 2 3 3 2 4 2 2 4 3 1 3 4 1 4 4 1 2 4 4 4 0 2 3 0 3 3 3 0 2 3 0 4 3 0 2 2 2 1 1 0 4 1 1 1 0 3 2 2 4 3 3 0 0 3 0 4 1 0 1 3 0 3 0 3 3 4 2 2 2 0 0 4 1 1 0 4 1 3 1 0 0 2 3 0 2 3 2 3 1 4 1 0 4 4 2 4 4 1 3 1 3 3 0 1 1 3 1 4 3 4 4 3 1 4 3 1 2 2 1 0 1 3 0 
2 4 4 1 4 0 1 2 0 1 0 2 4 3 3 3 3 4 4 2 1 3 2 4 2 0 0 3 1 0 0 4 0 2 2 1 2 1 3 0 2 3 4 2 3 2 2 4 3 2 1 4 0 3 3 0 0 1 0 2 1 2 3 1 4 0 2 4 1 3 4 1 3 3 0 4 2 2 3 0 4 4 2 2 4 2 4 0 3 4 2 0 3 2 3 3 2 0 3 2 1 1 3 4 1 3 4 0 2 1 3 4 1 2 3 0 4 1 4 4 1 0 3 3 3 0 2 1 4 2 0 2 0 0 1 1 0 0 2 2 4 0 4 2 0 2 2 4 3 3 
0 0 3 0 3 1 2 2 0 1 1 0 1 1 3 2 3 3 0 0 3 1 2 2 3 4 4 2 0 3 0 0 0 0 2 0 1 4 0 3 3 1 1 4 0 4 3 3 4 3 0 2 4 2 4 4 2 4 3 2 4 3 0 1 0 2 1 4 4 3 2 2 2 3 1 2 2 1 0 4 0 2 1 1 4 1 3 3 2 1 3 3 2 0 4 2 2 2 0 1 3 1 4 0 0 4 3 2 4 0 4 3 2 1 4 0 0 2 3 1 4 2 1 2 4 1 3 3 0 1 0 4 4 1 1 4 0 0 1 1 0 0 4 4 1 4 4 3 1 0 
1 3 2 2 2 3 3 1 1 1 2 3 0 1 1 1 2 4 3 3 0 0 0 0 4 3 4 1 1 2 1 0 2 0 2 0 3 3 1 1 4 0 0 1 3 3 4 0 2 3 0 3 0 2 3 0 0 4 1 3 3 4 3 1 4 3 1 2 1 4 3 2 4 0 0 4 4 4 4 1 4 1 4 2 3 4 2 3 3 0 3 2 4 2 0 3 2 1 2 0 0 2 2 2 3 3 4 2 4 0 1 2 0 2 4 2 2 3 1 2 4 1 0 3 2 4 3 2 1 1 4 1 3 1 0 1 1 4 3 2 0 1 0 2 0 1 1 2 4 4 
4 0 2 1 3 4 1 3 1 4 4 0 3 4 3 3 0 2 0 0 4 0 1 4 4 1 2 0 0 4 4 1 4 1 3 0 2 1 3 3 2 3 0 0 2 0 1 0 2 1 0 2 3 4 3 2 2 1 2 3 0 3 4 1 4 4 1 3 2 0 1 0 0 3 0 4 3 1 4 1 4 2 0 2 1 3 4 0 1 3 3 1 1 0 3 2 1 1 0 4 0 1 3 4 3 1 1 3 2 0 4 3 4 1 3 2 4 3 3 0 0 4 0 3 2 0 1 0 4 3 2 3 1 3 2 0 4 3 0 3 3 4 1 0 3 1 4 2 0 2 
4 2 3 0 0 1 2 2 3 1 2 0 4 0 0 3 2 0 4 2 3 4 4 2 4 2 0 0 1 0 3 1 2 3 3 3 4 0 2 2 4 1 3 0 3 3 4 1 0 0 0 1 4 4 0 1 1 0 1 3 3 1 4 2 0 4 2 4 4 4 2 0 2 2 1 1 2 2 4 0 2 4 3 1 4 0 2 0 0 4 0 0 2 1 3 2 0 0 2 2 2 0 1 2 4 3 3 2 2 0 1 4 4 1 2 3 2 2 0 2 0 1 0 0 4 1 3 3 2 1 0 4 3 3 1 4 3 2 2 1 4 0 0 4 3 0 2 0 4 4 
0 4 3 0 2 4 3 2 2 0 3 0 1 1 3 0 3 2 4 2 0 3 2 2 4 1 4 3 3 4 0 3 0 3 0 2 4 4 0 1 1 3 3 0 2 4 0 0 3 1 2 0 1 1 2 1 4 2 1 3 3 1 3 3 1 4 3 0 0 3 4 3 3 4 3 2 3 0 4 1 1 3 1 3 0 1 1 4 0 2 4 3 1 3 3 2 2 1 3 4 1 4 0 2 0 3 1 4 2 1 4 0 0 2 4 0 2 0 1 4 0 0 3 0 1 1 3 4 0 2 4 4 3 3 2 0 3 0 0 0 3 4 3 0 1 2 0 1 4 3 
0 4 4 3 1 0 2 1 1 4 3 0 4 2 0 3 2 4 0 2 1 0 1 1 1 0 3 1 1 2 0 3 3 1 3 1 1 0 3 0 0 1 0 1 0 3 1 3 4 1 2 0 3 1 2 4 1 2 1 4 2 3 2 2 4 0 4 2 3 2 2 0 0 0 3 1 0 4 1 4 2 3 1 0 1 0 0 4 3 3 3 2 3 2 4 4 0 3 1 3 0 1 0 0 3 1 3 4 1 4 0 2 3 0 3 3 4 1 0 3 1 0 2 3 0 1 2 4 1 1 1 1 3 2 1 1 0 1 2 3 0 4 0 3 0 0 4 4 1 1 
2 2 2 1 2 2 0 0 2 1 3 0 3 1 4 1 0 4 3 2 4 0 2 1 4 4 1 0 0 0 1 4 4 0 3 2 0 3 2 2 4 2 4 4 0 3 3 0 4 1 0 3 1 4 1 2 0 2 2 0 4 4 4 4 1 4 3 1 2 2 0 4 4 4 0 4 4 3 2 0 4 2 0 3 3 1 0 3 1 0 3 0 1 4 1 2 4 4 4 1 1 4 2 2 0 1 3 2 0 1 4 1 3 3 1 1 1 0 3 4 1 0 2 1 1 3 0 4 2 1 3 1 0 4 3 2 0 1 1 1 3 2 4 3 0 2 4 3 2 4 
2 3 0 1 2 1 0 4 2 4 0 2 0 0 2 4 3 2 0 1 0 0 4 4 3 1 2 4 0 1 4 4 2 1 1 1 4 3 0 2 2 0 4 0 3 1 4 3 1 1 4 1 2 3 1 2 0 0 2 0 3 3 4 0 4 2 1 3 2 3 0 2 1 2 2 4 0 1 2 1 2 1 3 1 2 4 4 4 1 1 4 4 4 0 2 0 0 3 3 2 4 1 1 0 0 0 3 1 0 1 0 2 1 3 0 2 0 1 3 4 4 1 0 3 2 3 0 2 0 1 3 4 2 1 1 4 1 4 0 1 3 0 0 4 3 2 3 1 3 2 
0 4 0 3 0 3 3 2 0 3 3 0 2 2 1 3 1 2 0 3 4 3 3 1 4 4 4 2 2 4 1 2 4 2 2 4 0 0 1 2 3 2 3 3 1 4 1 3 2 3 1 3 3 2 1 2 3 0 0 0 0 1 4 1 3 2 2 0 4 3 0 0 2 3 3 4 2 1 4 1 0 2 1 3 1 3 3 4 3 3 1 0 1 1 1 2 0 3 2 4 4 2 1 3 2 4 0 4 2 3 0 3 0 3 2 0 4 0 3 1 0 1 2 1 0 3 4 2 0 0 4 0 1 4 3 1 1 3 1 3 3 1 4 3 1 1 3 3 3 4 
4 3 0 1 1 0 2 3 4 2 0 1 4 1 0 3 4 3 3 0 4 1 4 0 4 2 3 4 0 1 3 4 1 1 3 3 3 0 3 3 2 3 4 2 4 1 0 3 1 3 1 2 4 2 2 0 1 0 1 2 3 0 3 0 3 1 0 3 1 3 3 4 1 4 3 2 0 0 2 4 3 0 1 4 2 1 1 4 3 2 3 2 4 1 4 4 3 4 3 4 2 1 0 0 1 3 2 0 3 3 4 4 3 0 1 4 4 4 0 0 2 0 3 1 4 0 0 1 0 4 4 1 3 2 2 3 0 2 2 4 3 4 3 3 4 1 3 0 2 3 
1 0 0 1 3 0 3 4 1 3 0 2 0 4 4 4 4 0 1 2 1 1 1 1 0 2 0 3 2 2 3 0 4 4 2 3 1 0 2 4 1 2 1 1 3 2 2 3 4 3 2 0 0 3 2 0 2 4 0 4 1 3 2 1 2 4 1 3 1 3 2 4 2 0 2 1 3 4 1 2 3 3 0 0 1 4 2 3 3 2 4 4 0 1 2 0 2 3 3 1 3 3 0 1 0 0 4 3 0 4 0 3 4 3 3 1 1 2 3 1 2 0 2 1 3 4 1 3 3 1 3 1 0 3 4 3 4 4 4 4 0 4 2 0 4 2 1 0 1 2 
3 3 2 0 2 2 1 3 0 2 1 1 3 3 4 4 1 3 3 0 0 4 1 4 1 0 2 4 2 0 1 0 4 1 3 3 3 4 3 1 1 4 2 2 3 1 1 1 2 2 2 4 1 0 3 4 3 2 3 0 3 2 3 4 3 1 2 1 2 0 4 1 4 1 3 4 0 4 1 4 1 0 3 4 0 1 0 0 4 4 1 2 3 1 3 1 4 0 4 3 0 4 4 1 2 4 1 2 4 0 2 1 2 2 1 4 4 3 4 0 4 0 3 3 3 1 1 1 2 3 1 0 3 2 0 1 4 4 2 2 0 1 0 0 0 4 1 0 4 0 
2 3 3 2 3 3 3 1 0 0 4 3 2 2 0 2 3 1 4 3 0 1 4 3 3 2 2 4 4 1 2 1 1 0 0 4 0 3 0 2 0 1 0 2 3 2 2 3 1 3 3 1 4 0 4 3 2 1 2 1 2 1 4 3 1 4 4 4 2 1 1 4 2 4 1 2 1 0 3 2 3 1 1 0 1 0 0 3 4 4 1 1 1 0 2 4 4 3 3 1 0 0 2 4 4 1 2 2 1 0 0 2 2 1 0 2 0 0 2 0 4 1 2 3 4 2 2 4 2 0 2 0 2 4 3 2 0 4 1 0 2 1 2 4 4 4 1 4 4 0 
2 1 4 4 1 3 1 3 2 0 0 2 3 0 1 1 2 2 2 3 2 4 1 1 1 0 0 2 2 1 0 4 2 4 0 0 2 1 3 2 4 1 4 2 1 0 0 3 4 4 3 3 0 1 1 1 3 3 4 0 0 4 1 4 0 1 0 2 0 0 4 4 1 0 3 2 3 3 2 2 2 0 3 2 3 4 1 2 3 0 2 0 1 1 1 1 2 1 0 2 4 2 3 0 2 1 3 0 1 2 0 0 0 0 3 0 3 4 1 0 2 3 0 4 4 1 1 2 0 4 4 0 3 1 3 4 1 2 4 3 3 1 3 4 1 3 1 2 3 2 
2 2 0 2 2 1 0 0 0 1 4 4 1 3 3 1 4 1 3 0 4 4 3 3 0 2 1 1 4 1 3 1 4 0 1 3 1 3 3 3 1 4 4 2 2 2 1 3 3 4 0 3 0 4 3 0 1 1 1 0 3 1 3 2 3 1 0 4 2 0 4 3 4 4 1 4 3 4 4 2 3 0 2 4 4 2 1 2 3 0 4 1 3 2 3 2 1 0 3 3 2 3 1 4 2 4 3 0 3 2 4 4 0 4 3 0 3 0 3 2 4 3 1 0 2 1 1 4 2 3 4 2 3 2 0 2 1 0 0 2 0 4 3 1 4 2 1 4 2 0 
4 3 3 0 4 2 3 2 3 2 2 3 4 0 2 0 2 4 2 4 3 2 1 1 4 0 3 2 1 3 2 0 1 3 3 2 2 1 1 3 4 4 1 0 1 3 0 4 4 4 0 2 4 1 4 0 3 4 2 0 2 2 2 1 2 2 0 4 4 2 2 0 3 0 0 4 1 3 0 0 4 1 3 3 2 4 3 1 3 1 3 3 0 2 4 2 0 1 3 1 3 3 1 3 3 3 3 4 3 0 2 3 1 0 0 3 1 4 2 4 4 0 2 2 0 1 3 2 1 0 2 2 0 0 0 4 1 1 4 2 4 4 4 4 3 1 3 4 2 2 
0 2 2 4 1 2 0 0 1 2 2 0 1 2 1 4 3 2 0 4 1 1 4 1 3 4 4 3 0 2 0 0 1 2 4 2 1 1 4 4 3 1 4 2 4 2 3 4 1 0 4 3 3 0 1 1 4 0 4 1 4 1 1 0 0 2 0 1 3 4 2 4 1 4 3 2 1 1 1 3 1 0 3 4 2 4 1 1 4 2 2 4 1 0 1 1 2 1 0 3 1 2 4 4 3 2 1 0 3 4 0 4 2 3 0 0 4 4 3 1 3 3 0 4 4 1 3 0 0 4 2 0 2 2 4 3 0 1 4 0 1 1 2 2 3 0 3 2 4 1 
0 0 4 3 1 3 1 1 1 3 1 3 4 0 0 0 4 3 2 0 3 0 1 3 3 1 3 1 4 0 4 1 2 4 4 0 4 2 2 2 1 0 3 2 0 0 2 1 3 1 2 4 2 0 2 2 2 2 3 3 2 2 4 1 3 1 2 3 0 4 2 1 4 0 3 1 1 3 3 4 1 2 3 3 2 0 0 4 3 0 2 2 0 4 4 3 0 3 1 0 4 4 4 0 1 4 1 2 4 1 2 1 3 2 1 0 3 0 4 2 0 4 2 2 4 1 3 3 3 1 1 0 0 2 1 2 4 1 4 3 0 2 0 3 1 0 0 4 0 4 
3 0 0 0 4 0 3 3 0 1 1 3 4 4 1 0 1 2 1 2 0 4 0 3 2 3 0 4 2 0 3 2 2 4 3 1 1 3 1 1 0 0 1 4 1 4 1 2 1 0 2 4 1 2 4 3 0 4 3 4 4 3 1 3 4 1 1 0 0 3 3 2 0 0 3 1 4 4 0 3 1 2 2 2 4 3 3 1 2 1 2 1 1 1 1 1 4 2 1 1 0 2 3 2 2 3 3 3 0 4 3 1 1 0 4 3 0 3 2 1 2 0 1 3 1 2 1 4 1 4 3 3 1 0 3 4 4 4 2 2 4 3 1 2 2 3 1 0 4 0 
3 3 2 4 2 1 1 0 0 0 4 3 0 1 0 0 2 4 4 1 4 0 0 2 3 2 2 1 4 3 4 2 2 1 2 1 2 0 1 0 2 3 0 2 1 1 0 3 2 4 4 3 2 4 2 0 3 2 3 2 0 2 0 4 4 4 2 3 1 1 3 4 4 4 3 0 2 3 0 4 0 4 0 4 1 2 1 4 4 4 4 2 4 4 3 3 0 3 3 3 4 2 4 0 3 3 2 0 3 2 4 0 3 1 4 4 4 0 0 1 0 0 0 4 4 1 0 4 1 3 4 1 2 1 1 4 1 4 1 1 4 3 3 0 1 4 1 3 0 2 
4 1 4 1 2 0 2 2 4 0 0 0 1 4 4 2 3 0 3 4 2 0 4 0 0 1 1 1 1 2 0 2 0 4 3 2 4 0 2 0 0 4 1 3 4 0 1 4 0 1 4 4 1 3 1 3 1 3 2 4 2 2 1 2 4 4 1 3 4 0 1 1 0 2 0 4 4 3 3 1 4 4 1 3 0 2 1 3 2 0 3 1 0 4 0 1 4 2 4 0 4 2 2 4 1 2 3 0 0 4 2 1 3 0 4 0 4 3 0 4 4 0 2 0 0 1 1 1 2 0 3 3 4 2 0 4 4 4 4 4 1 3 3 2 4 0 2 4 0 2 
0 4 2 2 1 0 1 2 3 3 4 1 1 4 4 3 0 0 4 4 1 0 0 0 3 1 2 2 2 2 4 3 3 3 2 2 3 3 1 2 2 1 0 0 2 1 1 2 1 0 3 3 3 0 0 1 3 2 0 1 2 4 1 2 2 3 4 3 2 1 0 1 4 0 3 1 4 4 0 0 2 3 0 0 1 2 3 4 0 3 2 4 4 3 3 3 2 3 1 1 1 3 4 0 1 2 3 0 4 3 2 3 1 3 3 4 0 3 4 0 2 1 1 3 2 0 2 0 4 2 4 2 3 4 1 0 0 0 3 2 4 1 0 2 4 0 2 4 2 0 
0 2 3 1 2 2 3 4 0 4 1 4 1 1 0 4 3 1 0 1 0 1 4 2 1 1 2 3 2 2 1 2 1 1 0 3 1 4 0 1 0 3 2 2 0 2 3 0 0 0 2 1 4 3 3 0 1 3 0 3 2 3 0 3 2 1 3 3 2 3 4 2 2 3 1 4 0 2 4 1 2 3 4 3 2 2 3 3 0 1 4 4 4 4 2 1 2 1 1 1 1 2 4 3 0 0 2 3 4 2 4 2 0 3 2 4 2 1 0 0 0 2 4 4 3 0 4 2 0 2 0 1 3 3 0 2 3 3 1 3 2 3 4 1 1 4 4 2 2 2 
4 4 1 3 3 1 1 4 3 1 1 4 2 0 2 0 4 2 3 0 3 2 1 2 4 2 2 0 1 4 2 1 3 0 1 3 1 2 3 0 3 4 1 3 1 0 3 0 4 1 1 2 0 2 0 4 4 2 1 2 3 0 3 1 0 2 4 2 4 4 4 0 4 0 3 0 2 3 1 1 1 4 4 1 1 1 3 2 3 4 4 1 0 0 4 2 2 0 4 3 0 0 0 1 2 0 3 4 3 1 3 4 0 4 3 3 0 1 0 0 2 0 2 3 4 2 2 2 1 4 3 4 1 4 0 4 3 0 0 3 1 1 1 2 4 0 0 2 2 1 
0 2 4 2 0 3 1 4 2 2 0 1 3 2 2 0 1 0 3 3 0 4 0 1 1 1 3 2 0 0 0 2 2 4 4 4 0 0 3 4 4 4 2 3 3 4 0 1 2 3 0 4 2 2 3 1 3 1 0 0 4 0 3 3 2 4 3 2 0 3 3 1 4 1 1 2 2 2 4 4 2 1 4 2 3 4 3 3 0 3 3 4 0 3 3 2 3 3 1 0 1 0 1 1 1 3 0 3 2 1 0 4 2 1 1 2 0 1 0 0 4 1 0 2 0 4 2 4 2 0 1 4 3 1 1 1 2 1 4 2 0 0 2 4 0 3 3 2 0 4 
0 1 1 1 0 3 2 4 2 0 1 3 4 4 1 2 3 3 0 2 3 0 2 0 2 4 1 0 2 1 4 4 4 0 0 1 0 2 0 3 4 3 1 1 3 3 3 1 3 1 0 3 1 2 1 3 4 2 3 3 0 0 2 2 2 2 0 3 1 3 1 3 1 4 4 4 4 4 2 0 0 4 3 2 2 4 0 3 3 1 1 4 1 3 3 0 0 3 3 3 1 4 1 3 1 0 4 0 2 4 0 2 3 4 1 2 3 4 0 4 0 1 0 0 3 4 3 3 1 3 2 2 2 3 3 2 1 1 3 2 3 2 4 2 3 3 4 2 4 3 
0 3 0 3 0 3 3 3 3 1 3 2 0 0 1 1 2 4 4 3 1 4 2 1 1 0 1 2 0 2 0 0 2 0 3 2 0 3 2 4 2 1 1 2 3 4 3 3 1 4 1 2 3 3 0 0 1 4 2 1 1 0 3 4 2 1 1 3 2 4 4 4 2 2 3 0 4 4 3 0 3 4 4 2 0 0 2 1 4 1 2 2 1 0 1 1 3 0 1 0 4 2 4 1 4 0 3 0 4 2 0 2 3 0 4 3 2 3 1 3 2 0 0 0 0 0 4 1 1 4 2 1 3 4 3 1 1 3 1 1 2 0 2 1 4 4 1 4 3 1 
1 1 3 1 3 4 4 2 2 0 1 0 3 1 1 1 4 2 1 1 1 3 1 0 2 2 4 0 2 4 1 0 0 2 3 0 1 2 3 0 4 1 0 0 3 4 1 2 1 0 0 2 3 4 2 2 1 3 2 0 2 4 0 4 3 1 0 1 0 3 1 0 4 2 0 4 1 3 4 4 3 1 4 4 0 3 1 2 2 1 2 1 0 0 1 0 3 1 1 3 1 2 0 2 1 2 2 4 3 3 4 1 4 3 2 0 3 1 4 0 2 1 2 4 3 0 0 4 1 3 2 2 4 4 2 1 1 2 0 0 0 0 1 3 0 1 1 0 0 4 
4 2 3 2 4 4 3 1 0 1 4 2 0 3 1 3 2 4 2 4 2 2 0 3 0 2 0 3 4 2 4 0 4 2 2 1 1 2 2 1 1 2 3 1 2 2 1 1 3 3 3 0 0 3 4 3 2 1 1 1 3 1 1 2 0 3 3 2 3 3 0 4 0 1 2 4 0 4 1 3 4 4 4 0 4 0 3 1 1 1 2 4 4 3 3 0 3 4 4 3 2 4 4 4 0 2 3 2 3 1 1 2 0 0 4 1 0 4 2 3 1 1 4 0 1 2 0 0 0 1 4 0 0 1 0 4 3 2 0 1 2 1 2 4 4 4 1 0 4 0 
0 2 1 1 1 4 0 0 1 0 4 3 0 4 4 2 1 2 1 1 0 3 2 2 0 1 1 1 4 2 1 4 1 0 2 4 1 2 2 2 4 1 0 2 2 4 4 3 4 3 4 4 1 2 4 3 0 2 4 4 2 3 3 3 0 3 0 1 0 2 3 2 0 1 1 2 0 2 1 1 0 0 3 2 4 2 2 0 4 4 4 3 2 0 2 4 3 4 0 0 1 0 2 1 1 3 3 4 3 1 0 3 2 3 2 1 2 0 1 4 4 3 2 3 3 1 2 0 1 0 4 1 3 4 1 1 3 1 2 2 4 3 4 3 2 0 2 1 2 2 
4 3 1 2 1 4 0 4 3 3 0 2 2 0 2 3 2 0 1 1 4 1 4 3 1 4 3 3 0 3 3 4 1 4 4 4 1 1 4 4 0 1 2 2 3 1 2 2 3 3 3 2 1 0 2 4 4 1 0 1 1 3 2 4 4 1 4 2 3 0 2 0 3 1 2 1 4 4 4 2 4 4 1 3 4 3 2 0 1 2 3 2 2 1 4 2 4 0 1 2 0 0 2 0 1 1 3 2 2 4 1 4 4 2 2 0 3 4 3 4 4 1 4 3 4 3 2 4 0 3 4 3 0 4 1 0 3 4 3 0 2 3 4 1 4 3 0 4 1 1 
4 3 0 3 4 1 2 2 3 1 2 4 0 4 4 3 1 4 2 1 1 1 1 0 4 0 4 4 2 2 1 1 0 3 4 4 4 4 3 0 0 2 4 2 3 0 2 4 4 2 1 1 3 2 3 0 0 2 4 4 2 2 2 2 1 4 4 2 3 4 4 0 2 1 3 2 1 2 2 3 4 0 4 0 4 4 0 4 2 1 3 4 4 3 3 2 2 4 4 0 4 1 0 3 2 0 0 0 3 4 3 4 4 4 4 4 4 4 0 3 1 4 4 0 2 4 2 1 4 0 3 1 3 4 3 3 3 1 3 4 1 3 2 0 4 2 0 3 3 4 
4 1 2 0 0 2 4 4 1 0 0 2 3 3 1 1 3 2 4 2 1 0 2 0 1 3 4 3 2 2 4 3 3 2 3 0 4 4 2 3 4 2 0 4 3 3 2 1 0 2 0 1 4 4 4 2 3 3 0 2 1 0 0 1 2 0 4 3 4 1 1 0 0 3 4 0 2 1 4 2 0 1 1 0 3 0 2 1 0 3 0 1 0 0 3 2 2 4 2 1 2 1 3 2 4 2 0 1 0 4 1 1 2 4 1 0 1 0 3 1 0 3 3 0 0 3 4 2 2 4 0 0 4 0 3 3 4 0 0 1 3 1 4 4 4 3 2 1 4 2 
0 0 0 0 0 0 1 0 2 3 2 1 4 3 1 4 4 0 0 1 3 3 3 2 4 2 2 3 0 1 2 0 4 2 1 4 0 4 0 2 4 4 3 0 0 1 0 4 3 2 0 2 2 0 1 1 4 4 1 0 0 3 0 4 1 3 1 1 4 1 3 4 0 3 1 0 1 1 1 4 0 4 1 2 4 0 0 4 4 1 1 1 2 3 1 3 4 4 4 3 0 4 4 2 4 1 0 0 4 3 4 0 2 3 4 4 3 2 0 2 0 1 3 2 1 1 0 0 2 1 4 0 2 2 0 2 1 1 2 3 3 0 3 0 0 3 1 1 1 3 
3 0 4 1 0 1 2 4 2 3 1 0 2 1 3 4 3 1 1 0 0 1 2 0 1 4 3 2 0 1 3 3 1 2 4 1 3 2 2 2 2 4 3 1 0 3 0 0 4 3 0 1 4 4 1 2 4 1 2 4 2 0 0 0 2 1 4 2 3 1 0 2 2 0 3 4 0 4 4 1 2 1 3 4 1 1 1 0 0 3 1 2 0 1 0 4 3 4 2 3 2 4 1 0 1 1 1 1 0 1 2 0 2 2 4 0 1 0 2 1 1 4 3 1 2 0 1 0 4 0 1 2 0 4 4 4 2 0 0 3 1 3 2 3 1 2 2 3 3 2 
1 4 0 0 4 4 4 0 2 2 1 2 3 0 3 4 4 0 4 2 0 2 0 4 0 3 1 2 2 4 2 3 0 4 0 0 3 4 2 0 3 3 2 1 1 0 0 0 2 2 2 2 1 0 2 4 3 3 1 0 0 0 0 2 0 2 4 0 4 1 1 2 2 0 4 3 3 1 0 0 0 0 0 2 0 2 1 0 2 4 1 4 2 3 2 2 1 1 4 0 0 0 2 2 1 3 2 4 0 2 1 2 4 1 4 1 0 2 2 3 4 3 4 1 1 1 0 4 0 4 4 0 2 0 2 4 3 0 1 4 2 0 2 0 0 4 1 1 4 1 
3 4 0 3 4 3 2 2 0 1 2 4 3 2 1 0 3 1 2 4 2 2 0 0 4 2 1 0 0 2 3 1 4 0 1 3 3 3 2 3 2 0 0 0 4 3 2 3 2 1 4 4 3 1 1 2 3 4 0 1 2 3 2 1 1 0 1 4 1 3 0 3 0 2 0 2 0 4 2 2 0 1 4 1 0 2 3 0 2 0 1 1 1 0 4 2 1 0 3 2 0 3 2 3 2 2 0 3 3 4 2 3 0 1 4 2 1 0 3 3 0 4 4 1 0 0 0 3 0 4 2 2 4 4 0 0 2 3 2 0 1 1 4 1 4 3 1 1 4 3 
4 4 0 1 0 4 3 0 4 1 2 3 0 4 0 4 2 2 4 1 4 0 3 3 1 4 3 4 2 2 4 4 1 0 2 1 4 0 3 0 3 0 1 3 0 1 4 4 3 3 0 4 0 0 4 1 1 3 3 4 2 2 0 4 4 2 2 3 4 1 4 2 3 2 2 3 3 3 4 3 1 0 2 1 0 3 4 4 1 4 0 1 4 0 2 3 4 4 2 3 2 3 2 1 2 1 1 0 4 3 0 2 3 2 0 0 2 1 4 4 1 4 0 0 1 2 0 2 3 4 2 3 4 1 1 0 1 2 4 1 3 2 1 0 2 0 0 3 0 2 
4 1 0 1 3 2 4 2 2 2 0 2 4 0 1 1 3 0 0 3 1 4 2 0 4 0 2 2 0 2 1 4 0 1 2 3 0 2 0 4 4 1 1 0 3 0 3 2 0 4 2 3 0 4 0 4 4 0 3 4 4 4 1 0 2 3 3 2 0 4 2 1 2 0 4 0 2 2 4 2 3 1 3 3 1 3 3 2 0 1 2 0 3 3 0 0 3 0 0 4 4 4 2 1 4 1 4 4 4 0 3 2 4 1 3 0 2 1 4 2 4 3 4 4 3 1 0 2 2 2 3 1 1 0 0 2 0 2 1 3 3 1 2 2 0 3 0 2 2 3 
4 2 0 2 1 4 1 0 1 3 2 0 1 0 3 1 0 1 0 3 4 3 2 3 3 4 4 3 2 1 4 3 0 1 0 4 2 1 4 4 4 1 1 2 1 0 4 4 3 1 4 2 2 1 3 0 1 2 0 0 3 4 3 4 2 0 0 0 2 4 4 3 2 2 1 0 2 2 1 0 3 1 0 0 4 3 2 0 0 3 2 0 4 2 1 2 3 1 2 2 2 3 0 4 0 1 0 0 0 1 0 4 2 2 1 2 0 4 4 2 4 4 3 3 3 1 0 1 3 4 3 2 2 1 2 0 2 0 2 0 3 0 2 4 0 0 0 4 2 1 
3 0 0 4 0 4 3 3 1 1 3 3 0 1 2 1 3 2 0 2 4 0 2 2 4 4 4 2 3 1 3 2 3 1 3 0 2 1 4 3 3 2 3 0 3 1 3 3 0 0 0 0 3 0 4 2 4 0 1 3 3 2 2 4 3 0 4 0 4 3 0 4 3 4 1 3 2 1 2 2 1 4 4 4 4 0 4 1 0 2 4 1 4 3 0 4 0 4 4 4 0 2 0 0 3 1 3 0 4 2 2 1 2 4 2 1 4 3 2 2 1 3 3 2 1 3 2 2 2 3 3 4 0 4 4 3 2 3 0 0 2 0 0 0 4 4 4 1 3 3 
0 2 4 1 0 3 4 3 0 1 3 4 2 2 1 3 4 2 0 4 2 4 4 2 4 4 3 4 2 4 4 4 1 3 2 2 1 2 2 4 0 2 3 2 2 1 2 1 3 3 0 3 2 1 0 4 2 4 0 1 3 4 1 1 4 0 0 2 2 3 1 3 2 1 2 4 3 0 2 3 0 4 1 4 1 4 3 0 0 0 2 0 4 0 1 3 0 2 1 0 2 2 3 4 1 2 1 1 2 3 4 4 0 3 4 1 2 4 3 2 0 2 4 4 2 0 3 0 2 1 0 1 0 0 1 1 2 2 2 0 2 2 4 1 2 4 2 0 1 2 
4 0 2 3 4 3 1 1 1 3 1 4 3 2 0 0 3 3 4 2 3 1 2 2 0 4 1 2 2 4 1 3 1 3 1 0 2 4 3 0 2 4 0 2 2 2 2 0 0 2 0 3 0 2 2 2 3 3 0 0 4 1 0 0 2 2 2 1 1 1 3 1 0 0 0 2 2 0 0 3 4 2 3 4 4 1 2 4 1 4 0 1 2 0 3 1 4 1 2 3 4 3 1 4 3 1 4 3 1 1 3 0 3 1 2 4 4 1 3 1 2 0 4 4 3 2 3 2 0 2 2 4 0 3 1 1 0 0 4 3 0 3 2 4 1 0 3 0 0 4 
0 3 1 1 2 2 4 1 0 3 2 3 1 3 0 1 4 1 1 1 2 0 1 1 1 2 4 4 4 1 0 0 4 3 3 3 0 4 1 3 2 3 3 0 4 0 2 0 2 0 4 1 2 0 3 0 3 2 1 4 3 1 1 4 4 4 2 2 0 3 2 0 4 0 0 0 0 4 0 4 2 4 1 1 0 1 2 0 3 3 1 3 2 3 2 3 4 1 0 0 1 2 0 2 4 2 2 0 4 0 1 3 4 2 4 1 3 1 1 3 2 0 1 1 3 0 4 2 3 2 4 0 1 1 4 1 1 2 3 0 2 0 4 0 3 4 4 2 4 3 
0 3 2 0 1 3 3 4 4 3 2 1 4 4 0 3 1 3 4 0 1 1 4 2 1 2 3 0 1 3 0 2 3 2 2 4 0 3 0 2 1 0 0 2 1 0 0 2 3 4 2 1 2 1 1 3 1 4 1 2 4 1 4 2 4 4 4 1 2 4 3 0 4 4 2 1 4 3 0 0 4 3 1 2 1 4 0 2 4 1 0 0 3 1 3 4 0 2 0 2 1 4 2 3 3 2 4 4 0 4 4 4 4 3 1 1 4 4 3 3 2 0 1 0 4 4 1 4 1 2 4 4 3 3 2 3 0 3 4 2 0 4 0 4 4 4 0 0 3 1 
1 4 4 3 0 1 2 1 3 4 2 2 0 3 0 3 1 0 1 4 4 3 1 0 2 1 4 0 3 0 1 4 1 2 0 1 4 4 2 4 3 1 1 3 4 3 4 2 0 0 4 4 0 0 0 0 3 1 0 2 3 3 3 4 3 3 2 2 3 1 3 3 4 4 2 4 4 3 3 4 3 4 0 0 2 2 0 0 1 2 2 4 3 1 1 1 1 3 0 1 0 3 0 4 4 4 0 3 2 1 4 0 0 4 0 4 4 3 0 0 0 4 4 3 2 2 4 4 1 4 2 3 2 2 4 3 1 2 1 3 3 2 0 0 0 2 3 0 1 1 
2 3 1 1 4 2 4 2 1 0 3 3 2 3 2 0 2 1 3 4 4 4 4 2 4 0 1 2 2 4 0 4 2 4 0 1 1 1 3 2 1 3 2 1 1 0 1 1 3 1 0 2 0 0 4 2 2 2 1 4 1 2 0 3 1 0 2 2 4 0 1 0 1 1 1 4 3 4 0 1 3 3 0 3 3 2 0 2 4 2 3 1 1 3 1 2 3 3 1 4 1 4 2 2 0 0 3 3 0 4 1 0 2 2 3 2 4 1 1 3 0 4 4 1 2 3 0 2 1 3 2 4 2 4 3 0 4 2 0 1 3 2 1 0 0 4 2 4 3 3 
2 3 0 1 3 1 3 3 3 2 4 1 4 4 0 0 2 2 0 4 3 3 2 2 0 4 1 2 0 1 2 2 4 2 0 4 0 3 2 3 3 4 1 2 3 3 3 2 1 0 4 1 3 3 0 0 0 1 4 0 4 3 0 0 2 2 0 2 3 4 2 1 3 0 3 3 4 3 3 2 0 2 0 1 0 0 1 2 3 3 0 4 1 0 4 4 2 1 3 2 3 1 3 1 1 2 2 2 2 0 1 3 4 1 4 1 1 2 4 1 0 4 0 4 1 2 0 0 3 3 3 1 1 1 0 0 0 4 4 3 1 1 3 0 2 0 2 3 1 1 
2 4 2 1 0 3 4 2 3 0 2 3 3 1 2 1 1 2 2 2 1 2 3 4 2 0 2 1 3 0 2 1 4 1 4 1 4 4 0 4 1 0 3 1 1 0 2 4 4 1 1 2 0 4 2 2 4 1 3 2 3 1 0 2 4 0 1 4 1 3 3 2 3 3 0 4 0 2 3 4 1 1 4 3 0 1 1 1 4 1 1 2 4 1 1 4 3 4 3 4 3 3 3 1 4 3 3 4 3 3 1 1 0 0 4 0 3 2 4 4 1 0 1 0 1 4 4 2 4 4 3 2 0 2 0 4 2 3 0 2 2 1 0 2 3 2 0 4 1 1 
3 0 2 0 3 3 2 3 4 4 4 1 4 1 3 1 1 2 1 2 2 0 4 1 1 3 4 3 4 1 4 0 3 4 0 4 4 4 2 0 0 1 1 0 4 4 3 2 3 4 4 3 2 0 4 3 0 3 3 2 1 4 2 0 3 2 1 4 2 3 0 4 1 3 4 2 0 3 4 3 4 1 3 1 3 2 4 4 3 4 1 4 1 0 1 1 2 2 1 1 2 1 1 0 4 2 2 4 0 4 0 0 2 3 1 0 3 3 1 1 4 4 0 0 4 4 2 4 1 3 2 4 1 0 4 0 3 4 2 0 0 2 2 4 2 1 4 0 0 4 
3 1 0 4 4 1 1 3 3 2 4 3 4 0 4 2 2 1 2 3 3 4 3 2 2 2 2 3 3 2 4 3 1 4 3 2 0 4 0 0 1 1 3 2 4 4 1 3 1 0 1 1 0 1 4 2 0 1 2 0 0 3 4 3 2 4 0 0 3 2 2 1 1 1 0 0 2 4 3 3 4 1 0 4 2 1 3 2 4 2 4 4 0 3 0 0 2 0 2 2 0 4 0 1 2 3 3 0 2 1 3 3 2 0 0 1 1 3 0 0 3 4 2 0 3 4 0 2 4 4 2 1 4 2 2 1 2 0 1 1 3 2 0 2 2 0 3 4 0 0 
3 1 3 3 0 1 3 4 3 0 1 3 2 2 2 2 0 0 1 2 2 3 1 1 3 3 3 0 4 4 0 2 1 1 2 3 2 0 3 0 1 4 3 0 1 2 4 3 3 1 3 2 4 4 3 4 4 1 4 3 1 4 3 4 0 0 2 4 1 0 2 4 1 2 4 0 0 1 3 0 2 3 2 1 2 0 0 4 3 1 4 1 0 4 0 3 0 0 4 3 2 1 2 4 4 3 1 1 4 1 1 3 0 3 4 2 0 1 3 3 2 0 0 0 4 2 0 4 4 4 4 2 3 1 3 2 2 4 0 3 0 1 2 0 1 3 0 1 0 0 
