100
458 2297
187 44809
649 8184
120 16733
806 45473
71 3013
117 16775
934 35076
705 52198
480 22937
606 27870
715 52752
644 29598
851 24017
968 10601
170 38853
393 3004
30 10704
530 39656
625 22531
448 29671
771 39236
101 33475
221 11178
93 11618
770 45173
625 29385
116 53643
665 46820
37 8391
629 52791
69 2402
917 29223
756 46192
256 7478
714 15583
289 11455
489 38984
917 34635
262 44959
725 16385
819 34198
454 15997
703 27614
279 46712
605 22427
256 7707
249 34574
920 8576
580 16203
629 34835
814 21808
120 27684
298 23592
474 39425
832 45922
215 35285
614 16871
697 22768
319 10784
334 2306
697 7129
249 40349
399 23863
162 3117
54 11262
80 39230
649 28812
353 16133
849 44876
144 3105
931 52499
193 16386
906 51715
154 7388
487 52762
974 23490
115 54068
217 2581
264 34492
245 10501
283 7124
746 15608
875 40498
202 2744
246 2471
469 11033
910 39316
950 54136
563 33944
179 28480
429 28329
745 53263
299 10708
423 22922
366 46338
515 34491
332 39698
139 7831
999 8509
0 53 37 44 11 13 93 27 75 97 24 98 32 46 50 100 44 85 23 40 26 11 37 83 1 70 83 99 65 84 7 28 85 87 67 66 87 7 39 75 99 22 80 25 71 87 68 15 54 52 64 4 79 28 33 79 33 88 68 93 8 18 58 58 86 48 82 51 87 12 14 81 43 77 70 49 35 11 73 23 59 44 88 62 11 90 33 92 66 9 10 94 100 65 94 8 34 99 60 66 
82 0 21 80 3 9 69 49 53 46 66 49 74 69 22 14 88 45 66 16 38 100 18 12 51 39 13 84 94 35 79 46 37 73 85 17 90 85 56 31 72 18 78 16 78 17 79 51 24 33 14 94 96 67 13 21 17 2 35 27 18 29 45 41 88 7 79 92 86 45 87 90 75 27 79 40 77 51 56 82 63 51 46 69 40 63 97 26 100 72 28 60 3 73 24 86 41 85 53 15 
91 64 0 99 22 81 83 34 14 79 80 22 51 97 43 25 27 57 92 98 26 34 89 92 56 4 36 50 33 22 85 32 9 33 7 6 63 86 45 92 61 36 35 36 43 56 65 9 83 45 4 18 70 67 92 36 26 35 98 96 27 95 54 16 69 89 4 38 42 15 33 26 73 15 24 30 3 100 32 13 19 68 59 32 23 5 29 80 94 15 64 99 14 94 40 38 80 16 83 23 
27 63 94 0 31 56 16 4 43 59 4 56 1 29 88 25 49 5 75 99 83 52 23 19 46 19 14 59 90 10 32 18 9 72 39 72 20 75 94 66 6 95 52 14 15 86 28 88 67 46 40 14 53 53 28 80 58 30 78 4 47 63 85 55 91 6 86 58 73 41 83 72 23 36 17 54 32 95 70 2 26 81 82 93 40 98 43 33 52 56 16 30 7 27 62 57 66 9 81 81 
68 24 6 79 0 57 69 91 71 31 93 87 42 10 13 55 56 72 37 63 72 79 34 74 29 27 33 15 76 50 84 72 9 29 56 57 36 2 1 39 25 68 96 76 2 7 68 72 17 57 53 23 41 46 54 81 55 2 68 43 77 57 55 81 59 73 35 90 39 25 77 98 94 66 36 41 19 39 88 91 35 45 4 96 16 41 22 56 71 31 3 5 77 53 39 9 89 19 60 38 
14 92 61 54 78 0 31 4 61 39 49 74 1 63 99 36 27 37 99 61 13 19 23 35 5 47 63 75 54 47 80 84 21 19 86 21 48 87 91 90 70 57 5 57 26 92 6 36 71 57 68 28 43 4 96 13 43 78 93 16 92 78 47 68 69 33 68 36 30 49 42 55 98 78 20 19 2 57 36 68 92 9 9 29 75 39 9 8 93 39 46 47 90 96 90 28 49 90 54 85 
75 27 72 94 51 78 0 58 72 58 34 55 22 44 100 100 80 13 48 40 22 10 90 62 92 54 16 24 56 61 77 9 94 90 33 25 70 22 94 54 41 27 57 19 49 19 75 92 35 85 13 92 41 44 32 90 58 19 56 98 66 87 53 7 31 76 21 29 23 15 24 2 82 19 42 55 75 96 27 66 36 16 42 10 14 39 58 38 21 65 33 98 96 78 95 89 8 95 91 5 
79 52 76 7 96 1 63 0 28 97 91 11 68 11 69 37 18 91 58 40 15 95 3 41 31 44 95 46 61 85 47 74 65 3 9 68 86 53 43 73 34 4 65 91 45 69 52 90 68 34 36 65 84 53 10 60 7 79 66 57 18 86 63 59 39 18 29 49 67 94 28 76 79 91 35 81 73 63 21 28 48 16 73 23 75 16 18 1 60 23 28 6 56 72 97 92 28 94 21 56 
87 48 16 79 61 27 35 26 0 82 68 77 22 43 62 30 73 57 62 22 53 76 31 15 99 33 23 17 60 63 99 100 43 27 28 93 12 65 67 50 67 41 71 69 4 86 54 67 62 86 68 55 56 70 82 84 49 64 95 83 76 76 88 28 30 31 3 36 12 41 71 92 65 54 31 22 31 96 88 78 48 64 57 7 6 54 33 23 43 27 94 68 99 62 72 75 48 79 39 39 
48 16 81 90 76 24 97 58 70 0 60 61 80 39 41 4 26 20 4 18 72 64 40 81 45 56 85 87 31 42 11 94 60 98 16 12 24 73 82 34 70 8 68 86 76 24 34 23 35 31 58 60 17 24 64 50 94 15 81 26 86 42 5 38 62 42 63 64 4 6 71 35 14 84 73 95 56 96 85 96 89 61 19 6 48 56 89 66 4 19 77 50 18 26 70 72 90 57 39 7 
85 11 57 39 43 90 6 63 50 85 0 53 36 90 58 46 88 99 4 85 27 12 9 35 35 23 20 76 69 98 80 26 63 76 17 85 31 59 16 43 58 29 27 23 29 41 78 40 76 35 29 85 57 62 87 14 19 7 70 19 27 15 57 85 98 62 42 63 31 13 21 92 15 33 81 94 80 78 66 91 70 49 25 85 48 4 42 93 80 56 22 93 37 27 96 89 94 47 26 79 
84 73 6 85 53 39 62 39 53 72 99 0 72 13 73 63 57 48 86 22 62 70 2 17 56 80 91 59 3 32 39 85 39 83 44 25 61 66 95 10 95 30 29 94 2 48 50 58 1 1 14 28 52 18 93 68 5 14 83 26 49 46 45 73 48 37 46 31 15 36 6 59 1 3 38 79 67 78 73 20 65 66 22 12 39 64 96 51 83 70 84 77 93 55 9 26 76 49 39 47 
84 42 13 5 16 97 97 33 68 14 47 39 0 24 78 67 21 16 84 14 75 30 2 65 60 54 5 68 97 95 38 99 94 19 51 100 4 53 92 12 60 7 96 19 85 16 81 11 76 80 30 73 4 60 29 78 50 59 8 91 71 81 33 47 18 88 31 67 13 21 82 19 64 70 80 77 6 63 84 71 93 51 62 49 66 25 34 12 56 79 73 85 98 59 30 9 91 62 35 81 
70 74 99 93 91 27 35 69 88 42 54 51 3 0 41 75 47 51 6 75 60 43 88 19 92 32 7 90 33 9 33 54 77 5 92 17 41 6 72 98 99 80 57 36 14 70 52 54 7 58 97 55 43 91 88 91 50 28 51 48 73 84 27 61 59 77 16 66 65 12 68 27 66 2 20 9 44 49 65 54 6 1 63 18 8 35 93 92 67 63 83 16 31 93 72 43 97 87 18 42 
9 51 26 78 23 40 30 22 37 79 86 93 100 19 0 5 31 91 41 45 3 5 51 18 23 86 67 32 45 23 77 56 56 97 17 29 45 70 19 78 10 28 5 79 57 46 90 51 82 1 74 79 54 74 17 47 52 88 51 48 82 87 94 8 57 27 87 30 69 88 43 30 2 17 18 23 50 92 27 4 69 19 57 78 90 19 67 88 70 90 78 53 80 74 26 65 78 31 2 26 
99 58 94 85 100 75 99 63 61 66 28 51 92 21 31 0 86 71 67 42 19 4 86 96 27 55 75 82 75 30 27 19 79 15 20 91 26 98 59 21 37 71 68 70 100 94 22 57 5 61 32 97 8 68 92 53 76 15 58 63 2 32 20 91 81 78 19 88 85 69 75 74 10 84 85 25 51 52 51 60 54 98 79 93 22 43 8 32 77 89 95 92 72 32 30 56 94 7 94 100 
5 61 51 55 77 46 30 5 55 43 2 75 51 82 64 41 0 82 28 19 69 90 95 62 61 87 42 42 20 97 63 24 46 52 2 90 8 8 5 63 96 30 21 3 38 86 4 32 22 30 7 30 40 69 89 98 51 46 79 35 98 62 96 50 38 49 40 66 75 36 39 83 100 96 63 57 48 50 79 95 35 69 58 59 32 30 72 88 19 40 7 23 28 34 72 66 73 44 12 11 
13 4 90 39 59 65 5 73 84 26 43 34 16 68 70 4 47 0 62 66 78 72 82 6 7 46 96 40 14 13 63 54 86 63 57 60 18 45 32 26 91 3 87 20 29 66 37 20 18 92 28 56 33 5 9 94 90 14 96 77 90 10 78 38 29 29 27 62 60 65 3 89 28 82 33 64 49 38 60 70 49 62 64 2 56 10 28 7 41 40 35 70 45 93 33 83 88 22 47 36 
42 15 73 11 79 33 61 59 53 32 100 44 77 75 15 76 6 53 0 96 31 26 18 57 21 80 100 95 55 87 21 7 90 20 42 26 19 40 39 41 22 55 33 57 77 86 50 95 13 14 21 43 32 36 8 34 71 98 62 53 75 90 45 40 75 10 39 25 70 37 73 69 6 93 53 95 88 60 26 11 57 40 87 19 24 23 39 9 67 81 26 11 40 23 18 5 20 87 65 95 
4 59 68 96 100 34 92 95 53 6 11 91 99 71 62 8 70 39 92 0 3 22 26 63 41 72 67 9 82 87 73 13 71 30 53 84 74 76 78 33 80 38 46 77 28 7 51 84 41 6 64 6 57 62 84 94 96 92 38 25 45 44 10 89 22 58 88 88 46 77 90 51 28 69 90 11 50 19 91 23 49 79 66 61 19 17 60 94 5 78 30 66 98 52 3 92 82 10 12 49 
42 68 40 6 25 11 72 22 69 98 59 87 56 7 1 10 95 60 29 69 0 9 20 99 28 90 85 14 48 19 23 16 54 19 85 95 47 34 21 66 88 68 16 84 18 88 61 84 41 81 87 57 79 86 71 69 76 2 31 85 63 100 77 98 4 66 12 9 11 36 61 71 7 53 19 95 44 76 26 96 98 79 53 72 99 77 17 74 1 34 59 10 96 5 86 72 22 57 52 84 
64 66 64 18 4 87 68 10 18 47 84 39 28 96 90 54 15 50 65 40 19 0 90 34 99 4 45 66 39 70 39 43 25 92 38 94 62 20 11 52 12 48 89 49 37 29 81 72 43 76 13 66 6 3 15 16 4 52 4 65 23 29 22 59 63 63 71 61 44 56 77 56 78 66 3 66 76 63 30 44 100 14 30 55 50 89 95 13 30 75 38 4 65 100 54 14 25 9 68 82 
1 25 65 18 71 32 100 2 37 37 2 45 100 43 85 60 50 57 77 76 96 28 0 34 92 94 99 47 68 78 49 74 54 62 26 73 44 10 100 93 75 58 46 43 4 31 2 98 44 55 66 68 15 62 81 24 3 78 63 29 47 95 95 28 39 38 12 39 23 4 94 27 19 89 10 89 40 18 55 9 96 16 24 53 100 24 91 22 70 79 87 52 19 43 10 25 87 33 81 39 
35 55 88 81 97 15 41 87 2 14 55 98 24 33 86 63 7 50 32 33 57 99 30 0 23 54 82 28 15 38 76 42 21 12 24 84 95 12 4 44 91 87 53 21 89 5 48 92 57 63 35 11 24 46 75 27 73 20 93 27 62 21 44 96 84 81 46 81 11 25 51 81 14 88 89 36 85 19 2 25 65 36 97 30 79 22 64 23 83 71 26 22 40 55 62 83 100 54 84 100 
85 22 5 70 46 56 84 39 86 86 91 54 75 85 38 64 35 10 97 69 9 15 58 17 0 93 84 67 42 89 86 41 52 31 64 27 52 24 92 64 98 36 49 94 2 78 78 81 53 73 71 96 48 88 20 19 65 5 37 72 93 12 30 7 35 14 13 80 28 52 36 37 51 43 59 94 77 54 50 30 37 76 50 57 56 92 14 33 59 54 57 92 75 50 98 90 88 33 16 46 
42 92 73 66 72 35 24 23 26 71 56 72 4 83 6 38 23 50 66 72 88 18 95 97 35 0 44 11 44 64 31 30 15 55 57 21 3 18 37 28 54 1 6 80 40 57 84 77 9 2 76 12 96 13 6 45 62 63 7 34 97 13 5 90 12 6 35 26 10 23 3 90 19 2 71 27 92 42 49 78 14 88 16 74 25 47 86 36 1 86 94 57 16 53 84 65 15 50 5 19 
31 35 26 28 61 83 27 1 17 7 99 73 44 14 96 45 89 99 66 74 27 38 35 32 33 38 0 97 31 17 7 76 39 83 4 60 40 6 80 11 25 4 5 80 80 57 88 12 30 74 60 96 1 30 86 36 14 37 92 38 80 68 68 57 82 54 77 84 31 59 93 98 97 6 69 54 33 25 75 41 36 44 9 75 91 48 63 70 78 17 36 99 92 30 63 64 86 24 83 83 
73 65 92 31 64 61 70 47 10 70 46 42 46 70 86 74 19 61 38 38 67 98 38 55 38 99 74 0 73 25 80 78 15 34 25 87 44 86 90 43 77 83 45 96 87 85 35 37 56 44 55 5 49 74 33 9 48 89 29 79 22 26 87 78 36 79 89 6 42 80 49 60 42 30 79 82 36 48 97 87 70 64 83 48 9 51 73 48 85 41 33 21 28 5 95 91 39 57 33 94 
58 75 67 73 73 36 98 71 73 67 52 71 23 11 68 8 12 10 23 6 44 49 96 12 66 29 65 20 0 15 72 13 94 65 8 60 70 60 54 55 40 12 64 84 91 94 24 5 96 33 13 41 35 40 1 15 34 74 25 79 32 5 36 41 80 46 47 75 87 46 59 81 4 69 59 91 13 12 95 87 14 3 35 64 34 53 42 12 9 32 63 73 50 5 58 54 26 50 63 46 
70 71 13 24 47 75 97 91 51 78 85 15 37 76 98 55 14 63 47 30 34 43 12 32 19 64 16 57 34 0 53 72 10 27 42 66 73 9 96 65 15 62 55 47 8 16 42 92 45 52 5 9 1 89 58 72 21 6 34 37 71 30 25 74 43 99 1 50 97 91 28 85 27 46 8 80 81 14 77 85 51 95 32 8 65 8 22 4 27 26 52 100 34 41 43 60 69 15 26 16 
11 44 93 25 78 75 53 13 62 90 60 69 93 14 82 53 62 55 14 29 65 44 26 16 92 21 12 67 11 46 0 79 27 21 48 44 78 87 55 33 92 27 78 52 69 60 1 89 4 94 56 93 30 78 48 92 100 74 10 59 9 10 76 80 68 39 3 22 93 99 57 22 95 66 25 20 86 71 56 74 87 66 87 96 1 13 72 81 17 81 40 11 95 75 77 40 23 3 90 34 
94 98 84 34 91 28 83 49 22 82 50 4 24 35 79 100 10 63 98 37 4 91 96 3 94 9 77 87 73 85 47 0 2 58 77 75 74 15 82 59 73 31 56 13 84 98 21 12 73 22 29 35 77 64 29 3 2 92 16 9 96 67 97 6 71 22 51 15 86 31 19 26 11 35 50 68 27 59 37 73 37 6 24 6 41 19 15 56 19 90 7 41 90 41 7 37 20 50 25 44 
83 21 26 99 11 6 8 21 18 21 22 13 63 91 70 76 86 2 31 12 97 62 50 37 30 76 36 58 99 18 50 74 0 20 21 42 28 71 46 50 36 90 27 34 52 92 24 41 87 95 88 24 64 53 3 66 57 70 28 32 33 77 30 87 66 72 63 85 12 14 6 98 94 52 3 76 11 74 57 6 78 48 20 2 94 52 63 82 46 13 73 35 62 16 37 18 18 53 9 43 
44 74 90 36 21 1 27 53 60 81 61 89 10 64 76 99 22 90 24 48 100 79 24 96 64 26 97 52 84 97 18 40 27 0 12 63 25 21 13 44 41 17 75 77 72 56 83 72 7 44 33 23 33 36 89 37 36 24 87 85 72 92 65 92 52 21 14 83 34 50 77 34 33 22 64 1 43 28 18 100 26 7 14 31 29 71 39 83 1 5 20 8 17 11 57 42 64 71 56 82 
80 80 91 65 12 44 8 25 25 57 6 10 97 10 41 34 69 73 74 95 1 75 70 62 27 86 95 99 53 72 56 100 75 42 0 10 4 61 11 36 1 97 45 78 76 37 3 89 36 3 48 44 14 86 100 81 54 5 63 4 93 44 33 38 71 89 57 67 68 56 20 40 59 49 3 8 9 63 9 81 25 75 20 81 75 12 26 11 52 47 60 36 91 15 50 41 41 84 2 66 
23 74 93 70 70 2 56 93 80 91 82 2 52 57 57 77 8 3 30 54 75 90 41 7 6 62 46 53 28 28 81 77 88 65 58 0 68 92 88 53 50 90 28 4 89 27 16 74 79 57 76 21 59 82 35 65 76 3 34 100 57 19 75 37 25 70 21 82 47 97 93 62 38 26 58 25 25 50 29 41 4 90 59 48 55 84 28 73 91 67 20 56 62 58 60 84 56 81 42 11 
75 27 68 94 37 36 50 65 92 65 6 36 25 42 34 62 64 75 96 2 59 58 12 31 55 69 17 28 71 19 62 64 81 94 71 82 0 79 88 92 42 6 58 46 86 38 65 94 98 95 72 36 62 75 42 90 36 6 89 39 5 59 39 8 72 42 84 8 48 79 6 51 36 78 54 13 71 93 20 24 100 96 30 33 75 20 62 4 90 82 38 98 94 22 51 21 86 64 92 69 
22 34 35 85 56 57 10 72 26 98 50 32 67 42 51 31 78 62 11 16 26 46 12 14 84 69 92 40 30 12 93 48 66 9 2 20 64 0 66 60 100 14 87 90 26 29 20 43 36 40 9 59 28 71 66 54 60 26 30 84 37 80 79 88 29 47 46 77 83 91 18 65 32 57 84 33 55 46 48 69 15 15 87 23 33 41 67 25 30 71 39 34 90 30 41 88 10 88 83 96 
91 88 51 68 87 12 81 48 94 62 71 27 19 66 86 79 42 92 72 44 21 32 1 71 96 89 8 29 77 70 19 73 22 14 17 56 93 52 0 55 49 94 77 60 53 92 6 45 34 23 21 39 62 34 44 97 9 88 66 73 17 14 47 70 50 8 11 52 62 89 66 95 81 17 86 42 9 81 48 34 87 96 48 69 24 14 38 55 55 43 64 5 64 95 71 100 6 87 20 42 
18 19 78 20 46 60 61 7 76 5 52 3 55 15 38 69 3 98 54 99 98 55 49 93 66 61 69 89 40 5 45 53 93 36 98 17 72 83 65 0 53 97 56 86 60 75 34 6 16 28 90 73 19 39 79 5 9 13 61 50 6 59 16 32 18 5 21 21 85 100 32 71 51 66 60 31 17 51 35 9 45 6 8 44 73 72 88 1 49 4 10 34 100 76 34 31 92 70 35 1 
45 47 82 82 77 61 64 70 24 77 28 76 4 36 29 98 49 88 2 56 12 32 59 27 7 96 23 57 100 64 92 16 52 7 82 3 35 76 80 68 0 95 6 8 75 55 94 56 5 13 34 43 43 40 18 1 98 17 76 72 85 14 66 72 1 17 74 31 21 56 66 80 26 31 50 26 22 99 85 40 63 61 98 19 44 52 70 6 75 91 98 5 56 64 2 71 23 3 62 73 
62 26 100 7 54 15 79 4 64 26 31 83 73 97 31 18 83 13 92 26 18 31 40 64 99 42 37 4 56 29 56 77 78 18 97 64 2 50 2 12 33 0 31 1 73 21 65 42 62 43 63 16 93 90 52 85 79 81 64 76 3 23 52 40 8 15 30 42 87 20 19 30 87 46 44 40 12 80 45 82 68 1 1 28 21 11 12 70 61 22 41 64 8 19 52 85 7 91 16 47 
89 12 36 95 68 71 69 64 87 37 58 59 26 72 46 7 46 49 16 9 84 63 14 94 15 59 25 26 36 32 99 68 95 68 20 88 90 70 74 96 17 21 0 14 5 83 88 78 18 52 43 77 21 9 61 91 29 82 69 76 9 46 58 53 97 58 41 41 81 94 94 94 19 86 55 64 61 66 91 32 32 25 96 10 83 49 23 47 63 94 25 79 41 11 32 18 3 21 36 9 
62 40 61 87 58 79 54 5 9 36 44 94 10 100 57 42 60 36 95 31 34 13 52 76 39 40 53 25 76 60 47 97 86 65 92 55 74 62 94 99 33 77 93 0 9 30 15 52 66 33 83 36 72 18 65 49 78 26 34 6 1 65 69 62 36 7 21 92 58 81 46 70 48 47 88 63 17 50 15 75 24 46 50 86 81 51 60 89 11 58 82 41 88 82 89 26 30 46 37 62 
63 37 95 43 76 19 69 82 31 90 20 84 14 78 3 45 8 48 37 25 84 36 44 89 78 77 74 38 28 69 73 94 79 60 69 37 34 3 30 87 65 67 22 95 0 32 38 38 56 19 80 74 96 7 70 97 62 10 39 29 14 8 57 21 25 56 16 83 36 31 92 64 78 30 8 71 34 68 28 68 42 46 48 42 98 32 66 52 95 46 76 72 53 8 88 8 4 54 90 43 
22 61 40 93 45 63 65 52 16 98 88 52 75 15 71 55 51 86 17 25 81 30 33 42 8 88 20 78 57 82 33 4 86 79 88 27 96 47 3 41 34 10 34 66 34 0 66 47 91 40 50 59 47 49 18 92 44 45 89 60 49 32 97 51 3 52 46 78 39 62 51 77 11 56 56 30 24 42 9 44 91 12 92 37 75 92 67 49 6 95 67 76 85 48 31 50 44 20 15 54 
27 97 14 90 46 30 13 100 19 48 95 13 30 76 87 29 77 8 63 2 62 49 62 83 99 9 80 73 17 32 62 89 45 62 15 9 92 60 4 62 79 28 10 21 27 40 0 50 25 95 21 94 66 48 2 79 40 3 64 26 74 70 24 10 85 71 25 20 94 39 25 16 96 62 45 53 45 20 19 37 8 80 60 82 28 63 41 19 62 37 30 50 31 49 17 52 19 58 8 81 
13 61 17 67 34 49 49 60 33 41 25 68 15 12 36 70 1 87 42 90 60 24 37 59 68 9 52 74 66 1 86 3 16 48 67 29 5 15 57 79 48 18 63 82 73 27 44 0 35 83 14 69 65 93 62 24 75 95 71 9 65 29 99 1 9 34 34 83 48 70 61 17 63 58 80 52 15 46 40 7 30 89 61 45 7 55 22 54 66 8 88 12 54 74 90 4 25 43 15 31 
55 26 50 19 16 38 19 92 36 32 52 37 52 34 19 49 36 38 17 51 58 30 82 81 70 60 22 25 3 31 48 78 62 50 99 98 10 99 72 32 48 99 61 95 55 63 24 26 0 70 62 14 62 14 3 9 96 28 89 63 61 91 75 71 9 33 63 25 18 11 40 50 38 37 100 28 30 100 36 18 27 62 84 11 90 86 87 38 50 29 74 34 5 32 63 84 64 88 85 41 
61 34 20 9 4 53 71 59 70 56 15 28 74 62 2 26 80 42 85 87 78 85 46 71 72 96 22 91 92 16 26 75 1 73 90 31 15 62 22 74 16 93 47 77 7 56 22 52 79 0 7 73 31 18 40 32 71 62 43 43 95 98 53 62 30 26 88 76 12 12 41 5 75 78 17 81 11 23 8 96 48 15 25 95 42 79 94 28 93 63 51 95 14 73 60 9 97 30 50 31 
6 76 16 53 49 12 31 33 16 79 28 48 52 99 73 37 28 65 59 22 32 13 69 10 58 44 7 71 4 47 16 5 6 17 98 47 63 53 78 75 93 81 32 69 56 76 77 97 51 97 0 91 89 85 17 16 1 3 19 52 23 55 67 91 60 46 78 72 89 89 30 59 51 12 35 44 18 93 99 41 58 19 83 16 7 1 15 20 7 69 23 83 70 87 11 29 58 6 55 24 
81 68 13 20 45 94 42 17 36 8 82 35 26 44 53 99 99 94 92 85 42 70 49 22 84 1 71 19 56 82 75 21 17 98 67 78 11 33 93 30 96 69 67 18 74 73 34 53 12 93 100 0 80 39 48 61 91 59 75 42 6 26 37 90 62 56 37 27 83 96 46 55 36 88 64 35 47 81 52 66 89 66 19 55 97 13 62 60 72 49 73 24 93 100 1 22 39 60 44 48 
49 25 33 77 94 89 33 24 52 24 78 19 19 12 46 20 29 96 21 97 85 85 41 88 8 37 17 42 81 8 15 40 95 70 54 100 99 47 45 74 74 84 61 10 80 53 47 51 1 33 37 36 0 17 5 38 29 46 1 79 86 85 75 3 69 61 12 22 22 70 36 57 99 74 3 77 63 27 86 41 12 41 15 1 9 34 13 38 1 22 65 74 98 62 12 11 63 29 28 55 
76 57 63 87 71 37 85 29 28 47 60 82 69 64 78 53 14 74 44 64 22 97 97 98 53 62 41 94 87 100 93 33 36 24 19 27 24 1 100 30 31 7 50 34 59 10 74 70 31 33 57 75 58 0 67 32 20 47 95 78 72 39 54 76 14 71 32 90 50 81 17 97 49 81 82 99 54 17 77 70 9 42 71 23 57 21 42 71 48 81 31 86 82 30 10 26 1 9 2 10 
68 31 51 74 89 3 7 98 64 79 61 17 85 74 73 48 86 2 90 6 9 11 31 43 30 66 22 30 100 95 4 35 19 69 58 65 29 57 47 37 43 89 55 86 95 98 49 90 56 99 30 18 46 58 0 54 81 100 28 13 56 52 50 29 66 48 96 38 46 45 93 49 39 80 66 10 48 6 45 82 72 55 38 95 1 64 54 90 96 11 68 12 37 83 85 15 27 12 32 41 
86 92 38 77 47 80 68 72 17 60 4 52 43 32 8 95 75 88 79 12 89 17 41 65 86 54 21 17 59 49 17 85 19 83 58 75 27 14 38 97 91 57 13 71 44 18 92 17 87 54 89 23 20 53 2 0 98 60 70 86 78 13 58 34 100 18 98 31 77 58 85 93 9 84 87 1 92 18 8 6 93 9 97 2 61 16 74 95 93 49 51 54 31 22 24 30 56 1 53 57 
81 8 80 31 36 67 25 16 57 34 92 95 86 89 5 73 11 41 48 81 31 65 2 11 83 42 69 83 6 71 28 49 78 48 21 25 92 54 73 57 80 63 19 51 50 59 45 78 34 61 74 30 48 77 77 32 0 78 90 57 77 16 56 65 6 93 26 25 23 73 88 5 48 11 46 30 70 45 51 26 30 77 79 48 81 22 43 70 74 94 74 7 15 73 36 62 63 36 37 68 
42 72 17 98 32 97 38 9 28 47 100 41 16 74 26 85 71 64 66 48 53 35 21 55 13 72 83 64 39 70 3 7 54 90 46 67 61 5 75 47 97 68 82 80 49 62 52 33 98 2 74 43 93 17 57 43 55 0 69 99 45 21 90 44 77 14 60 90 74 64 88 95 6 100 32 77 43 38 70 80 14 3 92 72 80 47 36 86 26 18 5 12 26 33 60 68 50 20 89 1 
38 61 79 94 97 72 32 7 77 53 58 23 67 32 16 55 5 78 78 8 99 31 76 60 20 6 2 95 86 12 87 84 63 88 96 71 75 29 69 81 8 58 18 14 36 59 90 5 75 47 32 59 50 81 88 13 24 2 0 56 30 1 71 72 73 67 13 3 61 81 88 14 94 11 29 63 27 58 27 94 42 23 19 80 99 60 27 72 67 91 39 88 18 95 74 96 76 12 18 95 
62 58 30 55 41 76 62 20 87 28 54 38 65 28 87 81 100 37 91 45 32 90 99 15 89 68 62 2 64 63 54 25 6 36 70 13 4 86 9 51 3 41 1 27 14 76 8 64 12 7 91 28 23 24 84 42 56 87 76 0 85 22 13 78 59 86 38 95 8 71 62 13 26 71 65 95 98 23 78 7 92 70 85 53 49 62 72 80 20 65 49 96 20 31 50 88 91 65 55 29 
95 60 70 13 19 93 36 46 38 8 32 89 52 38 44 94 1 73 47 43 43 12 95 34 84 59 74 27 94 50 50 31 56 21 49 82 54 16 16 68 82 74 26 78 28 31 65 40 22 84 30 70 19 14 91 54 87 15 26 94 0 63 93 42 17 59 16 17 65 60 76 72 96 98 65 18 94 81 29 87 37 74 79 63 72 22 98 82 89 46 15 80 96 74 24 74 34 30 25 4 
8 12 78 32 94 64 91 34 60 55 61 38 47 55 86 73 82 88 77 35 67 50 71 86 81 96 75 42 5 13 80 53 32 78 37 58 11 13 23 21 2 82 50 91 25 62 82 48 35 19 8 93 33 43 4 87 93 63 35 1 2 0 37 52 53 99 6 22 20 70 35 9 11 43 83 90 40 64 50 73 10 63 20 100 29 89 20 45 67 30 98 78 10 23 93 33 57 12 6 12 
21 30 85 4 33 48 54 50 89 77 99 92 51 6 67 57 3 52 32 22 20 94 18 45 87 51 63 53 46 65 95 73 8 26 90 14 11 30 68 91 89 78 27 76 19 68 4 27 36 73 40 77 68 95 14 61 37 54 62 64 63 34 0 75 42 86 35 62 57 3 64 22 77 13 11 1 16 17 39 88 79 78 42 17 65 79 77 72 11 94 99 68 35 70 5 69 50 54 100 2 
91 32 39 97 59 57 69 72 88 68 33 55 4 46 83 68 53 89 63 87 54 66 70 42 37 87 73 24 33 61 62 95 94 31 24 53 30 22 62 50 99 42 60 22 96 18 86 4 20 85 74 47 100 29 34 38 78 71 77 49 11 53 17 0 63 68 97 36 92 63 5 92 35 31 86 93 84 42 65 31 79 79 74 51 71 6 71 57 13 65 96 46 59 44 93 32 21 92 11 75 
49 50 53 4 64 84 88 31 11 36 90 50 85 57 93 52 17 41 87 79 49 46 72 74 88 51 30 34 83 94 79 62 57 66 63 54 76 47 97 93 39 63 30 3 62 8 82 65 56 57 50 69 56 45 53 86 25 86 73 4 4 33 93 82 0 92 32 32 88 37 31 43 100 85 59 97 27 41 33 35 19 94 34 43 28 47 76 12 82 50 23 100 30 7 49 16 56 86 4 80 
1 60 77 31 88 87 85 57 49 68 66 9 43 64 41 70 76 14 53 37 38 89 14 78 58 81 30 69 89 56 61 64 50 92 26 59 9 39 89 13 56 5 93 30 21 61 93 25 52 57 78 83 100 38 90 54 88 10 92 18 80 51 10 68 67 0 4 100 19 89 69 43 33 94 90 76 77 10 26 46 31 4 63 44 79 20 31 100 27 61 63 66 46 7 72 17 28 6 87 20 
47 76 8 92 69 45 88 59 50 6 81 66 55 93 61 15 1 72 38 2 97 2 65 99 26 78 21 47 98 24 70 1 38 32 19 12 76 29 43 27 28 66 28 44 2 57 55 54 20 37 79 84 22 45 71 73 70 28 8 91 28 43 85 89 65 14 0 81 69 74 40 29 41 97 81 55 66 72 77 55 69 12 41 45 64 64 35 17 55 99 15 67 10 74 20 67 57 75 71 16 
43 55 12 23 35 54 100 1 6 16 32 44 4 29 7 52 45 17 99 57 36 45 60 96 46 15 88 27 77 63 3 67 93 81 56 70 85 22 81 63 50 50 71 32 71 34 97 100 72 1 16 17 50 98 29 96 55 59 76 52 39 17 97 41 36 89 28 0 50 48 58 6 43 20 51 12 32 99 41 52 37 1 83 63 8 89 27 30 3 88 51 34 85 93 15 63 54 34 79 89 
66 24 43 29 88 46 64 72 38 11 77 36 73 48 33 83 96 55 43 87 39 35 62 61 55 71 76 89 76 41 88 56 9 7 35 41 93 47 52 18 54 86 94 84 84 58 74 68 52 27 68 4 56 29 54 66 75 4 48 40 20 26 43 34 2 75 47 38 0 50 51 25 64 29 5 1 65 43 31 84 33 85 54 31 71 71 80 73 73 15 39 49 50 45 99 80 47 88 46 77 
52 97 15 6 97 98 85 74 68 23 74 87 78 95 61 52 27 67 3 96 28 56 88 31 50 35 90 61 68 25 63 58 95 12 59 49 3 100 98 54 95 62 2 3 98 63 14 42 78 27 92 61 4 64 46 93 68 58 37 16 70 63 82 66 41 14 31 50 1 0 85 1 99 15 11 26 85 68 51 70 90 12 48 18 35 39 65 80 56 43 90 17 4 9 4 76 88 70 1 2 
90 20 78 76 68 37 96 87 24 15 48 97 55 86 41 34 35 62 17 37 47 71 80 6 77 2 92 99 86 10 65 1 88 36 37 7 34 30 18 79 14 70 57 44 75 43 37 23 55 74 6 81 62 20 48 66 51 94 24 31 64 31 62 57 53 1 70 17 69 21 0 62 96 73 43 97 13 52 18 19 6 84 77 58 54 99 7 21 95 36 93 80 37 84 34 73 2 59 51 86 
29 93 28 11 92 10 17 95 26 10 58 3 70 41 54 45 97 91 100 91 22 79 48 53 26 63 88 3 26 6 70 68 58 13 27 59 53 29 42 55 37 26 84 88 56 77 55 50 90 3 34 28 86 59 3 48 56 84 50 15 1 15 22 100 81 63 31 4 16 22 21 0 50 35 90 13 29 8 14 9 26 77 66 75 82 53 67 57 91 89 16 43 81 61 62 19 28 68 31 73 
9 2 75 58 59 40 95 91 69 34 8 82 78 82 53 19 90 89 1 78 65 8 100 57 16 70 59 55 28 42 6 83 77 7 82 1 3 59 19 76 82 100 17 78 61 47 24 33 52 49 33 76 47 2 18 67 65 70 89 52 100 33 12 22 6 17 62 65 60 51 50 64 0 41 95 13 23 13 84 76 60 91 51 10 22 51 45 20 72 6 1 62 96 50 24 76 56 66 3 68 
67 21 17 29 16 65 32 64 81 77 93 66 80 22 6 100 38 14 88 71 22 49 17 96 60 66 98 63 24 42 86 68 92 36 60 39 90 83 61 99 68 27 100 64 10 69 66 74 29 29 53 55 29 9 44 45 58 11 71 77 1 13 65 46 94 24 32 34 75 66 26 57 27 0 59 62 43 54 41 76 33 38 5 83 52 24 76 50 49 26 83 70 46 83 24 89 3 91 49 8 
97 29 90 46 80 53 80 11 85 43 73 91 54 16 82 53 61 74 1 68 43 74 15 11 42 97 16 6 46 23 97 32 22 86 100 67 19 13 13 77 41 22 70 82 85 77 69 32 56 87 87 4 52 81 99 8 14 7 13 65 86 68 45 81 37 71 36 63 20 60 33 74 92 54 0 11 82 93 26 20 83 26 36 67 10 58 52 36 99 66 49 49 87 98 19 100 75 8 83 25 
63 32 8 30 98 100 66 91 1 95 42 62 73 57 11 49 94 76 67 60 96 98 77 69 78 52 43 95 75 41 47 82 94 80 98 82 96 9 7 43 91 36 35 1 55 30 67 10 86 10 22 20 98 62 52 84 65 93 13 15 20 50 17 92 29 60 26 93 51 18 25 60 35 60 38 0 49 90 40 51 92 37 80 12 14 76 40 65 44 41 63 87 20 48 8 46 84 8 73 37 
40 82 98 59 69 35 93 12 67 10 63 60 28 65 5 52 23 72 47 35 7 52 52 68 29 25 57 11 39 48 10 9 86 24 90 86 92 31 64 83 67 43 34 11 67 78 16 48 46 82 45 58 65 61 98 51 15 80 89 89 27 44 14 64 65 66 29 59 51 66 51 16 99 98 44 65 0 77 34 10 86 19 66 82 35 67 66 67 7 85 45 91 16 46 81 91 97 36 44 59 
25 14 40 10 17 62 71 49 4 21 74 76 12 30 61 44 17 10 18 96 31 18 28 66 92 82 23 83 29 39 50 81 84 66 28 46 1 91 84 60 64 16 60 15 78 72 23 47 71 72 55 22 26 53 68 42 88 34 10 66 29 85 34 8 6 9 32 41 34 98 68 93 29 65 24 59 9 0 89 40 95 63 95 65 22 38 89 9 74 17 89 81 64 71 100 69 5 14 7 96 
64 80 57 58 45 3 8 45 70 95 90 72 31 75 49 42 37 49 66 35 68 4 11 80 25 34 88 60 1 54 89 82 81 36 16 71 80 88 56 91 58 53 16 81 23 85 36 95 9 91 25 93 3 51 19 35 51 10 36 17 66 68 64 35 42 31 66 21 23 74 83 2 13 3 5 56 93 2 0 48 69 66 63 52 33 48 36 47 88 53 19 25 37 13 13 74 6 10 57 38 
22 11 25 77 92 15 83 50 30 99 69 94 77 32 68 17 55 35 95 69 96 43 100 29 59 10 57 27 89 19 75 76 95 65 58 76 75 3 58 38 15 78 92 25 51 56 35 49 79 24 70 55 91 25 41 8 74 96 45 10 96 95 65 55 31 48 83 14 5 66 74 9 78 4 67 42 32 39 80 0 32 73 73 65 29 19 36 53 98 25 22 61 100 98 80 49 9 33 14 26 
54 11 35 56 77 38 60 25 70 78 27 60 27 49 47 34 81 19 40 50 55 2 24 6 38 79 11 52 98 37 22 19 89 67 29 85 9 78 21 36 57 48 33 87 23 65 100 69 8 30 58 89 93 72 6 40 56 49 89 21 72 76 36 33 42 97 62 96 36 69 60 31 14 6 74 32 49 23 15 3 0 40 3 7 41 21 99 49 90 90 38 38 8 44 30 89 14 72 44 56 
30 58 17 94 87 21 13 10 35 61 73 94 65 13 72 74 44 19 5 3 3 54 92 50 76 53 45 63 86 13 15 38 84 96 53 100 74 61 36 98 86 81 49 17 34 43 8 95 44 73 87 89 75 70 20 4 66 82 22 89 75 96 20 95 27 17 52 29 76 42 65 23 36 62 8 19 44 40 80 16 76 0 90 85 29 38 72 33 29 16 72 52 34 44 13 85 6 72 61 39 
43 9 57 84 86 20 77 53 79 32 16 83 90 18 93 33 12 47 12 39 13 55 21 17 28 27 21 92 81 47 42 24 37 82 64 76 35 81 65 5 24 42 96 85 45 26 9 94 71 28 42 21 95 19 18 40 57 70 84 28 32 5 52 79 50 47 5 64 62 11 17 18 7 41 99 33 9 96 76 45 46 68 0 83 30 14 56 76 1 52 2 68 52 25 5 16 48 32 27 29 
7 92 83 100 3 66 57 8 32 98 40 56 99 26 10 70 99 99 57 52 7 39 63 2 77 84 55 10 30 92 93 75 51 43 3 50 15 69 50 30 31 22 61 62 17 26 76 57 8 69 58 16 2 65 41 36 56 31 28 63 92 65 11 86 61 35 16 100 5 84 98 4 14 44 72 93 86 39 72 37 36 44 94 0 58 73 93 84 11 45 81 44 33 32 60 95 49 61 34 43 
38 99 46 21 37 83 71 16 22 84 82 76 7 18 71 58 96 39 97 40 49 95 53 53 8 42 80 29 14 92 9 43 13 62 12 31 54 79 46 39 35 93 41 77 94 81 3 88 52 29 2 49 95 88 43 52 31 44 72 22 17 59 64 78 61 43 78 70 91 29 56 63 48 43 39 11 24 47 43 53 77 36 78 94 0 80 86 20 58 62 65 13 6 32 85 1 33 21 23 92 
91 76 84 40 36 48 13 97 57 30 99 84 34 33 74 82 40 79 58 90 16 84 9 44 20 78 21 50 49 86 11 47 24 89 79 75 46 33 36 47 13 80 80 66 21 65 66 35 31 5 39 11 72 2 27 1 72 89 98 12 49 73 42 19 67 14 18 36 73 39 67 77 82 72 13 35 92 90 28 42 96 54 47 63 15 0 20 97 56 20 31 51 74 56 40 47 18 60 40 25 
64 69 52 14 97 37 62 67 81 70 99 77 35 25 57 16 14 77 22 29 5 8 86 55 42 29 31 10 5 24 91 47 55 35 85 57 32 89 85 12 5 36 88 70 63 36 32 29 86 9 94 78 32 70 64 39 6 69 79 11 30 39 1 96 58 52 80 96 34 4 36 26 34 68 68 63 8 49 96 58 91 55 41 26 77 71 0 84 52 41 41 11 47 43 47 87 47 31 75 94 
20 94 26 7 50 7 86 25 78 57 84 9 64 86 46 54 92 94 94 89 5 91 42 11 60 64 33 54 81 62 17 37 55 48 62 42 2 37 47 54 55 65 70 12 68 24 31 46 12 93 32 21 13 1 36 67 99 13 20 96 97 12 73 77 23 67 96 48 1 78 40 17 11 77 47 68 40 76 39 34 94 8 45 3 79 1 92 0 46 45 52 60 31 9 36 1 82 90 39 23 
69 28 88 88 75 63 100 28 47 48 29 1 37 47 26 68 18 22 59 41 60 32 68 29 32 96 97 33 77 81 42 99 69 76 50 11 72 67 15 43 6 94 68 78 20 59 30 55 34 49 43 98 70 14 31 83 14 20 77 13 83 92 95 12 70 77 47 41 81 10 66 57 68 37 18 20 11 25 55 94 2 5 84 55 62 52 92 13 0 6 20 21 42 19 12 69 86 32 34 41 
6 34 73 80 45 81 2 71 26 95 47 4 71 12 39 46 76 66 87 50 21 51 93 80 90 60 56 47 20 54 97 29 18 71 5 94 84 87 22 6 8 20 88 11 71 40 80 11 10 53 46 36 35 12 68 18 91 59 44 16 26 44 30 2 45 97 87 4 78 96 42 50 17 36 11 85 25 73 67 61 84 46 74 78 93 5 70 50 99 0 74 47 79 49 3 23 13 7 44 61 
87 1 4 82 75 86 56 45 81 21 5 42 26 61 94 51 25 54 28 31 63 62 69 15 46 52 53 21 91 5 46 31 36 87 56 15 88 92 1 62 15 48 52 64 57 91 51 83 70 79 47 78 56 97 64 57 59 43 1 100 21 87 78 30 35 21 12 85 85 86 15 61 15 45 86 1 20 96 98 100 84 27 62 32 4 64 86 78 47 91 0 80 79 14 81 40 36 83 53 42 
77 92 11 49 79 78 54 93 14 46 75 96 57 70 83 62 93 78 62 46 37 6 51 66 72 61 80 89 9 34 89 30 74 80 48 41 6 9 97 8 72 20 31 21 99 63 46 63 19 56 25 71 53 96 12 75 62 14 45 15 31 4 22 60 6 99 13 53 41 21 93 83 38 50 27 69 23 6 100 2 37 100 77 12 35 54 93 60 59 32 59 0 81 63 27 12 95 24 41 1 
36 24 47 57 98 96 61 16 87 74 50 11 97 43 18 26 78 2 49 43 29 47 93 18 37 93 97 82 60 79 22 85 65 76 94 92 84 70 97 76 27 14 35 83 79 50 57 10 27 35 78 78 79 26 68 41 79 57 6 26 61 10 71 20 69 18 91 45 100 93 85 60 97 26 81 44 59 80 90 27 63 8 60 56 43 32 33 30 18 51 100 86 0 58 49 82 38 44 39 68 
97 97 18 57 39 33 56 95 9 25 10 62 100 18 67 76 66 100 6 55 49 4 14 5 82 87 79 72 24 29 28 28 54 18 21 57 35 38 100 82 18 77 35 66 33 27 36 45 27 47 69 59 58 14 88 75 67 76 100 41 62 80 68 34 55 58 45 37 80 73 30 99 9 14 66 100 28 26 9 10 79 95 67 67 47 17 83 10 35 66 92 40 48 0 85 42 41 69 66 4 
79 58 47 8 60 75 25 70 20 30 97 48 24 16 50 43 85 42 67 78 42 32 5 6 41 71 81 21 55 11 42 96 98 75 43 4 58 73 10 68 25 66 54 84 49 68 44 85 58 81 14 19 98 68 67 41 21 26 68 42 100 53 4 95 12 90 88 31 24 47 47 78 22 37 100 9 1 80 6 8 13 82 34 53 50 91 96 53 89 3 88 51 64 16 0 93 71 40 84 91 
82 20 66 53 28 76 28 59 71 45 73 92 82 91 44 81 22 30 72 33 95 55 39 38 80 22 44 23 85 94 40 29 75 90 83 11 81 5 15 92 22 91 5 22 91 95 5 81 42 2 51 97 77 16 57 84 78 88 35 81 13 22 29 84 48 65 7 3 100 63 34 9 59 97 92 85 32 28 82 27 83 89 42 14 50 56 67 60 97 25 93 57 19 50 91 0 76 4 56 84 
2 28 96 54 28 47 16 20 62 38 93 49 27 42 23 79 27 12 7 21 48 26 82 20 58 38 93 37 11 8 90 32 23 87 24 78 51 40 63 50 76 73 95 38 62 66 48 100 79 19 57 98 43 24 79 74 16 24 77 50 17 59 35 10 80 45 88 98 4 21 51 69 41 87 18 94 82 99 42 87 33 44 11 61 9 69 81 76 41 9 23 44 41 90 25 55 0 8 80 11 
84 43 7 53 17 85 15 92 16 61 60 2 54 10 35 24 43 58 11 67 73 37 81 36 57 27 54 41 74 86 65 7 68 24 83 52 56 25 18 43 69 98 16 83 47 3 86 3 61 94 62 25 53 95 84 9 84 21 9 92 35 42 87 69 15 44 14 64 61 28 15 33 11 24 88 92 39 10 20 11 49 56 94 73 22 80 9 95 24 14 55 43 14 45 93 22 22 0 4 44 
16 100 59 84 84 92 78 95 9 2 58 44 9 81 75 69 85 20 99 95 22 26 29 45 70 98 6 52 63 6 80 26 35 7 5 22 100 61 78 58 42 59 23 5 65 67 3 54 32 27 89 64 34 42 98 42 49 99 2 28 30 40 81 45 26 85 22 58 49 84 25 75 58 82 16 40 98 84 44 4 16 10 57 35 77 69 69 65 43 30 66 36 40 3 20 24 94 40 0 97 
49 18 43 91 9 31 23 70 44 99 70 28 90 28 100 35 56 46 43 34 82 36 3 88 95 82 86 92 82 28 10 99 97 38 6 100 44 82 100 40 47 39 58 67 1 89 37 29 49 52 39 65 9 42 46 76 90 21 72 46 17 11 35 25 80 14 87 91 41 72 56 64 35 50 34 63 2 42 33 57 90 54 50 68 55 51 72 4 53 38 61 60 16 54 10 18 5 67 25 0 
