50
12 52
37 35
39 73
38 31
29 96
4 52
27 18
24 88
12 20
48 71
39 10
19 4
28 97
30 36
19 66
10 53
11 77
30 67
17 42
39 50
50 6
2 9
45 23
4 21
25 59
8 32
47 40
2 45
23 57
38 37
43 57
24 32
3 95
23 5
35 14
8 11
40 64
44 74
19 76
14 2
45 26
6 54
49 77
26 38
45 56
20 48
16 25
30 24
19 1
7 62
0 14 2 15 19 20 16 16 3 5 13 1 20 7 7 5 13 18 19 6 3 5 14 3 20 16 11 2 8 3 9 18 17 16 5 20 15 3 4 3 19 12 12 10 3 7 8 15 20 8
18 0 4 5 4 16 4 16 19 13 6 9 10 16 12 18 14 11 20 18 18 7 1 8 4 9 14 6 16 18 8 19 1 8 11 19 11 11 13 2 20 7 5 6 7 15 15 9 17 16
2 4 0 18 1 10 16 13 11 6 19 8 15 14 18 13 12 19 15 14 19 14 9 4 5 6 6 1 13 2 16 9 19 8 13 18 13 3 11 6 4 2 19 2 2 8 10 2 1 17
16 10 18 0 8 17 18 7 5 11 14 15 3 13 19 8 12 5 3 5 12 14 2 15 20 3 19 15 4 8 15 2 7 10 7 18 11 18 11 4 18 18 3 1 19 10 2 19 4 20
12 9 1 1 0 13 12 8 2 13 2 6 5 17 4 15 11 16 17 10 18 15 18 2 4 20 3 5 10 18 20 11 9 17 5 12 4 13 9 18 9 5 9 13 9 12 3 10 10 11
10 17 1 1 7 0 18 2 7 13 11 16 18 1 14 16 11 11 11 10 17 10 17 3 12 18 19 10 19 2 1 5 2 16 12 2 15 8 9 7 15 16 11 10 2 15 2 13 4 7
3 3 20 7 9 9 0 17 5 9 5 4 15 10 2 10 5 11 10 19 18 19 1 12 18 10 1 3 1 11 19 14 3 6 20 6 12 10 12 1 9 8 15 19 20 2 12 11 1 8
9 2 6 5 13 2 20 0 10 3 12 4 11 10 16 12 7 7 7 17 5 1 6 19 5 1 7 14 20 18 13 3 11 5 9 7 9 6 11 1 8 20 1 1 13 6 5 4 9 17
15 16 6 4 4 17 13 14 0 19 3 4 11 17 11 1 1 13 18 7 16 15 4 11 13 6 1 17 3 18 6 15 8 17 20 9 3 7 19 3 19 3 17 10 15 19 3 19 3 16
5 10 17 20 5 18 9 8 4 0 1 11 17 7 9 18 10 7 12 17 14 15 10 5 17 18 1 17 7 5 8 18 20 1 6 18 12 12 10 5 12 15 7 7 19 5 6 15 20 5
1 6 12 16 17 4 15 19 4 11 0 6 2 12 19 8 15 8 4 6 9 6 14 15 15 10 7 15 10 3 10 7 13 19 5 14 9 1 18 17 19 12 5 6 1 9 18 4 18 13
19 2 16 13 18 13 18 12 17 16 2 0 6 5 8 2 1 5 20 20 10 14 20 2 5 12 17 15 16 13 12 10 5 6 12 5 13 12 12 7 14 10 2 11 8 18 1 14 3 2
17 4 8 16 12 18 12 11 20 6 8 18 0 13 8 9 2 9 19 10 4 18 8 11 11 9 3 4 8 3 14 19 1 7 9 13 4 20 9 18 10 17 11 4 1 1 18 17 8 5
13 6 14 9 11 11 3 16 10 13 11 7 18 0 4 14 8 15 1 3 9 1 12 1 13 15 7 6 2 8 13 5 2 11 6 18 12 18 8 19 6 3 7 12 5 18 7 14 20 9
14 14 7 16 3 3 5 18 17 4 17 6 3 16 0 11 12 15 18 20 11 18 9 19 10 3 20 17 3 13 15 9 2 20 13 19 15 9 18 14 1 8 17 10 8 8 14 14 16 17
3 2 7 2 11 14 7 11 15 11 9 15 6 13 10 0 14 15 3 20 11 1 13 4 17 20 7 10 19 10 16 5 9 18 1 13 20 6 9 16 1 6 20 17 9 20 16 6 18 14
17 18 4 5 1 3 3 10 5 16 12 15 12 4 15 18 0 16 18 13 6 20 15 15 10 19 13 5 20 3 2 7 20 10 16 17 19 6 2 3 5 5 2 7 16 19 15 3 14 2
15 6 9 11 6 17 8 13 15 6 18 15 8 8 13 10 5 0 19 1 10 4 10 9 18 10 17 19 10 1 2 5 11 10 3 4 18 19 7 8 18 10 6 2 5 13 2 20 5 1
19 10 14 10 4 8 8 5 3 8 15 15 10 14 13 3 3 14 0 5 9 19 5 11 18 11 20 3 16 5 9 13 5 5 15 17 2 8 4 12 11 20 16 9 13 17 9 14 6 12
15 5 2 8 10 7 15 19 3 13 13 2 2 16 1 11 16 15 5 0 11 3 6 17 9 11 4 13 6 3 5 20 9 8 8 14 10 8 15 3 18 18 1 9 5 16 11 13 8 2
14 9 7 15 11 8 17 8 5 7 16 8 12 16 18 8 11 2 5 18 0 16 7 8 7 14 1 13 6 14 9 17 10 4 17 1 6 12 16 7 17 6 9 10 9 12 11 11 10 3
4 1 10 6 20 14 1 13 15 7 1 19 5 4 19 8 16 18 14 10 18 0 13 12 18 3 11 8 8 17 16 13 9 10 13 11 14 16 6 15 15 3 4 19 20 17 8 20 18 14
9 18 5 15 2 2 1 15 12 1 18 2 3 10 12 1 7 17 4 8 2 12 0 10 5 18 11 1 9 9 12 17 14 12 2 15 5 10 7 10 10 2 11 16 10 15 13 1 20 8
2 2 5 18 15 12 3 3 11 5 18 16 18 8 9 2 4 15 5 20 3 2 19 0 11 2 8 10 9 5 13 8 19 11 3 16 17 13 2 15 15 20 10 14 2 5 16 3 3 11
5 12 6 18 2 19 15 14 18 12 14 13 19 12 16 8 10 18 7 9 6 1 16 8 0 17 17 13 14 10 5 9 17 13 4 17 19 13 18 17 8 4 19 13 17 7 5 13 9 15
17 20 18 17 14 17 1 4 16 20 3 1 12 20 11 17 9 16 18 17 16 15 9 8 11 0 12 12 20 2 6 19 17 11 8 4 8 17 20 8 1 4 14 13 8 16 2 18 1 3
11 14 4 4 19 18 6 5 1 1 6 16 5 1 9 4 6 9 8 7 19 9 14 11 7 2 0 5 18 6 16 5 17 17 10 9 10 19 18 7 10 9 10 3 20 20 2 16 15 13
17 20 18 11 10 14 2 7 2 18 5 14 16 11 8 4 7 19 16 1 18 11 3 1 5 18 12 0 3 5 20 12 13 16 9 15 17 11 5 2 16 18 16 4 1 5 10 2 13 13
20 16 16 16 7 8 2 4 12 10 18 3 18 4 11 16 5 20 7 10 7 9 5 2 12 6 18 8 0 12 12 11 12 16 12 16 12 20 8 8 20 6 6 10 2 1 16 13 12 5
14 15 3 2 7 5 11 1 20 17 17 3 17 15 9 19 5 14 17 19 15 10 17 6 8 12 19 5 12 0 3 3 19 5 11 3 1 1 20 6 1 2 18 15 20 8 14 1 8 16
5 8 13 16 9 14 13 2 16 10 19 15 18 2 7 5 13 11 15 5 10 6 14 13 13 5 11 7 14 20 0 4 14 17 3 14 6 1 3 8 2 9 5 19 20 15 18 13 2 18
1 13 7 13 20 3 3 13 18 6 11 7 19 7 10 10 4 13 7 5 10 11 5 4 9 12 20 11 10 18 16 0 3 10 17 15 5 12 7 5 19 19 5 19 10 13 1 7 15 6
17 17 17 14 20 2 4 11 4 1 8 20 2 7 20 18 12 3 11 15 16 8 15 18 19 11 4 17 9 7 12 18 0 16 3 2 17 20 19 17 3 18 15 3 6 17 10 9 5 20
19 6 20 18 20 17 12 8 15 2 2 15 15 1 6 7 20 8 1 6 4 16 9 4 8 3 1 7 20 11 6 16 15 0 5 6 1 15 5 16 12 5 11 2 14 10 16 4 16 4
9 7 16 4 11 7 12 18 19 1 5 17 19 12 4 12 19 17 4 3 1 19 7 8 16 17 17 12 11 17 7 16 18 19 0 11 11 9 8 18 8 6 5 9 10 19 2 10 14 14
19 3 16 7 3 16 7 11 3 12 14 18 8 17 7 18 20 4 11 9 8 14 12 18 13 10 5 16 13 4 11 14 19 12 19 0 20 6 9 10 12 8 13 1 11 15 15 19 8 1
3 12 20 15 18 5 13 8 8 13 17 10 19 19 19 15 4 10 15 13 13 16 5 8 1 7 7 9 7 11 13 7 10 8 15 5 0 17 2 19 12 13 9 3 17 12 20 12 13 9
20 2 8 12 4 12 8 2 3 4 8 16 18 19 19 1 3 12 13 11 3 8 11 5 16 14 1 8 16 15 2 20 15 17 6 13 15 0 19 4 5 10 3 8 5 8 9 9 10 15
18 8 2 6 5 19 3 14 17 17 8 19 9 17 2 4 16 15 6 16 3 14 3 9 2 13 10 6 20 17 9 9 20 16 9 1 1 13 0 7 12 4 15 17 15 8 8 8 8 10
5 1 3 16 18 11 13 4 16 15 14 20 10 12 16 14 10 7 8 16 9 19 13 7 5 16 4 12 3 16 11 14 19 15 11 9 20 14 14 0 10 19 18 20 3 8 1 18 1 10
2 4 13 2 20 5 9 5 11 6 12 17 19 9 20 12 9 16 11 4 14 8 18 1 10 4 3 9 3 7 6 16 13 4 8 19 5 8 7 8 0 11 20 14 20 10 5 3 19 2
14 16 7 20 2 11 3 9 12 19 4 17 11 1 6 7 1 8 16 5 8 6 17 20 14 2 2 17 14 6 15 13 18 20 20 16 12 15 6 1 9 0 20 13 17 3 14 18 16 20
3 5 14 5 1 17 12 12 5 19 4 6 19 16 9 2 17 12 8 6 17 11 9 20 1 4 4 3 14 4 10 4 5 2 9 14 18 17 12 20 8 13 0 1 2 17 18 10 12 8
12 19 3 7 16 19 15 1 9 1 2 17 20 17 12 20 7 7 11 18 10 10 7 3 7 18 6 4 17 15 4 16 7 10 6 16 1 18 13 5 15 15 3 0 17 4 18 19 15 16
14 13 10 17 2 1 10 10 1 11 16 18 15 19 2 11 5 2 11 8 4 17 12 16 8 4 5 12 8 14 8 18 15 15 11 14 8 3 5 3 13 15 4 12 0 5 18 10 8 20
2 1 4 6 10 1 6 3 8 12 20 10 1 12 18 9 1 17 10 13 11 8 16 4 3 4 6 4 15 3 8 20 20 4 20 13 4 12 7 7 14 16 8 14 2 0 6 10 9 6
19 15 15 19 17 16 3 13 16 1 8 17 3 11 6 6 14 20 3 20 20 12 18 2 1 17 12 10 5 15 2 2 4 5 2 4 1 12 13 17 18 12 6 2 16 19 0 8 9 1
17 17 3 11 17 10 14 2 12 12 1 11 1 19 4 14 10 2 5 3 13 20 15 8 3 19 15 10 13 6 14 15 17 16 13 1 14 9 9 13 19 10 10 6 6 3 20 0 15 9
9 3 11 1 4 6 5 17 1 16 3 6 5 2 3 4 11 4 5 13 14 16 19 13 10 16 8 5 3 13 2 14 4 19 8 14 10 15 4 14 5 6 5 6 10 1 14 9 0 17
17 1 18 2 17 11 8 18 8 15 16 8 5 7 15 20 10 10 1 17 7 10 16 12 20 18 4 15 3 6 12 10 8 8 17 9 9 11 15 10 17 7 14 12 11 11 17 6 20 0
