96 30
34 34
87 19
54 6
38 11
62 2
46 16
52 27
89 16
1 1
68 41
23 9
51 4
74 33
94 18
84 48
94 47
65 46
33 9
19 27
17 12
64 36
58 3
60 7
87 17
52 8
58 14
88 44
71 24
28 12
88 50
72 30
60 15
42 49
73 25
22 19
22 21
100 7
75 28
95 10
56 1
57 6
54 29
74 10
16 2
8 4
30 25
87 46
9 3
18 16
0 17 18 11 19 18 17 7 10 8 3 8 6 19 15 4 2 5 16 10 19 11 1 5 9 19 11 7 18 3 10 9 16 16 14 4 7 18 11 9 12 14 14 7 9 17 16 6 4 19
6 0 19 10 5 2 20 8 8 14 9 19 19 6 12 7 13 19 19 17 18 19 7 10 12 17 12 18 19 12 10 9 17 17 8 3 16 5 5 16 13 15 6 3 7 14 16 6 8 19
6 9 0 6 10 7 6 7 16 19 8 13 4 20 20 9 15 11 3 3 15 9 13 4 14 7 8 15 3 12 6 16 17 4 14 9 12 13 11 12 19 12 16 20 14 2 12 10 11 5
15 8 3 0 19 17 11 14 3 8 7 13 15 1 7 12 14 11 7 15 4 5 9 14 19 2 9 7 14 13 17 11 3 14 17 9 14 12 13 2 17 17 19 18 2 10 12 1 19 14
17 2 19 6 0 19 5 18 16 7 9 16 7 4 20 2 17 16 4 11 13 11 8 7 15 13 12 1 1 6 18 10 16 6 8 2 9 17 6 20 8 9 16 7 4 6 7 13 7 5
10 1 18 6 2 0 6 13 20 20 3 13 10 5 1 7 10 20 16 2 3 11 12 20 9 16 15 13 13 6 17 4 20 2 11 17 17 4 13 9 18 9 5 19 10 10 8 5 19 18
16 5 10 13 7 4 0 20 18 19 16 11 13 15 20 3 3 8 14 10 9 20 8 15 14 10 8 11 17 11 18 9 18 9 9 9 17 3 3 7 4 10 7 18 17 9 18 13 14 17
19 7 14 19 6 8 8 0 8 4 2 13 20 5 15 15 12 18 16 13 2 20 20 19 18 8 11 15 19 11 9 4 9 11 17 4 11 5 18 13 15 12 19 4 19 19 3 16 9 3
16 4 17 1 18 20 8 18 0 17 15 15 19 1 1 4 12 6 5 4 16 13 6 18 1 17 5 14 11 16 17 9 12 19 2 17 18 2 5 14 8 9 19 20 3 12 2 12 7 11
3 5 7 7 2 2 18 16 17 0 3 9 7 17 8 3 2 1 14 18 9 1 11 12 1 7 18 5 9 7 16 11 7 3 19 13 14 14 18 6 10 9 13 7 17 20 6 4 11 8
18 15 1 11 3 5 4 10 15 12 0 12 14 6 11 10 19 16 5 12 15 9 9 13 16 9 4 1 7 2 3 16 5 2 4 13 10 4 16 19 14 19 8 1 11 19 2 10 16 14
3 6 5 1 4 19 7 2 15 8 11 0 14 10 2 19 2 2 1 17 6 17 3 15 3 2 6 6 2 15 20 10 7 10 7 8 11 2 16 5 18 15 15 9 19 17 5 19 14 18
13 4 1 11 9 17 19 9 18 3 12 5 0 16 6 16 7 3 6 4 3 9 9 6 20 8 13 1 7 14 15 1 18 18 10 3 4 7 10 3 9 5 1 15 14 1 15 19 10 18
16 1 19 10 20 6 16 12 11 9 3 16 12 0 13 1 6 14 15 20 18 18 3 8 8 1 3 15 15 7 11 5 16 12 19 15 3 1 14 7 11 1 4 16 9 3 12 10 7 2
8 12 4 17 19 14 12 9 9 4 8 7 2 12 0 3 17 14 7 7 3 10 7 9 17 10 7 13 6 2 15 3 3 14 17 14 13 20 11 14 4 14 16 9 10 12 14 9 8 6
6 13 16 11 19 6 20 14 19 11 10 18 15 10 10 0 5 17 10 7 9 5 19 4 20 20 6 20 13 5 16 5 3 18 8 9 13 19 19 11 4 11 4 7 17 2 20 14 10 18
16 15 8 19 5 17 15 20 9 6 10 6 12 8 16 17 0 12 11 13 18 2 8 5 19 4 20 7 17 16 1 7 9 4 6 17 3 19 7 10 12 5 1 11 19 11 7 16 10 13
16 16 1 11 7 2 13 8 18 7 12 1 19 8 14 12 2 0 4 20 4 19 16 1 3 14 11 11 17 16 14 2 17 14 13 8 16 20 14 11 9 12 16 1 11 16 20 8 10 9
14 11 8 9 11 6 10 5 11 12 2 14 11 1 8 17 19 10 0 20 13 8 12 1 4 19 2 14 8 13 12 12 1 1 13 3 7 18 9 13 14 1 16 12 18 13 5 13 14 1
20 19 16 8 17 17 16 17 6 13 1 4 2 1 13 12 9 5 11 0 19 14 4 5 20 19 15 3 6 20 12 3 17 11 12 13 18 7 14 17 10 14 3 2 11 11 7 10 4 7
3 11 14 9 18 3 20 18 10 12 18 10 6 2 11 1 2 16 19 17 0 19 1 5 3 8 14 18 6 19 14 2 10 18 15 9 14 6 4 7 18 9 16 6 11 12 9 6 9 4
9 16 8 10 8 11 18 14 17 15 9 8 14 11 10 4 4 4 14 5 6 0 5 14 10 18 15 5 14 17 18 13 16 15 1 20 13 5 7 8 20 3 7 10 11 8 19 6 4 18
4 5 13 1 11 5 8 17 17 17 2 9 17 8 12 11 5 18 17 17 11 16 0 15 9 10 20 8 20 12 18 13 2 2 3 14 7 16 10 9 2 7 17 1 18 3 14 16 11 1
2 19 7 19 5 10 17 18 6 11 3 14 14 20 15 11 1 8 7 19 16 14 17 0 11 18 11 16 16 13 2 15 4 3 13 5 4 16 11 12 16 16 7 1 19 19 15 7 9 20
8 19 3 14 17 5 5 14 16 14 11 13 17 15 17 13 1 12 16 5 2 2 5 8 0 13 15 8 5 19 11 19 9 3 9 15 18 1 10 19 5 18 9 1 5 13 9 2 14 12
1 13 3 15 5 18 2 4 16 11 14 19 5 9 10 15 12 16 11 14 3 10 11 5 3 0 11 5 7 15 8 7 8 6 7 4 14 4 6 4 18 6 14 15 5 2 16 6 1 16
17 9 5 10 20 9 8 4 12 17 14 3 12 18 8 6 20 13 1 2 17 6 9 17 10 20 0 19 9 11 20 8 7 12 9 7 6 14 3 18 8 13 20 3 13 2 2 13 13 20
16 10 8 18 7 11 1 1 8 15 9 8 9 12 9 8 8 14 2 1 11 12 11 3 7 20 1 0 8 20 8 13 4 16 19 6 20 1 17 13 8 13 6 18 7 1 12 17 2 5
9 20 13 11 7 18 12 6 14 5 19 10 15 16 12 11 8 17 9 7 2 9 5 10 4 15 9 7 0 15 20 12 12 19 18 17 5 19 11 16 14 11 3 3 2 10 5 6 10 10
4 18 15 13 6 11 17 1 8 2 19 8 3 1 9 19 3 1 3 12 12 2 6 14 12 14 13 18 16 0 6 4 5 16 19 1 12 9 5 18 20 5 18 9 17 14 10 15 3 17
17 18 4 12 11 7 14 4 17 2 17 15 12 19 5 17 3 18 16 18 9 9 11 11 8 20 3 20 15 2 0 6 20 15 12 20 7 2 7 9 17 13 7 11 17 13 13 5 18 4
7 2 15 9 19 18 18 7 1 8 11 19 13 10 3 3 16 15 11 16 13 13 5 19 7 13 5 6 17 9 15 0 9 18 17 11 19 12 1 6 7 10 5 8 18 19 7 7 16 9
6 13 4 19 18 11 7 8 16 20 11 8 1 16 14 12 17 4 8 11 8 19 15 4 20 2 3 19 20 17 2 10 0 17 1 13 13 1 3 8 2 13 5 11 8 3 12 12 13 7
7 13 20 11 9 6 8 20 4 20 4 20 5 9 17 1 14 8 11 14 4 13 8 8 18 14 1 7 11 2 19 20 12 0 8 18 9 9 5 3 15 10 2 6 19 12 18 7 1 5
18 17 8 5 5 12 4 12 16 13 8 4 2 9 10 11 14 17 17 7 12 6 4 7 5 10 12 20 4 8 15 2 16 19 0 11 5 2 6 9 9 4 8 2 6 8 1 14 19 16
14 13 1 16 10 2 2 15 12 15 18 4 14 12 19 14 12 20 18 18 11 2 2 9 12 5 3 1 1 7 15 17 14 4 2 0 4 4 4 16 17 5 17 5 4 1 15 17 17 11
18 16 17 1 11 7 5 16 9 2 8 10 2 20 18 17 17 14 7 1 5 19 5 14 8 15 7 8 2 15 4 19 3 6 18 12 0 10 5 10 17 20 4 3 19 20 9 14 13 2
7 15 18 9 9 1 10 18 17 6 13 7 16 1 11 7 15 20 18 8 10 17 7 12 15 20 7 15 3 12 19 8 8 12 13 5 17 0 8 19 16 5 5 4 7 11 17 20 16 16
6 3 11 12 17 14 19 8 20 20 14 12 11 18 6 2 10 10 9 6 12 8 1 10 12 2 16 5 12 7 4 19 2 3 7 11 5 5 0 16 18 17 10 20 19 13 20 6 12 7
11 13 10 13 19 11 6 10 3 19 11 16 8 6 11 10 13 10 15 8 2 9 11 8 6 2 15 14 8 10 2 9 15 13 3 3 14 14 20 0 1 13 17 19 14 7 7 9 3 10
12 17 14 14 20 1 9 18 9 13 5 1 12 15 6 6 14 11 10 6 3 15 17 16 19 14 6 3 5 18 3 8 2 1 5 13 19 6 8 18 0 1 17 2 20 11 7 17 14 20
14 3 14 11 4 12 15 6 1 14 12 16 15 12 1 16 20 10 14 2 18 11 5 10 18 14 16 4 10 3 6 18 20 16 14 2 20 18 2 2 5 0 8 16 20 3 14 11 9 16
10 3 8 5 19 8 12 11 10 16 20 5 15 9 8 4 9 10 1 3 4 4 17 12 3 14 15 6 19 5 10 2 12 4 12 14 10 20 19 16 19 15 0 19 10 4 20 3 8 9
3 5 15 4 20 14 14 14 14 8 11 18 20 13 5 1 4 4 11 1 17 20 15 19 2 18 5 1 15 19 3 13 12 4 9 14 1 2 1 6 7 10 19 0 6 5 13 19 15 16
5 17 18 9 7 17 1 6 17 3 1 1 3 18 8 18 13 4 1 14 5 16 4 16 9 9 17 11 20 3 7 5 17 20 15 4 7 15 4 13 17 13 1 16 0 12 3 11 20 16
5 6 16 15 12 15 12 14 3 9 3 1 11 10 16 19 10 5 7 6 7 10 13 10 2 15 11 7 15 14 11 19 3 13 12 13 20 20 17 13 10 10 17 4 15 0 2 8 15 19
8 5 10 1 9 6 5 20 19 14 9 2 3 19 7 13 13 8 16 12 19 19 14 10 9 5 11 5 10 4 15 14 9 12 19 12 11 12 20 1 6 6 1 18 14 4 0 20 8 10
11 5 2 15 12 7 1 1 10 10 14 19 16 12 1 7 6 16 11 1 10 8 12 16 5 1 5 1 12 4 9 12 10 17 18 16 18 5 9 2 11 16 2 6 4 5 9 0 14 4
9 19 5 17 7 17 12 8 10 7 5 17 11 19 2 8 7 18 7 4 19 16 11 2 14 4 9 14 18 10 1 11 10 6 17 15 11 18 17 16 1 20 7 12 14 16 12 13 0 17
7 1 1 4 5 11 18 3 14 19 20 4 20 9 14 10 14 10 11 17 18 18 1 10 18 5 15 20 11 2 12 17 18 18 2 17 17 7 12 15 1 20 12 8 10 4 14 1 4 0
