36 7
61 2
75 12
70 19
5 5
35 14
5 10
16 17
90 20
27 11
66 7
87 4
32 9
40 6
61 19
96 1
62 9
55 18
25 6
61 9
34 15
93 1
66 9
10 3
58 15
20 5
22 4
8 14
91 11
54 8
88 14
82 18
9 1
100 6
88 5
73 20
44 8
2 3
72 20
15 11
85 6
66 2
67 9
21 12
76 10
31 5
100 16
55 10
30 1
66 7
80 19
58 6
23 11
96 8
92 7
78 15
55 18
17 15
94 12
62 20
47 1
51 3
70 15
81 10
34 3
44 16
46 7
24 3
100 13
20 16
88 16
9 18
16 15
81 14
34 7
92 16
22 5
98 15
7 11
17 13
16 19
10 6
56 4
6 2
72 1
5 5
65 9
90 4
3 3
84 10
60 19
33 18
20 1
11 9
79 10
3 4
38 4
100 19
76 19
83 12
