60 2
37 5
31 8
5 7
2 4
40 5
35 4
100 20
9 5
4 2
56 18
41 1
88 5
24 8
99 14
29 20
36 14
44 17
59 1
40 16
47 13
40 20
49 20
21 3
53 20
15 6
21 16
67 4
56 9
14 19
59 15
24 1
92 1
28 20
52 5
8 11
78 9
49 4
48 12
100 19
15 20
8 2
75 9
87 19
44 17
49 5
1 2
52 7
97 4
47 3
50 3
12 7
82 11
35 13
24 7
99 12
94 16
40 1
25 9
51 10
16 3
42 19
14 8
21 8
32 6
93 8
64 20
59 3
12 2
31 13
11 17
55 3
23 7
18 12
94 9
55 15
68 15
31 8
84 16
81 13
77 17
100 12
10 3
94 16
71 5
99 5
38 3
20 2
77 1
51 8
76 17
47 18
39 15
60 17
83 11
40 8
72 17
1 2
68 18
83 11
71 7
76 13
100 12
36 9
51 12
32 9
29 19
79 13
40 4
14 9
44 11
87 4
13 18
60 4
73 18
34 6
64 1
47 17
73 7
96 10
68 17
2 2
54 10
38 3
68 18
15 17
91 13
89 1
31 4
82 9
17 8
19 10
29 17
50 8
75 9
33 16
61 12
12 16
21 19
19 13
94 12
3 3
69 19
95 10
1 1
20 11
8 16
56 14
28 7
16 11
74 13
83 18
74 9
18 11
54 3
34 15
60 9
42 19
25 6
100 10
54 12
28 18
67 19
23 1
32 9
1 1
11 2
54 8
76 11
87 6
8 7
51 3
50 13
66 6
99 7
80 7
71 8
61 13
3 6
53 7
9 5
8 16
86 1
62 14
70 17
25 3
19 6
45 18
65 11
39 1
23 6
70 5
95 20
31 2
32 17
57 5
41 18
4 3
81 5
89 18
70 10
90 17
54 4
38 13
3 2
13 19
14 3
67 7
52 17
61 11
35 17
15 5
66 11
90 18
33 8
34 2
98 1
51 1
66 18
43 6
58 5
54 7
80 8
34 17
70 11
49 13
74 19
8 2
58 11
66 12
5 3
12 8
98 20
42 18
89 2
38 16
16 7
80 5
47 4
74 15
66 15
31 2
74 15
1 1
3 3
15 13
87 18
21 1
61 20
35 3
100 1
68 12
40 20
14 8
41 16
4 5
58 6
82 8
23 5
62 12
74 4
18 9
18 9
32 13
42 6
27 3
34 4
83 10
49 20
12 8
46 18
73 16
57 7
94 2
51 4
80 4
47 18
68 13
86 2
29 20
98 14
24 12
51 16
16 2
32 15
69 20
3 1
5 6
64 17
75 8
20 5
38 4
57 12
33 16
45 17
66 8
96 9
81 12
1 2
53 12
99 20
33 18
56 14
62 2
72 15
33 19
90 12
21 17
72 15
75 3
19 8
37 1
29 3
19 17
81 5
15 2
44 20
62 19
9 7
46 1
46 15
52 14
89 19
77 20
18 19
7 10
75 20
92 14
50 4
67 20
7 2
23 16
73 8
35 9
87 10
37 14
99 16
74 3
96 2
12 7
47 17
65 8
53 2
5 5
76 7
50 19
64 12
23 18
25 15
45 11
72 3
7 4
18 20
68 9
35 12
2 1
10 17
98 8
17 20
100 8
64 9
55 19
15 2
83 20
18 16
94 7
88 10
2 3
92 9
97 18
18 13
80 5
83 12
77 17
62 15
4 4
90 4
14 9
30 3
85 5
16 20
38 7
71 13
11 5
55 17
44 17
86 17
99 8
10 17
96 11
46 18
75 16
77 15
34 2
64 18
62 7
72 19
37 5
97 5
53 12
15 18
3 4
15 19
24 8
72 20
47 1
91 2
36 18
7 9
44 18
76 4
38 12
6 5
38 5
51 19
85 13
29 7
66 4
45 20
48 5
75 7
73 7
52 13
25 1
9 15
7 10
97 3
16 7
13 11
92 2
72 19
51 19
40 9
77 14
37 8
47 8
1 2
27 16
24 20
74 6
88 3
4 1
71 9
18 19
64 16
5 9
24 12
98 12
59 3
16 8
40 9
47 7
28 10
35 19
62 20
47 8
11 13
21 2
70 17
96 3
58 13
21 12
57 15
76 15
27 15
93 18
85 3
50 12
44 9
65 17
76 10
70 20
51 2
26 2
88 19
80 7
37 6
74 8
29 8
68 12
48 7
8 7
11 16
41 17
29 13
52 10
88 6
46 5
82 15
20 1
37 8
79 13
43 20
81 3
13 4
100 14
14 2
28 16
28 15
34 7
