6 9
89 7
22 20
45 11
39 4
95 12
79 11
79 17
5 3
17 14
28 15
40 15
20 12
17 17
59 12
99 14
47 5
22 9
87 9
69 20
38 13
18 11
90 15
98 17
39 12
50 8
20 8
83 12
44 4
71 15
32 13
78 9
24 19
11 14
28 9
76 19
1 1
78 7
21 20
69 18
20 3
16 11
80 2
84 17
88 3
71 2
12 14
24 14
71 5
14 7
64 6
52 3
100 1
96 2
9 9
62 5
52 2
17 14
38 9
92 8
19 5
66 15
83 5
92 6
13 17
46 4
42 6
51 13
93 2
99 16
24 15
17 19
26 8
21 1
22 8
28 19
93 19
42 11
86 7
50 11
10 14
95 13
85 7
64 14
22 3
58 5
44 1
9 4
64 4
93 14
14 17
74 11
75 12
94 16
95 8
75 1
46 4
72 1
7 1
92 19
46 2
83 9
29 4
49 20
69 5
85 4
6 11
69 9
11 18
79 9
48 12
98 9
27 5
35 17
59 20
32 14
58 10
78 16
39 6
76 5
35 14
11 17
23 14
62 12
24 13
71 19
81 12
48 1
73 15
5 5
64 10
87 3
32 11
81 16
10 5
38 19
54 7
64 6
80 15
84 14
59 6
38 4
36 5
90 5
89 8
86 4
37 11
57 7
46 11
35 2
92 10
47 15
68 1
13 19
19 12
76 16
57 18
90 11
8 3
11 16
67 12
49 14
33 16
83 15
3 4
63 7
40 5
70 14
27 4
93 7
46 3
41 5
19 12
77 1
12 6
81 10
51 9
51 19
90 11
90 5
12 16
80 15
12 9
43 15
61 20
88 3
9 11
77 3
87 18
95 13
45 20
25 19
77 20
51 4
26 12
41 9
68 10
58 13
13 15
94 17
63 18
36 17
70 3
21 7
95 4
60 9
66 16
79 7
10 9
79 2
62 16
51 17
13 13
6 5
30 8
61 13
62 5
66 5
24 4
15 18
76 3
86 2
85 14
85 1
66 12
45 14
3 5
48 20
26 13
61 14
67 3
87 13
32 9
72 8
2 3
28 14
23 11
90 3
21 8
47 8
88 17
27 20
10 13
15 20
61 9
90 8
69 7
24 6
30 14
54 6
48 14
58 12
73 2
1 1
86 5
15 3
91 9
2 2
92 12
51 14
72 1
41 14
80 19
4 6
80 7
50 15
77 10
90 11
84 5
7 4
44 16
49 4
47 5
89 11
44 15
53 10
96 11
10 3
69 14
56 15
55 7
34 8
17 8
48 12
23 18
67 14
97 9
78 6
56 11
65 3
17 5
48 15
18 2
26 19
4 4
98 14
66 14
82 4
33 4
56 5
