84 20
94 1
94 8
9 18
44 13
55 3
49 4
82 11
52 16
14 12
54 1
54 7
49 11
89 14
83 12
77 2
8 13
81 3
15 8
98 11
97 16
91 13
12 11
41 1
92 5
43 18
8 2
80 15
78 17
57 19
8 6
21 17
95 13
24 11
63 19
75 6
38 17
71 9
51 6
67 16
88 6
85 20
86 2
20 13
26 1
89 1
94 6
89 19
1 2
67 15
17 11
86 8
50 15
20 13
60 1
23 18
53 1
42 12
85 18
95 14
28 20
80 3
17 17
42 2
23 13
88 7
75 14
13 12
89 19
77 10
65 19
59 11
47 17
28 11
42 9
25 14
46 4
99 20
57 10
54 15
59 18
96 1
75 19
66 20
5 2
11 11
73 19
29 13
28 12
18 14
96 5
44 10
72 17
29 19
21 18
81 17
57 2
14 4
87 3
84 13
27 12
59 8
50 13
12 18
19 15
27 18
62 15
98 1
86 15
84 8
15 1
87 10
32 18
29 2
65 1
26 2
67 5
5 9
63 1
71 3
26 15
69 17
68 19
2 1
26 15
13 7
93 2
10 1
11 5
85 19
15 1
74 3
13 9
99 17
96 10
38 17
23 15
31 15
89 4
69 10
3 5
85 4
20 8
92 17
57 17
51 18
7 7
15 4
72 4
7 13
20 15
64 14
44 12
95 15
1 2
16 14
19 7
72 7
28 19
57 18
90 4
89 3
27 10
38 11
35 8
57 2
57 2
26 12
29 16
42 19
77 12
65 2
68 2
67 12
26 15
53 20
6 7
45 1
13 20
54 2
79 20
90 11
33 4
78 10
50 18
41 20
71 20
38 9
59 6
2 1
5 10
74 8
21 5
26 17
12 2
63 13
81 6
4 2
20 11
54 5
25 4
96 4
15 7
8 13
16 1
67 15
11 4
80 20
98 19
84 13
68 10
78 2
16 20
36 10
61 10
52 15
98 7
6 4
60 6
61 9
9 14
41 8
56 11
8 15
83 7
91 10
100 1
16 2
69 3
81 1
74 15
60 19
74 3
98 1
14 11
85 13
81 6
96 10
97 2
24 20
42 6
32 11
51 2
25 3
58 12
98 19
61 7
15 16
19 9
92 14
