41 10
51 8
34 3
98 13
70 2
68 19
85 17
62 16
48 20
80 3
4 1
34 7
73 3
30 13
79 20
60 14
42 15
55 4
33 3
73 3
96 20
92 7
59 8
30 19
16 2
77 16
19 16
45 18
70 3
34 1
67 4
17 1
26 2
23 7
64 18
84 9
27 11
32 7
15 9
69 13
9 13
42 14
61 4
8 6
20 13
77 10
19 8
83 18
52 6
22 5
99 4
11 19
12 14
72 10
94 18
20 14
8 12
3 4
91 19
98 5
83 17
56 2
59 7
56 11
81 2
93 20
3 1
29 14
73 20
54 10
96 16
27 5
5 3
74 2
32 20
34 17
28 7
86 3
57 2
28 15
44 6
84 8
13 4
47 14
67 11
12 18
18 17
34 2
64 12
86 15
62 11
40 12
7 7
2 3
65 8
19 13
73 20
70 8
39 19
62 4
90 1
43 9
67 1
46 2
96 8
43 7
15 20
47 4
93 15
67 2
96 7
92 18
91 19
28 1
68 4
30 16
100 3
31 16
56 13
30 3
53 7
38 16
85 20
65 6
37 15
73 12
45 18
64 9
61 8
24 8
69 8
10 13
97 8
83 13
20 13
67 9
56 18
38 6
51 14
35 11
15 6
89 6
11 9
4 7
66 20
23 13
8 7
89 20
25 13
87 18
1 2
96 3
10 16
79 7
3 6
38 11
87 18
78 3
73 13
14 11
55 16
62 2
95 4
69 18
2 2
27 16
18 7
56 4
22 6
29 11
71 12
8 11
27 5
87 2
86 19
39 20
32 4
84 7
3 2
1 1
67 7
72 11
39 6
24 10
53 15
77 13
83 18
46 3
20 11
88 6
55 13
96 15
71 12
52 16
91 9
46 5
4 8
58 17
21 16
12 13
68 19
6 10
32 1
71 19
3 4
35 16
27 9
30 13
92 12
48 18
36 18
68 9
48 5
25 5
79 14
93 6
95 6
35 4
74 17
74 4
45 19
92 6
77 8
4 5
72 9
24 19
72 9
11 16
34 11
78 12
58 7
86 10
30 10
46 1
25 15
27 20
12 17
73 16
88 8
41 3
74 1
17 19
19 4
97 8
79 4
55 8
52 3
66 19
45 7
80 18
88 12
45 4
45 4
47 3
100 14
78 18
12 11
60 6
1 2
23 7
83 13
75 1
33 15
56 7
76 12
24 5
23 9
3 5
23 4
81 12
21 20
47 4
18 20
20 18
100 12
36 7
63 12
64 6
83 1
67 8
18 2
89 7
32 9
72 4
99 20
16 14
29 8
78 7
67 2
20 10
18 11
83 15
54 2
30 8
74 20
20 17
42 4
49 7
26 20
90 12
69 7
44 1
63 7
88 5
43 10
90 15
6 6
75 7
70 11
71 6
80 17
95 12
94 6
95 6
69 8
88 3
29 12
28 5
42 7
88 12
81 19
96 18
48 9
40 12
7 13
13 8
92 4
21 20
59 15
72 2
64 17
55 16
36 16
94 14
69 3
66 6
75 14
13 8
34 14
47 1
46 18
55 13
75 15
27 10
97 19
63 9
1 2
11 5
75 1
26 19
74 9
35 17
27 3
13 3
49 5
5 4
59 1
62 7
97 11
89 3
48 3
86 12
52 18
27 4
12 18
63 20
60 4
39 1
30 19
41 1
98 10
38 7
48 14
18 1
53 11
49 9
9 17
28 7
55 12
68 19
85 5
58 7
90 15
62 20
25 3
96 1
91 16
83 9
42 13
45 4
38 16
61 2
84 8
8 13
59 8
38 19
30 6
95 3
91 17
27 17
55 9
68 12
20 14
6 9
74 19
15 13
95 15
89 19
15 5
89 16
85 4
64 2
94 7
21 14
46 10
28 17
36 4
87 18
71 2
6 3
27 19
55 18
64 5
17 1
87 18
85 18
70 5
43 9
62 18
75 10
81 7
77 2
76 2
93 1
42 11
94 10
66 1
42 18
21 3
65 4
38 11
21 19
28 4
62 11
68 17
69 1
1 2
18 13
37 20
76 17
