100
54 26 43 82 227 9 3
29 87 76 53 283 2 8
62 64 90 50 309 2 10
88 28 16 63 199 1 4
81 61 81 28 279 9 7
45 11 84 48 191 8 1
36 17 29 17 110 5 3
85 54 13 31 219 9 2
27 55 42 93 237 5 3
51 5 82 60 216 4 8
73 63 61 59 276 7 3
69 3 93 72 248 9 10
6 64 39 30 165 10 2
80 27 88 55 250 7 9
37 83 69 95 297 9 2
41 15 56 88 240 9 10
77 95 27 65 301 7 7
33 53 29 83 212 9 3
87 84 57 63 330 7 4
38 78 78 32 258 8 1
26 31 52 93 208 8 2
44 89 75 32 281 4 4
94 67 75 97 372 10 7
93 61 11 14 193 4 7
60 94 2 61 260 7 4
76 30 20 9 152 1 6
99 4 37 58 233 7 5
89 44 89 54 301 1 9
3 15 27 10 62 3 1
24 15 40 8 92 3 3
99 22 40 13 186 6 4
29 46 58 25 162 10 1
58 73 77 84 294 10 8
91 8 82 70 255 8 1
75 80 77 69 309 2 6
30 10 16 74 131 2 3
38 24 54 53 195 7 8
50 89 6 49 198 2 2
6 84 32 30 162 2 2
84 36 100 96 350 6 4
3 20 87 78 203 6 10
38 2 77 73 190 1 6
2 100 54 17 187 2 6
29 29 74 26 159 10 9
38 52 74 79 265 9 7
93 23 96 48 264 10 6
73 28 30 45 199 6 2
96 16 14 13 149 7 9
100 72 3 1 199 6 10
9 46 92 90 279 10 3
97 39 78 20 272 9 6
11 1 23 76 121 3 5
11 70 71 23 185 2 7
5 70 96 38 226 10 8
86 61 37 14 217 7 5
36 70 64 81 258 8 3
100 19 69 97 339 4 6
100 86 26 16 250 10 8
25 87 64 15 192 3 8
74 69 80 52 318 4 6
61 33 9 92 195 4 5
4 14 3 38 61 6 4
22 90 37 94 269 1 5
13 79 81 99 273 6 9
38 6 99 76 226 1 7
45 25 12 55 159 6 5
48 81 54 61 278 4 6
49 98 26 64 257 2 1
99 90 80 96 418 8 7
96 48 76 46 305 2 4
24 67 17 58 193 8 5
70 48 79 44 258 8 8
8 78 30 63 195 9 3
98 86 41 86 362 10 8
91 65 61 6 233 9 1
60 44 64 26 231 6 8
5 81 94 76 271 10 3
85 22 64 63 264 8 1
79 32 73 74 271 7 3
99 100 52 84 337 6 5
89 29 88 76 330 5 6
54 56 30 92 277 2 2
40 29 20 70 179 5 9
31 78 70 50 268 5 4
61 70 87 9 257 8 9
72 86 86 27 281 9 7
16 25 55 84 193 3 10
42 76 36 81 278 5 6
53 90 19 4 197 3 2
4 43 49 22 129 7 9
8 9 7 3 28 7 8
66 49 90 89 310 6 5
84 90 93 43 372 3 10
48 44 64 31 222 7 3
26 62 35 96 238 7 7
6 72 74 57 221 10 5
76 54 79 79 298 8 4
66 33 38 44 190 9 5
84 69 51 83 331 5 5
6 11 81 31 144 5 7
