450
25 25 57 51 159 7 2
81 90 51 24 271 2 7
8 31 51 16 120 9 9
77 14 43 54 193 3 3
71 19 15 73 211 1 1
67 74 46 17 210 9 10
90 68 52 61 271 9 5
48 84 78 44 269 9 8
25 60 98 87 309 6 10
80 32 99 57 320 5 7
62 86 38 4 214 1 7
51 79 69 16 219 8 8
57 84 6 88 248 9 5
98 92 63 69 346 3 7
42 54 100 77 273 2 3
23 24 71 78 215 8 2
19 44 44 46 165 7 1
92 39 19 35 218 6 10
42 91 30 32 197 4 8
17 6 95 94 235 9 2
44 48 21 51 174 2 10
56 31 84 89 304 2 9
99 70 48 90 338 9 5
15 34 92 66 209 7 2
15 31 61 22 132 4 9
41 70 58 29 202 5 3
17 27 82 25 156 8 3
36 56 95 63 273 3 6
76 48 30 3 161 7 2
40 99 80 30 288 10 6
76 9 80 51 259 5 8
65 58 8 83 233 9 2
89 84 52 81 352 9 1
79 8 41 47 205 2 10
70 2 21 58 158 8 2
89 1 42 74 218 9 5
34 96 81 58 298 7 9
13 37 60 84 196 4 5
19 85 5 92 236 2 2
32 89 39 57 225 5 9
12 74 94 42 236 10 10
66 14 40 20 163 5 8
32 73 91 15 242 9 9
4 18 80 65 181 1 5
46 47 84 76 290 8 8
13 59 37 90 223 2 10
43 95 100 15 299 5 1
39 65 76 39 253 7 8
84 16 55 100 270 5 4
81 39 52 11 209 9 3
48 99 16 57 240 7 7
52 5 32 17 119 7 10
89 56 48 72 314 9 9
43 8 94 17 181 1 9
76 33 24 72 206 3 10
3 42 3 90 151 5 10
84 89 4 64 280 6 9
92 19 64 84 306 2 1
65 35 76 99 297 7 3
18 5 85 12 139 5 1
85 97 69 69 361 1 8
81 28 58 2 171 4 9
63 88 11 50 250 7 4
24 83 31 67 236 1 5
96 1 69 59 234 10 10
5 6 80 56 155 10 10
32 11 69 69 210 6 10
49 48 46 61 227 3 1
90 71 12 77 251 3 5
19 64 77 85 289 2 4
55 52 19 11 137 9 5
65 49 88 35 242 7 2
15 22 26 100 181 7 7
59 81 72 100 353 3 5
6 97 59 92 288 3 6
7 81 39 34 183 4 4
52 20 30 14 128 8 4
30 51 76 40 204 4 9
66 39 25 55 187 6 1
28 88 31 32 214 7 2
46 98 76 7 259 7 2
63 43 64 90 308 5 3
21 11 79 88 218 5 6
90 96 26 48 265 7 5
23 76 45 53 212 10 4
95 42 26 78 248 9 3
80 38 45 98 281 1 7
34 34 77 7 165 2 4
47 21 64 62 231 7 3
70 29 95 96 329 7 6
39 84 82 66 275 5 6
81 40 80 67 269 10 2
39 47 67 40 195 2 7
15 28 42 76 177 3 4
43 59 98 73 278 10 4
99 24 91 71 339 4 10
30 99 71 47 296 4 7
25 2 86 29 142 2 2
68 57 6 54 193 3 2
57 93 10 50 247 1 7
37 83 3 56 214 8 6
36 27 68 22 156 1 2
74 60 21 76 234 5 9
79 92 20 70 309 4 1
6 45 17 23 102 5 3
50 98 67 85 309 6 6
25 32 10 11 93 1 6
1 18 46 23 91 1 3
70 19 8 10 119 4 9
88 7 75 35 230 3 10
81 32 33 27 207 4 8
27 20 48 28 129 7 1
52 60 50 33 233 1 2
75 73 16 85 287 10 10
9 3 100 42 183 3 7
34 63 48 16 165 10 4
50 2 29 96 192 8 4
8 64 47 75 213 3 3
93 89 92 12 289 5 2
40 33 44 7 133 5 8
1 48 97 85 246 10 3
24 71 78 67 288 3 2
23 18 45 38 142 4 4
16 14 40 69 140 5 9
18 18 67 54 183 2 10
55 94 81 87 337 4 7
64 50 66 86 269 7 8
51 89 23 55 225 3 10
44 53 31 33 188 2 4
19 8 12 13 55 9 9
16 46 64 62 212 3 7
1 4 41 26 75 6 3
60 33 9 14 117 7 10
17 93 59 8 177 10 5
89 83 13 43 240 5 5
60 27 53 14 155 5 4
28 82 47 33 202 1 10
100 14 42 3 185 8 5
71 41 43 29 214 1 10
37 42 78 14 190 4 7
21 25 51 6 113 9 5
78 42 98 39 264 4 10
66 79 75 55 325 8 5
56 70 36 11 201 2 4
23 19 15 26 94 2 6
76 76 36 48 279 8 1
30 55 55 52 193 3 9
41 94 14 70 228 5 6
42 65 69 51 242 4 2
23 9 49 48 148 7 6
79 94 47 99 373 10 2
37 98 60 81 309 7 5
25 95 14 19 167 3 7
45 28 3 53 144 4 1
96 71 51 71 323 8 8
19 59 33 25 151 7 7
13 34 19 58 141 1 3
71 36 39 89 262 1 8
72 35 80 99 325 4 5
11 13 2 42 81 7 5
49 95 82 90 316 6 9
25 21 81 1 137 5 9
37 95 92 42 281 1 1
36 23 14 92 193 9 10
59 75 30 51 235 7 1
44 29 59 13 152 6 1
93 40 43 6 199 1 4
51 72 92 98 352 8 5
82 19 7 44 177 8 6
8 88 38 24 170 9 9
29 29 82 98 260 2 6
67 14 73 50 217 9 9
74 50 18 98 281 7 8
20 54 20 64 189 6 6
29 58 88 20 202 9 3
43 55 72 71 259 8 8
41 46 64 13 165 2 7
71 6 92 9 178 3 1
80 85 36 49 274 10 7
2 96 6 73 199 1 1
64 13 98 51 240 3 6
6 82 44 43 198 6 9
33 93 17 75 240 10 5
53 74 63 9 205 2 4
52 5 6 19 82 3 8
57 78 37 60 276 9 2
65 38 19 47 177 9 9
94 84 1 24 211 2 10
81 23 25 4 137 2 1
52 7 49 97 246 2 1
73 62 40 1 182 5 2
40 16 35 87 191 1 8
14 60 98 95 312 7 2
73 40 43 40 215 3 3
69 68 78 65 290 2 3
71 61 61 78 272 1 6
70 76 44 43 239 4 4
10 20 81 51 164 9 6
34 33 100 37 226 4 1
32 13 36 19 119 4 3
47 96 24 79 256 2 4
29 43 89 39 236 3 7
91 10 28 83 212 10 4
97 64 88 100 381 3 10
18 6 9 37 80 1 1
20 21 99 92 233 1 2
2 19 52 83 169 5 7
68 88 26 65 255 4 8
95 34 88 82 303 2 9
5 47 65 23 154 10 6
72 100 90 99 392 1 7
65 18 38 73 221 8 5
16 71 21 96 214 3 7
6 13 15 41 90 8 10
60 1 28 5 102 3 10
15 78 29 83 240 6 1
83 28 2 52 168 8 2
45 90 85 38 303 10 2
76 54 70 77 312 10 1
32 55 66 31 188 4 7
47 33 19 93 222 9 1
59 79 22 40 215 5 1
38 85 12 43 194 4 3
76 76 38 72 270 10 7
69 73 10 76 234 2 4
82 40 86 74 331 1 8
82 77 100 4 303 2 4
40 27 47 43 165 10 8
51 11 14 56 137 7 3
4 45 2 28 94 4 1
76 78 41 68 282 9 5
69 79 78 48 285 8 7
82 68 16 99 296 10 2
41 27 75 23 173 10 1
75 68 67 5 256 7 9
91 55 14 79 240 8 10
31 46 56 9 155 10 6
98 50 61 8 218 8 7
91 30 13 85 229 6 6
83 6 67 92 264 7 3
18 40 84 74 249 1 9
88 49 14 71 266 4 3
66 64 55 79 289 5 2
23 26 53 8 110 3 8
47 15 65 60 191 2 7
37 89 46 43 240 10 5
41 19 82 100 289 8 2
55 68 37 17 207 3 2
28 28 71 31 185 1 6
91 6 92 84 292 1 2
2 54 85 76 225 2 8
62 81 84 59 325 6 1
21 59 37 67 209 6 7
12 71 33 61 209 6 1
80 55 17 63 244 7 6
45 44 95 67 290 6 2
46 70 31 87 259 5 5
6 8 31 87 144 8 8
27 72 67 21 216 5 4
12 58 70 92 232 10 2
23 88 66 67 268 8 5
78 3 20 66 200 1 10
5 19 12 81 133 10 2
61 22 54 1 152 1 8
55 14 75 47 215 9 10
87 66 75 92 379 2 5
46 61 2 94 223 6 4
70 6 20 20 120 2 8
53 92 4 36 211 5 8
82 49 60 55 273 5 6
87 87 42 33 298 8 9
39 89 16 86 250 10 2
66 99 24 72 280 4 8
62 23 14 48 169 10 5
12 36 7 92 168 3 3
82 70 96 62 330 7 3
26 56 21 69 191 10 3
36 93 83 44 300 2 7
56 68 2 88 256 3 8
23 33 51 54 184 10 7
51 47 43 74 250 1 8
51 27 92 100 289 6 2
84 5 50 76 254 2 10
3 96 84 5 224 6 6
31 57 47 64 224 7 9
18 36 78 68 209 9 7
91 17 40 85 246 4 5
76 48 42 64 243 4 4
10 47 42 8 123 6 10
86 57 97 11 268 9 4
99 45 80 98 346 4 6
11 76 47 52 209 6 4
15 5 16 61 109 2 3
52 71 21 14 177 10 4
70 94 3 67 274 3 4
60 47 22 42 191 3 8
35 37 74 76 260 10 5
34 54 27 42 183 3 8
14 94 9 11 133 7 4
98 80 81 4 292 8 4
49 45 93 32 259 10 8
51 40 94 48 242 3 10
39 1 10 46 107 4 4
52 8 19 15 100 1 3
4 99 70 3 195 7 3
11 33 3 17 74 9 5
70 100 62 63 344 4 1
16 91 8 94 247 7 5
20 60 33 74 199 5 7
82 42 91 9 225 10 6
40 37 82 12 191 5 4
61 55 100 76 321 3 7
41 43 94 12 221 9 9
53 32 3 55 157 2 3
34 28 97 38 228 10 2
56 67 9 21 184 9 2
20 21 78 57 194 6 6
28 44 25 34 143 2 4
63 36 62 70 250 10 6
44 12 36 15 128 10 5
42 72 39 38 194 6 2
90 47 25 77 277 4 3
26 6 51 63 166 7 6
4 53 98 71 244 9 6
32 91 91 87 338 9 8
96 51 4 74 234 6 6
3 22 5 75 119 1 4
81 71 19 16 198 5 7
57 94 28 35 218 10 3
93 30 48 38 240 10 10
68 82 55 60 294 10 3
24 40 87 72 267 7 8
56 53 100 87 342 4 8
93 98 50 58 327 6 1
78 59 56 24 257 7 1
90 74 19 23 214 6 2
75 28 4 83 191 2 7
69 69 88 47 300 4 4
12 85 39 97 254 4 3
24 19 98 56 201 9 10
60 59 99 5 234 10 4
98 81 19 72 323 5 5
20 73 54 63 241 10 1
40 54 62 30 193 8 1
28 25 19 36 108 2 2
69 81 65 15 252 8 3
79 8 81 84 282 7 10
45 37 37 62 186 4 5
63 53 27 32 210 4 8
56 11 81 11 188 2 6
76 85 2 43 240 8 3
89 73 5 76 281 7 6
46 60 58 1 190 6 4
67 79 50 57 304 1 7
43 100 86 64 305 5 9
8 19 32 12 82 10 4
3 35 96 36 195 6 5
35 73 85 30 260 5 3
1 50 47 8 115 7 5
45 87 12 23 187 9 7
4 21 48 6 89 10 1
74 76 94 79 352 6 9
45 68 34 97 277 10 1
4 62 3 20 101 2 2
82 37 54 35 245 2 10
38 21 79 48 215 7 8
47 29 82 15 189 2 1
35 59 71 4 190 10 1
31 32 24 26 134 3 4
64 84 18 46 253 4 6
53 11 92 58 233 4 2
11 1 26 9 49 3 10
22 82 21 11 137 3 4
75 54 45 62 254 10 7
36 20 25 29 128 1 1
34 4 38 23 115 3 2
12 80 90 37 235 3 4
18 70 49 34 171 5 5
19 73 88 62 255 2 9
69 50 71 52 246 2 1
36 52 64 41 204 9 3
4 11 55 95 185 10 5
62 57 45 26 192 6 5
53 49 52 88 283 5 4
47 31 100 12 227 7 7
78 84 94 34 324 10 5
33 78 57 46 245 4 9
40 42 80 60 234 8 10
73 97 25 13 236 10 5
81 44 26 20 201 5 10
21 69 23 85 219 3 10
24 59 100 54 242 2 9
86 4 98 43 274 7 6
88 18 75 17 213 3 3
23 27 30 82 177 3 9
70 19 83 73 248 6 2
95 33 90 81 352 4 8
71 39 37 38 213 1 4
13 17 19 25 74 7 9
45 66 43 13 187 5 6
11 24 37 73 166 9 6
13 76 94 100 332 10 2
23 57 8 95 192 5 3
81 98 78 17 300 8 3
48 30 39 80 233 6 3
68 1 27 81 198 4 2
24 16 58 14 121 9 2
86 85 38 98 348 7 1
85 45 21 87 275 7 7
70 64 22 92 268 5 4
87 67 5 33 228 6 7
91 37 33 85 250 4 6
88 64 41 17 250 8 6
5 24 4 51 89 7 6
58 8 57 26 154 2 9
10 19 49 37 136 1 8
99 71 91 62 341 7 1
64 52 3 27 174 7 10
44 64 49 36 202 5 8
67 36 75 67 273 9 2
17 82 95 2 234 8 6
69 44 5 39 183 9 5
7 39 31 5 86 1 10
34 57 19 18 134 10 9
79 23 59 38 200 9 8
16 83 98 90 341 10 3
98 1 88 53 288 8 5
39 6 46 48 144 4 4
97 68 99 94 359 2 1
33 37 75 54 204 2 1
24 47 68 9 154 1 8
4 11 94 21 146 9 3
6 100 68 41 220 4 10
97 72 99 82 385 1 10
75 8 96 79 272 7 3
12 19 10 1 48 9 7
69 97 8 38 216 5 3
31 59 56 41 191 9 5
10 77 63 55 227 9 4
2 80 61 40 190 1 2
85 33 34 71 252 2 2
22 7 55 32 137 7 3
59 99 3 11 206 6 6
90 70 48 96 316 3 8
37 93 39 25 199 10 3
1 68 9 5 83 10 3
48 78 73 97 321 9 3
83 80 51 62 294 8 4
54 65 35 90 256 1 9
39 59 48 64 225 3 9
