150
4 65 6 99 195 1 5
4 58 69 31 194 2 4
54 32 39 87 245 8 8
92 12 27 83 229 5 7
92 27 37 25 203 10 6
85 17 27 71 217 8 10
58 77 82 43 295 5 10
20 22 83 44 190 3 5
24 51 63 12 180 5 7
2 43 52 36 133 7 10
86 62 44 7 234 4 4
66 98 80 82 378 3 8
92 10 40 87 272 7 3
27 97 92 74 310 10 3
21 58 23 11 125 3 6
95 28 52 33 218 1 8
80 19 84 62 257 2 5
7 91 61 81 284 6 9
27 11 59 99 226 1 4
64 27 98 94 314 2 7
1 59 48 70 204 6 2
29 45 10 63 154 9 8
30 42 22 12 115 4 8
41 9 47 44 164 4 4
74 45 68 7 205 9 3
61 50 20 94 266 7 8
100 25 94 35 298 6 5
80 27 53 24 188 7 2
93 40 42 29 225 5 4
66 32 79 30 224 9 1
21 58 9 37 147 7 9
32 83 54 75 268 4 2
13 22 8 14 67 5 6
41 49 6 43 141 4 2
37 12 13 91 180 8 9
93 45 33 17 201 5 5
15 97 89 50 275 7 4
59 88 20 93 308 1 6
82 31 14 55 187 9 8
73 31 51 45 206 1 3
87 45 61 60 284 8 7
56 38 79 62 257 1 7
50 53 14 56 206 2 1
97 98 75 35 365 1 6
32 3 5 90 149 10 5
13 58 44 46 190 10 2
70 5 28 66 198 1 5
79 81 21 45 271 9 1
53 97 22 33 213 6 9
24 98 28 25 209 8 3
21 53 25 45 165 3 8
73 100 9 32 226 4 7
44 5 56 100 244 7 3
91 93 94 69 391 9 6
74 80 54 63 292 5 3
98 36 86 17 284 6 6
84 97 67 70 356 6 7
21 13 78 57 179 6 2
52 22 62 76 224 7 2
5 43 1 4 64 4 7
42 66 68 58 274 6 1
27 2 63 59 167 5 6
24 35 49 62 194 9 3
15 1 98 93 225 7 6
52 26 10 30 138 5 2
79 61 66 9 239 7 5
77 48 48 81 263 3 4
78 34 80 23 250 2 8
36 73 51 7 185 9 4
48 78 95 72 297 7 5
61 73 85 40 280 10 3
14 100 83 58 287 8 9
30 100 76 3 218 5 2
51 76 37 3 179 10 1
72 45 87 66 321 8 6
55 48 65 87 285 5 8
62 90 88 18 310 2 10
80 61 46 94 319 10 9
7 30 55 58 174 4 4
80 75 26 68 251 10 2
98 16 96 45 276 10 4
33 63 89 45 245 4 5
30 8 49 95 193 5 7
5 50 97 25 193 4 2
8 10 1 90 128 8 9
98 6 92 39 260 3 2
79 90 14 87 300 4 1
38 3 65 46 158 3 1
94 70 63 90 329 10 8
7 15 94 90 235 1 7
96 86 31 96 357 2 3
12 94 95 16 249 1 3
38 62 63 84 258 1 1
59 43 93 59 270 6 4
88 46 69 44 248 7 3
46 46 96 89 283 7 10
88 91 34 4 245 10 9
85 29 29 54 232 7 6
74 15 6 65 175 8 3
62 79 55 3 228 7 3
83 23 82 17 240 6 2
66 100 10 2 195 9 10
58 15 17 50 156 8 3
38 14 40 57 169 5 7
22 37 42 61 175 9 5
4 4 26 1 42 4 8
43 82 69 55 291 9 6
41 52 40 52 190 10 1
61 17 99 1 203 4 3
15 19 10 7 53 3 4
59 79 8 45 194 10 10
92 20 86 57 261 1 7
68 51 11 77 220 4 1
7 36 8 65 138 1 1
5 96 65 10 186 9 4
90 82 33 45 264 6 1
47 78 56 70 265 2 2
60 9 45 73 217 7 7
54 22 56 5 150 5 2
21 30 19 60 131 6 10
9 54 81 64 220 2 4
74 85 1 30 210 5 2
49 67 26 49 221 4 10
46 61 6 95 239 8 8
77 54 15 2 158 2 6
18 20 92 33 172 3 2
93 69 75 45 286 5 2
47 58 32 93 263 9 10
16 50 52 7 130 4 4
46 68 72 59 267 2 3
28 91 22 46 220 3 4
73 72 89 33 313 6 5
30 54 43 70 231 7 2
39 76 99 40 267 6 2
3 87 37 43 185 8 9
54 30 49 34 197 7 9
59 46 10 42 186 4 7
38 64 51 1 176 2 10
3 45 12 69 145 8 7
36 55 92 98 285 4 2
62 81 7 88 258 1 9
91 88 75 99 403 7 10
60 25 60 85 268 5 5
25 20 76 4 140 1 10
32 55 90 79 298 9 1
66 70 89 35 282 3 7
48 97 58 50 295 2 10
8 84 97 69 261 2 5
68 12 16 35 150 7 10
21 24 27 31 118 5 3
