450
9 11 6 15 42 4 8
13 17 16 12 74 4 3
8 6 9 18 49 4 1
18 16 12 16 66 10 4
8 11 15 15 75 4 9
20 18 10 6 70 6 5
7 11 16 5 63 7 9
7 19 16 8 69 1 5
11 10 9 12 113 2 1
15 6 7 19 111 8 1
17 14 12 8 99 10 6
14 5 7 5 71 4 9
13 10 18 17 95 2 3
7 16 16 12 184 6 5
10 9 6 8 139 2 6
16 18 19 5 205 6 6
13 11 10 7 176 10 5
11 8 7 7 177 9 9
10 10 7 11 165 2 2
5 12 16 9 53 10 3
11 18 20 8 208 4 6
19 10 8 8 107 6 2
12 19 9 7 249 2 4
14 13 8 11 119 1 1
12 19 10 11 113 5 4
16 10 9 17 144 9 5
10 20 19 15 140 7 10
16 17 14 6 138 3 10
18 6 20 11 290 2 3
5 11 10 6 134 5 10
17 9 8 18 337 6 3
18 20 8 17 193 9 5
5 20 7 20 75 6 4
10 11 12 12 213 4 8
10 13 13 16 351 6 8
6 11 7 17 85 9 10
11 5 11 8 71 8 3
20 10 10 13 175 2 10
8 16 9 6 62 1 3
10 17 15 6 82 5 9
13 7 8 14 178 9 4
15 9 5 8 54 7 9
12 6 15 20 458 10 7
10 9 13 19 361 5 2
7 16 20 16 419 4 3
19 14 15 14 69 6 9
20 20 7 11 496 10 5
13 11 10 12 158 9 3
5 7 18 18 535 4 6
17 19 15 11 442 4 1
11 9 5 10 156 5 9
7 13 7 19 177 3 9
19 5 12 6 45 9 2
8 5 6 16 340 2 6
14 7 10 15 483 7 10
10 6 19 10 316 6 3
7 17 11 18 552 5 9
14 12 14 7 328 2 9
15 16 6 16 580 3 2
18 7 11 10 407 2 9
10 16 12 12 67 10 5
8 15 6 15 113 2 8
11 7 14 20 599 7 9
6 15 15 9 294 1 2
16 17 11 13 106 2 5
6 18 16 8 621 2 4
6 17 14 13 353 4 3
19 10 6 5 550 7 6
18 14 20 11 741 9 10
6 14 14 20 403 2 1
6 13 13 11 92 6 5
7 18 18 10 619 1 4
16 8 5 14 710 3 9
9 17 20 15 482 5 1
17 7 11 14 707 2 6
8 18 13 15 461 4 10
13 11 18 10 231 2 10
8 7 8 13 593 8 4
18 14 5 15 439 10 5
9 15 14 16 120 5 6
10 10 17 10 311 9 3
17 18 11 11 606 3 1
7 12 11 15 668 10 4
15 16 9 5 758 6 6
12 12 18 6 682 6 2
20 15 16 8 851 3 9
10 15 15 13 729 2 3
18 13 12 5 656 8 6
12 12 14 8 478 6 10
15 18 17 13 888 5 8
7 8 5 10 468 6 1
20 15 9 18 749 8 9
7 6 13 7 261 6 5
15 11 6 5 474 7 2
7 19 17 20 188 9 4
12 7 6 17 416 2 5
8 19 17 20 1005 3 10
11 12 5 14 802 1 8
8 19 14 11 60 7 4
13 9 20 14 98 2 9
8 6 15 19 336 6 1
12 18 8 16 701 6 5
12 9 18 7 472 8 4
16 14 17 8 1004 4 1
10 7 17 7 484 2 7
7 17 16 9 362 4 4
9 17 12 12 1052 6 1
11 8 11 12 172 9 4
10 6 11 12 410 5 4
17 13 12 18 160 9 7
13 13 6 20 154 5 4
6 15 14 14 631 5 1
12 14 15 20 312 10 7
12 10 11 12 558 1 10
18 19 20 18 879 8 3
7 7 9 11 1017 7 9
20 19 14 5 227 9 3
10 18 10 20 233 8 5
10 16 18 16 530 10 1
11 7 9 15 83 8 6
20 16 7 11 756 7 10
12 20 15 6 1247 7 9
17 12 15 17 1215 1 6
18 12 7 11 572 6 2
16 20 9 10 349 5 10
5 9 18 19 858 5 2
18 20 17 15 500 9 4
18 19 19 17 683 10 2
20 8 14 18 233 4 2
6 11 12 8 128 10 4
19 16 7 10 1185 8 5
7 17 11 15 190 8 9
5 7 17 14 929 8 1
18 19 12 6 758 3 1
19 12 8 14 965 7 9
17 8 12 20 225 5 6
12 13 14 15 299 1 4
15 19 16 19 444 8 10
9 11 16 10 269 1 1
8 8 6 13 765 8 7
11 13 19 12 1194 2 10
17 10 19 8 1366 6 10
20 13 16 17 1388 4 7
15 5 11 11 1024 10 9
6 13 9 13 1225 6 4
18 11 7 8 433 6 8
15 9 6 13 447 3 8
16 16 19 16 525 7 10
19 16 10 12 885 4 6
13 8 16 16 1000 1 3
6 6 16 13 889 3 10
5 14 8 12 1218 10 2
18 7 10 13 158 8 4
13 10 9 10 548 1 2
18 11 12 9 148 8 3
19 11 16 5 490 2 3
13 20 10 12 771 7 5
15 18 9 10 406 2 5
14 11 14 18 884 7 3
11 18 12 13 671 9 8
8 12 8 6 217 8 7
16 16 16 16 1374 8 2
6 19 20 5 720 3 3
7 20 12 11 1403 6 7
17 20 10 13 804 10 7
10 16 8 20 1042 8 2
10 19 9 10 1529 5 1
6 8 19 10 77 8 10
11 5 15 6 1025 2 1
19 20 10 13 710 3 9
6 17 12 17 1216 5 9
18 11 15 13 619 6 8
9 20 8 18 1046 2 7
16 17 13 10 1319 10 3
14 6 10 18 85 5 7
9 13 17 17 1637 6 4
14 16 14 10 1261 9 3
8 6 5 7 771 2 2
10 18 9 15 119 4 1
9 17 9 10 1394 8 7
19 20 16 13 1070 5 4
13 10 10 11 168 9 4
11 19 8 19 431 4 5
20 18 10 5 818 8 7
6 16 7 15 276 1 6
15 6 7 11 362 10 10
12 18 9 14 76 7 8
11 12 19 11 1900 9 7
5 5 18 20 588 2 9
7 20 9 10 854 2 8
8 14 20 17 1150 7 10
15 11 12 9 1087 1 10
17 20 18 5 75 5 5
5 9 16 11 264 5 9
8 7 14 15 392 6 9
5 6 13 14 1577 4 8
7 7 8 14 510 8 1
12 10 16 14 209 10 7
8 6 18 18 1841 6 10
13 9 12 17 1090 8 2
9 16 10 15 1196 5 8
17 20 18 5 1201 9 10
19 11 14 15 647 7 3
9 11 20 12 831 2 7
7 7 17 8 533 2 6
13 7 8 6 583 6 5
13 5 18 9 1285 3 4
7 7 12 13 2034 8 6
10 17 18 8 746 9 2
8 7 9 5 127 3 6
18 8 6 17 1215 10 1
17 17 13 15 1311 4 10
8 11 7 10 1059 10 9
8 19 7 15 396 2 3
20 19 7 14 1813 10 10
11 13 13 9 2053 4 2
14 16 18 19 1389 3 5
9 18 14 16 911 4 1
8 13 16 11 120 9 3
12 14 15 17 1406 8 10
14 19 16 16 2155 6 5
5 13 11 5 678 6 9
13 11 15 16 1240 10 9
19 9 20 20 237 5 3
19 19 14 18 741 9 7
19 11 7 13 1878 3 6
10 13 8 12 1815 3 8
6 17 10 18 1890 7 7
14 6 15 18 800 7 4
19 13 15 12 268 7 10
15 19 15 20 992 10 10
15 6 9 17 2199 6 4
14 8 13 12 1064 8 10
8 20 16 5 1348 9 10
19 7 6 6 114 10 6
17 7 14 15 861 9 9
10 12 5 19 255 3 2
9 9 5 7 1611 3 7
19 11 18 16 2149 7 3
8 7 16 12 371 1 5
5 8 17 12 478 7 6
9 7 16 10 99 6 5
20 5 16 6 1782 8 3
9 6 9 11 2308 9 2
6 19 13 7 2280 7 1
13 10 11 6 1569 3 8
19 10 6 8 2197 4 8
5 11 20 16 1860 2 1
10 7 14 20 647 4 1
15 13 9 6 1399 6 9
15 11 15 12 811 2 6
18 7 13 12 896 4 10
5 15 17 14 339 9 2
20 12 16 15 1666 1 10
6 17 6 13 1472 1 1
20 11 14 19 2601 8 8
10 9 6 8 244 3 1
19 12 7 19 1390 8 10
12 12 17 18 2068 5 4
11 5 10 12 1187 5 1
13 11 12 13 260 8 5
9 5 9 15 109 2 1
19 11 20 11 2022 2 6
5 16 5 6 1984 7 4
20 6 16 11 224 4 4
10 9 5 17 487 1 4
10 6 10 11 2579 4 9
16 17 5 8 1461 10 3
14 13 14 5 2520 7 5
12 11 9 8 1099 3 5
11 6 9 14 2338 6 9
9 17 7 9 1179 9 2
18 20 16 6 2394 9 8
10 7 14 15 1304 9 3
11 13 13 14 2227 4 10
7 12 5 5 1115 9 2
12 7 19 19 2508 1 4
18 16 15 16 1467 4 7
11 6 16 12 340 5 4
10 9 9 14 2562 6 7
9 20 7 18 2155 1 2
14 6 7 20 1667 2 8
8 7 16 7 1555 4 4
19 18 19 12 130 1 2
14 11 9 11 1539 1 6
15 9 12 10 2765 5 4
11 19 18 14 361 6 5
8 14 9 5 1105 4 2
20 5 14 13 2592 8 1
7 9 12 11 466 6 5
19 16 20 7 2209 3 6
12 14 6 19 577 7 8
18 9 9 14 1639 7 2
11 17 13 13 2137 6 10
16 8 12 15 2721 10 6
14 5 13 18 882 7 9
17 10 12 16 1570 2 1
14 11 19 6 2975 5 5
11 16 19 5 1315 9 4
19 12 11 10 2437 2 10
9 19 7 5 2459 6 8
12 6 5 17 2998 3 5
8 14 20 15 2549 6 7
13 11 12 14 53 6 6
7 8 13 19 1493 10 8
7 20 15 16 240 10 7
12 20 5 5 868 4 10
10 5 7 14 301 2 2
10 7 15 16 1323 4 8
10 11 18 12 2908 4 5
10 18 19 15 2350 10 7
8 14 13 17 1580 10 2
20 5 10 6 1250 8 8
9 10 10 10 2221 5 3
19 6 14 13 363 1 10
17 5 10 15 2517 3 1
19 15 9 8 2162 2 10
14 20 11 17 3070 8 10
19 10 11 13 2908 2 7
10 10 11 15 216 1 8
7 11 13 19 859 3 7
10 19 5 10 224 9 4
11 17 5 17 2309 5 7
8 18 10 20 1577 3 4
5 16 15 7 1028 9 4
19 9 19 20 1927 8 1
8 5 10 12 2731 5 8
9 19 8 6 2186 7 2
10 12 18 8 2528 5 10
13 9 16 18 1465 9 8
15 19 15 15 2509 4 9
8 12 11 8 1237 10 3
19 7 17 7 111 5 9
18 17 19 15 2258 10 5
18 16 15 9 399 2 7
11 13 13 6 1727 4 3
7 5 7 16 3160 7 9
7 5 5 19 1055 4 6
7 13 17 12 2837 1 8
12 7 16 7 2054 6 8
10 13 16 18 2803 9 7
5 9 15 13 985 3 2
16 10 12 18 3214 2 8
12 19 7 12 2141 6 9
18 12 17 20 2140 7 3
10 15 14 13 2117 5 1
7 16 7 19 3499 1 10
16 12 7 19 377 1 7
17 11 19 5 706 2 9
14 12 11 7 117 5 10
8 7 17 18 382 6 2
18 14 16 8 2208 5 8
12 10 17 20 2044 9 8
16 18 17 19 1323 10 7
5 11 13 12 1942 1 8
15 12 19 15 3220 8 2
17 18 10 18 3117 3 6
9 15 13 5 3276 2 2
6 10 10 7 427 8 9
15 13 20 13 117 7 4
8 18 17 17 2319 10 5
15 14 13 20 3460 6 8
12 16 10 14 2010 4 9
8 13 15 18 2573 3 4
19 14 10 13 2505 2 1
20 6 19 11 2739 8 3
15 20 20 15 3351 1 8
13 6 8 12 144 5 9
18 12 19 19 788 1 7
5 7 17 5 3506 5 5
20 15 10 5 1575 7 2
9 18 5 15 2162 8 10
5 18 18 12 1354 10 6
19 14 13 10 3120 4 10
8 6 16 5 1947 8 4
19 20 6 5 3048 7 6
6 9 15 15 2160 4 6
5 8 14 12 2721 1 6
7 7 6 5 1875 9 10
13 11 11 9 650 2 2
16 18 19 16 441 9 7
9 13 13 9 1522 10 10
20 19 8 11 1518 8 8
10 11 8 16 457 8 7
9 10 12 12 3206 3 5
20 17 12 18 612 3 7
6 17 20 5 2389 2 7
17 5 12 8 1367 1 9
14 13 17 17 2489 7 6
6 15 6 11 86 5 8
10 12 10 20 1807 3 5
9 10 19 10 1563 4 8
19 18 18 16 1729 5 8
11 18 14 12 2177 3 4
7 6 14 20 387 8 4
18 6 20 18 2798 10 6
7 10 12 12 901 1 7
17 14 18 18 1861 4 7
6 16 12 10 1255 4 3
18 13 8 6 328 5 6
6 6 8 18 2097 9 8
11 11 15 20 3906 10 7
16 8 12 12 2858 8 4
17 17 10 11 3772 5 7
16 11 20 8 2852 8 7
12 11 15 20 686 6 5
19 8 6 13 3182 6 7
13 13 7 16 2913 2 9
5 11 15 7 1280 8 3
20 19 6 18 1677 10 5
16 19 9 18 319 3 4
18 20 5 8 3863 9 9
9 7 13 13 1354 9 10
6 7 10 13 2706 8 8
17 11 9 11 801 8 10
7 6 10 11 3600 1 6
17 18 12 7 1015 4 8
13 10 9 10 467 5 4
13 14 20 11 336 2 4
16 15 13 17 1821 9 10
17 14 16 19 2364 8 9
6 5 6 15 2167 5 7
9 12 19 8 2204 6 2
5 17 7 19 2526 2 10
6 10 7 12 1392 6 10
19 19 18 10 1203 9 1
9 13 6 14 1202 1 2
15 8 14 7 4232 7 2
18 16 10 17 3377 8 6
10 20 8 19 3532 6 10
15 8 13 6 576 7 3
16 14 6 11 2812 2 6
18 12 18 5 2638 10 9
18 7 15 19 3094 7 4
8 6 12 19 3038 5 3
14 6 8 13 3296 9 10
12 20 9 6 2540 2 2
12 9 13 20 3296 5 6
18 12 17 11 910 9 6
16 5 13 18 3183 9 1
17 12 11 15 2074 9 3
16 9 9 13 1852 6 8
9 6 18 15 640 8 8
6 8 6 16 3845 1 6
20 7 9 15 3955 7 10
12 13 18 10 295 6 10
12 15 18 20 1616 9 1
7 19 12 20 4203 7 2
10 17 11 15 4110 9 4
14 14 17 6 1413 6 8
