400
78 33 33 54 232 10 7
57 48 52 36 212 10 5
61 27 19 14 140 4 5
28 44 51 18 162 10 1
78 10 46 85 247 7 1
59 11 37 61 198 7 5
46 13 17 7 95 6 8
29 42 58 49 205 7 5
93 40 43 11 219 1 9
59 94 13 94 282 1 2
13 16 69 19 126 6 6
4 70 38 42 158 10 9
69 49 24 27 195 9 3
35 4 17 1 59 2 7
82 81 39 69 300 8 5
10 61 73 57 222 8 5
55 78 68 74 311 7 8
99 49 57 91 302 9 10
24 30 14 70 158 6 7
23 82 84 100 298 8 3
78 36 1 53 176 2 4
88 66 16 62 269 6 5
36 14 26 72 154 6 10
80 83 72 75 371 9 6
86 6 36 6 140 2 5
93 3 36 52 207 10 8
99 86 4 11 224 6 10
2 32 31 28 102 2 5
83 78 69 37 299 5 4
89 40 88 83 345 3 10
48 60 47 12 187 4 9
3 50 60 58 203 5 1
16 62 63 34 196 8 3
57 60 7 7 151 1 3
41 77 36 62 237 4 9
88 62 29 54 234 9 1
31 17 8 47 112 2 9
47 14 62 3 139 6 1
22 5 65 27 126 2 10
46 85 29 2 176 9 10
58 39 26 29 162 9 8
75 5 78 33 211 8 1
90 16 88 89 303 1 3
19 85 38 42 199 2 8
32 98 82 17 249 2 1
36 64 43 36 197 1 2
2 39 55 4 116 5 10
18 100 6 45 176 5 5
85 85 36 28 252 5 7
95 9 87 88 329 3 5
19 52 53 3 141 10 6
98 58 13 43 238 6 10
51 33 18 46 165 1 6
78 13 6 23 137 1 5
52 4 42 17 119 8 10
8 96 9 13 151 7 4
73 31 57 45 230 1 7
1 22 16 20 70 9 3
62 47 3 38 160 1 1
97 93 19 26 265 9 8
82 42 7 77 221 1 5
46 27 42 3 118 8 1
44 96 34 93 295 10 6
13 31 89 66 228 7 5
68 41 20 45 190 2 2
72 22 63 96 282 1 1
42 58 86 37 267 8 1
80 81 2 40 237 1 5
84 9 30 50 201 8 9
71 33 8 99 215 8 7
93 89 44 22 255 9 5
4 45 52 85 216 5 7
84 72 66 95 340 3 10
31 51 40 57 185 2 9
46 73 59 53 270 4 5
89 2 70 57 259 7 6
33 65 5 66 188 3 10
9 55 22 13 107 2 4
52 86 87 74 320 6 9
62 38 70 67 239 1 5
42 61 73 58 247 4 5
58 26 22 99 244 3 7
82 10 51 99 256 8 5
16 9 72 59 186 8 8
91 28 29 84 243 2 8
81 47 67 83 303 10 7
1 77 38 43 177 6 9
89 38 55 86 277 1 1
88 34 30 40 194 2 4
71 43 48 48 218 8 8
53 40 60 5 160 5 6
42 51 12 1 113 9 7
10 34 14 49 118 1 3
15 2 93 1 116 7 9
44 58 79 47 264 6 3
31 29 21 78 176 10 4
24 18 69 61 197 5 6
4 57 7 33 111 1 8
92 3 43 13 152 9 4
87 64 30 39 220 10 5
22 66 90 61 254 9 4
85 44 16 88 280 7 5
81 35 62 37 234 3 8
9 49 65 78 236 1 6
95 28 60 34 247 2 2
45 34 48 17 153 2 5
6 69 35 78 211 9 3
68 41 43 28 204 5 10
45 13 53 36 148 5 10
70 19 75 51 256 4 9
84 87 46 59 308 3 3
92 93 31 70 303 4 2
72 37 45 41 206 9 10
66 74 5 14 178 1 7
93 30 27 91 284 6 9
38 6 64 47 165 8 2
46 4 44 95 198 7 7
72 81 69 90 369 6 3
51 95 39 33 246 3 2
24 38 74 59 202 5 3
3 61 20 99 203 5 9
80 18 50 63 225 4 6
63 66 52 58 256 1 9
76 40 72 13 221 3 10
44 5 67 42 181 5 7
17 28 37 81 169 5 4
71 24 6 38 153 4 1
43 69 75 12 232 3 4
10 33 16 39 104 1 6
16 4 46 49 115 5 3
79 83 67 14 280 4 5
54 16 71 82 245 10 9
25 14 30 1 77 9 6
89 76 9 28 204 8 5
60 50 71 21 214 10 5
60 65 83 66 310 6 3
63 72 86 42 302 2 3
60 40 45 29 209 8 9
71 1 19 22 126 8 4
35 99 92 84 310 4 3
31 63 3 60 166 6 9
3 85 67 43 215 4 4
84 32 34 76 245 4 8
47 83 38 47 246 1 10
44 18 49 49 172 9 4
29 56 43 61 204 10 1
91 57 70 89 364 5 6
35 12 73 16 144 5 1
98 78 33 62 320 6 10
53 16 98 78 282 10 6
50 35 34 81 201 2 8
62 79 15 28 198 8 8
83 37 55 16 225 1 9
92 47 100 99 394 7 4
58 33 38 77 223 5 10
67 19 22 19 140 2 2
42 27 74 3 173 1 9
62 47 79 87 306 2 10
80 70 86 3 267 1 6
76 36 85 24 234 5 2
24 33 25 77 170 9 3
27 42 87 4 175 6 8
26 2 93 54 185 9 5
64 91 62 12 242 10 2
84 16 78 40 235 7 5
43 90 59 35 228 1 4
80 48 54 100 329 7 9
30 43 18 14 125 1 5
100 15 25 62 204 10 4
44 49 96 96 290 4 8
36 95 80 49 263 1 3
11 66 32 90 221 5 8
72 70 52 43 262 2 6
89 91 95 60 397 1 7
85 96 41 39 296 2 1
26 99 52 64 288 10 10
70 21 64 47 208 2 1
67 32 31 95 246 10 1
90 53 66 9 242 6 8
51 42 20 17 130 6 2
46 32 50 78 243 10 2
18 84 28 96 242 2 4
44 58 58 60 238 4 4
35 30 39 29 158 7 5
2 44 48 10 107 4 1
58 5 74 71 233 1 8
26 68 12 92 227 1 4
28 94 7 47 207 4 2
59 77 30 30 229 6 1
10 30 92 45 203 6 5
33 33 62 1 136 1 7
16 2 44 70 147 1 6
34 60 21 98 236 7 5
53 89 7 99 264 2 4
83 73 52 28 255 4 5
92 12 52 9 165 8 7
23 57 35 78 207 1 2
61 2 66 78 232 4 10
50 74 38 58 222 10 10
8 8 92 20 137 7 2
90 100 21 16 270 4 7
30 54 84 28 211 3 5
76 75 26 79 291 3 4
82 16 17 65 192 9 7
60 19 40 59 202 10 3
60 53 84 81 296 2 1
47 10 94 58 226 2 9
46 71 4 8 131 5 9
86 82 32 32 249 1 5
20 27 82 21 177 5 8
31 9 80 45 177 5 7
38 59 82 88 286 2 3
98 63 28 16 246 7 3
77 50 12 9 170 6 2
42 7 76 19 164 4 5
11 56 81 91 249 6 10
29 13 73 13 141 6 2
48 25 13 38 130 5 8
20 5 58 77 171 3 5
96 4 63 78 255 3 10
74 7 27 27 142 7 5
27 24 16 62 150 9 3
53 87 70 21 243 3 4
76 23 55 73 233 10 5
33 33 56 2 143 2 2
92 7 53 53 228 6 6
76 64 56 83 304 2 3
54 79 33 27 201 2 5
97 44 34 94 300 6 2
95 25 35 41 212 6 10
82 36 11 54 191 3 8
57 20 12 58 150 8 7
14 14 78 70 186 5 5
47 97 43 98 327 8 9
58 97 9 11 204 3 7
32 93 84 7 222 5 8
34 30 9 14 89 3 5
36 14 84 29 168 4 1
87 95 10 94 296 8 2
2 13 55 21 108 3 2
78 53 53 26 248 6 8
49 48 94 89 291 3 1
74 56 5 83 237 3 3
37 79 27 3 158 6 2
1 40 95 49 203 7 5
25 80 43 8 168 7 2
16 2 36 11 68 6 2
34 75 12 55 203 7 1
70 53 69 30 224 4 1
85 13 37 23 177 10 7
73 54 78 88 307 9 4
51 54 73 65 272 9 5
36 3 51 71 179 4 8
34 15 43 80 174 8 6
83 91 41 75 333 6 4
79 37 100 24 254 5 10
21 71 23 57 189 10 9
80 16 24 44 192 1 3
9 33 93 91 267 2 6
31 18 77 14 143 5 8
74 43 91 72 307 1 5
52 89 51 85 319 9 5
71 87 46 97 341 4 10
89 99 63 38 311 10 7
55 94 82 55 292 10 9
20 37 27 6 91 2 5
43 23 63 39 179 4 2
3 75 86 76 246 5 6
23 36 90 39 200 3 3
16 77 74 36 218 10 7
1 44 39 80 196 1 2
23 28 79 29 160 6 7
99 65 35 82 298 5 7
78 86 26 93 294 3 3
3 6 17 55 87 5 10
9 55 9 26 110 5 8
4 93 96 45 275 7 10
49 96 26 41 237 5 4
19 65 39 2 127 3 5
67 89 73 56 332 7 9
95 8 53 44 205 10 4
61 37 95 71 315 5 7
71 28 100 85 294 4 5
57 97 44 44 265 9 3
29 15 28 65 155 5 8
90 94 52 39 310 6 6
70 40 69 24 219 1 10
13 32 1 67 120 1 7
38 88 80 4 246 3 7
7 35 88 88 226 4 3
47 42 100 88 305 6 2
44 15 72 46 201 8 2
25 50 19 73 195 1 10
72 1 71 3 176 8 9
1 70 12 37 122 3 6
93 8 16 74 209 6 2
18 41 63 50 173 4 8
67 82 67 89 314 4 3
72 37 74 41 232 7 7
43 71 32 3 155 2 10
92 68 64 87 350 1 1
16 52 33 30 155 6 4
48 28 91 30 205 3 7
28 42 63 14 165 7 3
50 11 40 95 220 2 3
79 30 68 80 285 8 9
3 6 93 27 137 2 1
93 25 51 16 201 5 4
25 28 41 34 137 5 7
63 58 65 6 218 9 10
74 83 74 32 271 10 7
72 71 74 12 247 6 7
56 30 85 78 264 8 6
5 12 81 89 197 6 6
62 33 53 13 175 10 5
77 63 11 3 171 3 2
100 64 90 52 363 10 9
39 18 78 99 241 10 1
50 1 36 43 139 4 5
24 100 8 15 153 4 8
96 21 32 9 163 10 5
74 17 27 9 132 3 7
3 57 34 3 101 2 7
25 4 52 70 153 9 7
69 75 91 18 298 7 8
95 39 40 56 268 2 4
64 9 27 40 151 5 4
60 37 45 2 155 10 3
42 26 24 77 186 10 5
15 10 40 65 156 6 1
18 59 89 50 255 4 7
75 73 13 49 247 7 8
10 98 2 97 228 10 1
18 57 98 52 266 8 8
38 94 6 46 199 7 5
54 14 68 94 257 4 1
85 21 54 89 249 9 6
68 92 34 96 312 10 9
22 2 94 38 173 7 6
61 37 48 94 246 9 2
7 43 86 36 193 1 2
37 41 71 78 266 2 9
16 79 33 40 191 8 10
64 24 92 46 243 8 3
65 91 54 52 263 5 4
28 31 34 43 139 6 10
18 70 65 72 267 1 5
41 18 56 100 255 9 4
72 9 6 21 128 8 4
37 16 21 56 140 10 8
79 8 40 31 163 1 9
60 99 12 2 194 1 2
53 9 7 3 75 5 4
21 50 12 28 114 6 2
47 16 72 100 261 5 9
27 56 80 21 204 4 10
84 41 80 97 317 8 9
29 1 30 8 70 7 10
89 50 6 80 247 7 3
40 64 17 8 148 9 10
29 82 73 43 254 8 7
3 1 10 39 53 8 7
99 67 99 99 375 5 1
82 49 19 54 215 4 5
8 91 72 34 235 1 9
84 38 41 89 297 3 8
35 7 58 53 174 10 9
32 48 44 20 162 2 10
11 20 42 30 121 10 3
37 81 26 17 176 8 2
5 48 37 52 163 9 3
47 34 56 9 161 3 8
88 59 31 48 236 1 2
35 90 46 100 274 7 8
28 60 54 63 216 6 3
92 18 39 67 247 6 7
67 88 84 12 259 3 4
89 84 26 42 241 4 1
50 29 31 3 119 3 6
91 93 60 78 322 7 5
21 52 84 44 225 2 2
32 81 44 37 217 5 8
99 93 38 25 279 4 10
13 63 34 56 169 6 8
76 77 30 40 254 2 8
16 66 83 31 205 6 1
10 14 58 20 118 1 10
71 55 26 25 184 4 7
20 92 54 94 278 3 6
24 86 42 27 180 1 4
87 46 18 4 170 1 9
38 27 11 3 81 8 8
9 67 13 5 108 2 3
46 14 80 55 223 8 2
20 53 30 25 129 5 6
55 33 48 55 221 5 9
78 98 49 60 312 2 4
46 74 30 75 242 7 7
15 74 22 18 141 8 5
81 51 8 29 175 8 2
