50
88 99 86 44 354 9 9
33 100 64 22 237 9 4
27 53 51 54 191 9 8
52 29 57 69 230 7 5
23 98 77 89 293 9 8
41 11 2 66 127 4 1
65 93 45 67 297 3 4
10 19 72 21 133 3 1
97 17 6 65 189 10 7
47 2 54 11 114 9 3
9 11 52 89 183 5 5
32 21 48 39 152 10 8
99 32 87 75 346 9 2
47 11 62 46 169 1 5
74 58 54 38 234 5 6
20 2 63 33 133 9 9
3 6 2 50 73 6 9
25 97 3 57 199 6 7
43 41 25 86 199 4 6
37 10 14 1 68 2 8
2 93 71 39 218 10 10
66 16 96 55 273 7 9
40 58 56 96 267 5 7
70 1 60 96 250 2 1
50 48 26 36 175 3 3
43 98 99 64 365 4 6
1 87 4 53 159 1 5
5 21 80 25 144 8 3
43 56 30 25 172 1 7
62 75 78 7 233 10 9
44 54 31 48 196 9 9
58 27 87 49 241 3 5
73 3 28 87 214 9 10
63 28 46 76 248 1 7
13 11 69 39 148 4 2
73 77 93 51 322 3 5
42 3 95 84 239 1 10
28 29 97 10 185 4 2
65 53 18 80 250 7 6
70 93 58 7 251 6 5
20 40 81 95 268 1 10
90 6 8 8 134 3 1
25 45 69 90 271 8 1
2 76 83 18 189 9 1
7 21 42 23 106 8 7
79 49 60 82 297 9 6
72 26 7 74 189 7 2
66 73 12 22 195 2 9
64 37 12 87 219 9 9
35 14 84 75 214 4 7
