200
24 68 9 16 129 2 10
68 80 24 96 320 7 8
24 79 15 3 135 9 6
81 54 23 75 274 7 2
50 81 72 36 247 2 5
70 3 1 45 140 6 4
20 80 94 88 338 8 9
36 70 57 84 252 1 4
90 77 88 70 369 6 4
66 74 27 79 294 8 2
11 94 68 60 260 7 10
75 54 68 68 314 7 9
77 40 51 80 274 7 5
97 97 8 17 224 10 3
71 47 72 47 260 8 5
67 36 88 47 260 6 9
85 57 38 16 203 6 1
53 45 79 75 266 8 10
89 22 8 28 155 7 10
6 14 72 54 161 2 8
1 1 9 37 55 1 2
90 67 80 38 318 5 2
61 44 83 51 283 4 4
67 33 100 61 294 1 9
1 30 95 74 235 9 8
4 65 79 1 167 8 4
53 10 98 36 211 7 4
16 75 88 51 246 6 4
43 17 46 20 151 3 4
48 63 28 2 162 9 4
58 99 16 50 263 3 6
69 31 50 77 231 10 3
74 60 99 55 331 6 1
82 95 86 90 422 6 6
91 75 2 1 174 4 5
37 22 59 26 153 6 1
16 62 90 86 262 10 1
27 45 100 1 206 8 6
74 98 93 78 361 10 6
8 11 26 42 94 1 10
47 75 1 99 239 8 6
99 44 42 7 222 2 8
41 71 68 32 234 1 2
32 27 93 62 246 5 1
38 7 49 100 198 3 9
64 84 87 83 371 8 5
26 4 56 72 159 7 3
51 37 2 80 181 5 10
93 24 34 72 233 7 6
59 55 38 63 241 8 9
7 32 58 98 220 9 5
60 43 3 6 114 2 3
28 24 19 56 132 7 9
32 89 91 31 273 1 8
66 91 40 67 271 4 5
90 95 72 3 275 6 4
71 64 57 54 267 3 7
100 90 91 37 326 8 4
77 17 99 31 248 2 9
3 34 32 46 117 3 3
37 19 89 28 194 10 6
67 73 34 2 179 1 1
47 24 93 56 242 8 10
91 23 73 41 233 10 10
7 63 59 42 184 3 3
28 94 41 3 186 9 9
9 5 96 24 159 1 7
37 35 85 46 209 6 2
76 61 4 37 185 5 5
23 32 95 35 216 10 2
88 75 72 26 272 4 7
83 28 75 12 213 3 5
15 53 14 17 117 2 8
65 82 43 62 260 9 7
16 98 100 51 313 8 8
51 20 99 8 203 5 6
62 24 23 14 148 8 8
90 95 90 74 393 9 10
16 23 73 56 177 7 7
20 66 29 21 146 6 2
15 64 28 5 115 2 5
4 89 17 48 176 8 5
83 70 86 4 249 3 5
66 56 87 43 278 3 1
72 53 82 5 220 3 2
45 4 87 26 190 9 7
18 7 11 54 106 7 10
18 100 63 37 250 3 2
58 91 66 98 364 3 7
19 78 88 54 260 5 2
72 78 75 39 305 3 3
26 18 69 74 187 7 10
80 50 19 51 240 8 5
90 55 87 6 269 5 1
91 47 64 87 298 1 6
86 42 75 8 234 5 7
80 97 44 23 279 4 2
33 23 21 63 146 10 8
51 2 58 50 162 8 10
55 56 90 53 257 4 10
1 23 1 94 131 4 2
80 84 74 39 311 9 9
68 79 98 4 299 7 4
87 71 8 95 281 10 7
34 100 73 1 210 1 10
35 88 11 92 261 6 5
6 48 91 71 241 10 7
65 81 33 6 217 5 7
87 91 41 64 326 7 1
15 70 49 37 186 3 3
99 99 58 12 310 7 9
43 50 68 60 242 4 7
11 61 94 40 224 7 2
100 4 32 52 197 7 9
27 63 32 60 214 3 10
16 70 93 98 295 1 5
4 66 68 82 239 9 10
61 43 73 39 242 10 7
73 13 43 26 175 3 7
71 36 11 86 212 5 3
3 44 99 56 217 7 9
45 91 23 59 227 1 1
100 28 68 82 300 2 7
34 54 19 87 231 2 8
8 32 54 60 179 6 2
100 48 5 69 241 9 4
86 27 80 9 203 2 4
70 41 77 19 232 7 5
30 66 71 78 252 10 5
54 94 72 9 241 6 7
100 13 83 22 222 6 3
66 9 32 78 221 6 6
71 32 8 24 137 7 5
16 29 1 3 50 7 2
13 57 67 22 185 1 2
67 67 2 27 183 8 9
98 57 37 16 226 4 9
91 23 4 96 228 6 3
32 53 45 42 172 4 1
46 40 74 42 222 1 7
99 96 99 45 345 5 3
54 63 64 49 238 9 8
54 73 5 90 233 2 8
30 2 32 81 146 3 5
29 45 86 14 189 9 8
91 41 43 4 213 7 6
49 12 33 5 105 3 9
68 17 68 87 248 1 3
78 85 60 29 290 4 6
97 78 70 74 325 1 9
25 52 42 10 146 8 1
24 55 40 77 221 6 7
80 70 71 74 352 4 5
59 2 5 22 99 9 7
26 14 56 48 172 6 1
94 13 6 62 205 1 10
40 59 44 43 193 3 2
46 69 55 46 244 7 6
97 14 7 84 209 7 7
19 85 79 8 213 2 10
96 85 84 88 374 4 8
8 8 84 68 184 8 4
32 63 49 47 220 10 7
25 24 52 80 181 10 10
86 80 10 91 298 5 7
52 34 57 14 180 3 4
55 91 6 55 217 2 3
75 61 37 89 275 6 5
27 23 78 30 159 4 7
85 41 74 94 329 6 2
25 6 54 44 138 7 6
76 72 74 8 240 9 1
94 37 25 86 267 8 8
88 41 33 89 259 10 2
8 74 2 17 117 7 1
82 29 21 21 157 10 1
37 75 58 94 311 3 10
10 34 76 60 202 4 4
86 51 12 17 174 9 2
61 40 83 75 297 7 5
1 38 60 1 119 5 1
90 30 96 44 282 1 8
89 74 3 10 211 8 10
90 96 16 82 324 7 10
6 4 27 33 71 2 4
81 26 12 67 191 5 4
64 81 90 77 342 8 5
12 3 75 77 195 6 7
36 38 54 34 175 5 8
56 29 38 48 197 4 7
15 27 4 69 129 3 4
47 47 30 67 208 7 6
79 32 11 83 246 6 9
6 75 24 27 141 3 6
94 54 80 41 307 7 10
66 15 46 49 185 8 7
7 41 98 33 187 6 9
69 43 59 60 236 4 9
87 43 30 97 283 7 8
19 8 53 38 123 2 7
