100
9 16 18 16 59 1 1
18 5 6 18 51 2 6
18 14 6 15 54 7 2
6 18 11 14 53 7 7
12 16 12 12 72 3 2
20 14 13 11 97 2 2
10 16 9 17 101 10 1
14 16 18 19 134 7 3
7 6 16 12 131 3 6
9 20 8 13 86 9 8
18 8 12 13 53 4 5
9 19 10 9 78 7 2
11 14 20 11 179 2 8
20 18 9 10 143 8 1
12 18 9 5 116 1 1
13 16 9 14 209 3 6
18 5 15 11 86 3 7
9 15 8 11 84 6 4
16 7 19 16 75 4 5
17 6 12 14 139 9 1
11 5 11 18 182 10 5
8 10 17 7 187 7 7
20 12 20 12 204 9 10
8 16 12 8 254 9 10
19 14 16 20 187 6 5
5 5 16 12 181 10 8
15 18 15 10 183 4 10
10 16 17 15 196 1 7
19 15 17 12 336 8 7
19 10 11 6 216 9 10
5 13 16 15 86 2 9
5 20 16 11 365 9 7
8 9 20 19 326 2 3
11 5 13 7 288 7 10
7 15 5 5 83 8 4
20 5 8 20 314 3 6
11 19 9 11 300 5 1
12 14 13 9 284 8 8
6 17 11 13 180 4 10
19 14 13 12 120 4 2
13 18 11 9 299 1 5
8 16 19 9 339 3 10
8 19 11 14 383 9 10
8 9 16 16 75 4 2
10 7 13 18 63 6 8
10 17 7 9 340 2 3
11 19 10 11 373 6 10
14 12 6 16 508 9 9
7 15 14 18 420 6 2
17 8 19 11 123 1 7
20 17 7 17 267 5 10
9 6 11 13 370 2 3
6 16 11 19 174 6 4
19 7 15 12 471 7 8
7 12 10 13 454 8 6
15 8 16 18 481 4 2
17 17 20 13 229 1 8
14 11 13 16 476 2 6
14 19 10 10 168 8 8
10 17 19 5 88 1 3
6 10 14 8 362 7 10
14 8 20 13 215 10 3
11 11 7 5 150 7 8
9 10 18 14 301 6 6
18 13 12 6 393 5 10
18 20 14 13 480 1 10
9 11 11 5 318 6 10
17 12 18 15 78 4 7
18 5 10 16 542 2 7
6 16 12 7 159 10 10
12 5 14 13 222 3 3
12 6 13 13 451 8 4
8 6 5 16 50 5 4
16 13 8 18 701 3 2
6 18 18 11 572 6 10
16 14 17 16 204 9 7
9 10 17 8 143 10 2
16 5 13 17 641 9 6
20 8 20 9 732 7 4
12 17 19 17 740 9 8
6 11 20 6 487 8 6
9 15 5 11 829 1 5
13 8 7 10 112 5 5
6 16 14 10 632 5 5
16 11 14 7 232 6 9
12 12 14 12 441 6 1
16 7 18 6 173 6 5
13 17 16 9 112 6 2
13 5 7 12 271 8 8
7 6 9 15 533 8 4
20 6 12 16 953 10 8
18 12 9 19 365 9 6
16 12 14 11 489 2 8
16 17 20 20 739 7 9
5 11 9 13 936 7 10
14 12 5 8 548 7 3
20 20 5 13 428 8 7
12 9 13 10 845 9 5
6 15 5 8 326 1 7
18 12 7 11 49 2 7
