250
89 79 57 4 274 2 3
90 56 36 54 242 5 7
29 85 80 59 253 8 8
34 61 73 82 300 1 8
17 92 99 1 216 6 7
72 12 42 62 223 7 2
80 69 97 34 318 7 9
5 26 14 41 89 3 10
51 55 26 92 267 2 5
36 81 48 11 190 2 2
56 66 32 2 158 10 8
3 85 69 70 230 3 8
88 65 85 46 308 3 10
74 52 72 4 240 9 6
26 25 36 39 134 10 1
58 23 23 16 137 4 9
71 46 91 3 249 8 7
17 69 97 18 203 4 2
63 54 98 72 299 6 9
71 31 74 57 278 9 4
93 60 8 99 275 5 1
82 28 86 60 292 6 6
6 49 11 9 87 5 7
99 6 67 79 273 4 4
65 3 59 18 166 10 2
20 44 35 9 114 2 10
69 75 14 84 279 4 5
37 46 33 38 173 8 8
18 24 47 67 187 2 10
60 49 71 75 265 1 3
20 84 78 89 319 1 1
57 30 16 94 215 2 1
92 19 10 48 198 9 2
87 31 67 58 289 7 4
84 92 96 72 407 10 7
46 87 19 92 265 8 10
7 32 29 26 103 1 7
66 91 23 88 291 6 10
27 59 13 42 154 2 2
67 35 69 10 190 6 8
84 4 24 20 158 9 8
40 32 49 2 141 5 1
36 80 31 50 229 5 4
13 72 97 19 208 4 2
37 78 81 40 269 2 3
3 37 95 23 165 7 7
60 61 27 31 188 7 9
95 65 93 8 296 8 5
69 23 19 11 135 6 9
44 63 19 46 186 10 5
83 64 81 18 285 9 2
51 27 72 61 211 4 3
74 65 94 46 326 1 5
44 83 28 77 249 3 10
31 62 97 14 233 10 1
86 96 68 19 294 6 3
30 29 52 38 161 10 1
88 20 2 43 166 5 5
74 94 94 100 416 8 3
66 4 93 70 243 6 6
100 96 11 51 278 6 5
65 38 64 11 180 5 2
40 50 25 92 211 6 2
19 65 90 20 206 1 1
73 82 35 6 198 10 7
70 90 76 80 375 9 5
29 63 25 17 140 6 6
92 31 69 80 289 10 7
52 93 51 66 263 10 10
51 68 50 26 200 4 10
93 27 39 96 291 3 9
52 89 14 57 225 1 6
72 93 84 10 307 10 1
4 33 75 7 135 9 10
22 42 11 23 111 3 4
87 54 49 100 338 9 3
6 80 28 5 131 9 10
52 69 4 74 218 4 9
87 56 50 35 267 7 1
82 44 66 76 269 8 6
75 85 81 88 393 9 3
89 7 83 20 236 5 1
57 58 79 97 297 8 3
16 60 84 89 251 8 1
90 49 8 80 272 6 3
70 90 84 41 290 6 4
85 86 91 66 376 1 1
53 63 10 3 154 9 4
75 72 39 28 216 2 7
57 11 9 43 138 9 8
43 19 77 7 170 3 10
96 4 95 80 321 8 8
1 70 38 86 218 7 8
89 15 18 6 144 5 6
91 21 16 15 145 1 3
50 53 70 27 239 2 10
67 40 80 68 283 9 7
86 48 61 45 261 3 6
70 82 28 27 240 7 6
55 64 49 87 304 1 4
95 90 82 88 371 3 9
37 83 30 27 183 10 4
95 60 86 57 348 5 3
95 99 12 72 303 9 3
10 92 59 27 199 10 10
52 50 92 26 242 5 6
18 19 72 63 177 4 7
13 13 64 36 130 2 1
85 68 8 31 225 7 8
71 33 54 67 270 8 5
34 36 30 85 186 4 3
10 32 94 19 165 2 9
34 88 52 35 214 9 10
24 83 67 85 306 10 1
33 55 15 22 150 8 1
79 9 91 52 231 5 7
30 97 43 14 216 4 7
16 19 100 14 175 6 4
9 8 35 36 93 4 7
83 89 24 96 326 10 9
16 60 96 76 285 2 1
32 24 55 55 197 4 3
84 51 23 4 179 1 2
56 78 39 16 207 2 8
58 57 48 27 227 9 10
1 93 59 78 267 4 5
96 89 94 50 395 3 10
7 75 98 75 305 1 5
87 16 36 42 201 4 2
51 76 77 16 225 10 1
60 84 78 58 287 4 7
76 98 22 35 267 3 6
12 21 78 7 130 1 4
65 79 19 56 237 7 6
56 31 86 36 227 1 4
26 45 96 63 269 5 9
64 35 41 36 198 5 3
35 100 68 94 300 7 2
6 53 71 34 196 5 8
19 26 13 48 114 8 6
43 92 7 17 179 6 3
59 85 92 4 263 3 6
97 46 36 54 260 6 8
27 23 31 42 126 10 6
100 71 62 34 290 5 1
60 62 83 12 245 10 3
18 10 11 4 51 3 8
52 21 39 68 201 2 3
2 58 65 80 226 8 4
25 89 96 65 292 5 4
30 97 87 10 241 1 5
32 10 29 25 108 1 4
97 95 8 32 246 5 5
88 45 67 55 276 5 10
81 3 59 84 253 4 4
55 48 68 1 177 9 8
85 48 28 2 173 7 4
5 94 9 11 127 8 1
52 41 41 57 226 7 5
9 46 45 36 147 2 2
77 36 61 100 296 4 1
36 35 20 65 161 4 5
92 23 6 26 155 5 3
43 7 20 17 98 8 9
10 67 15 62 170 7 8
41 90 7 36 188 2 1
11 63 34 71 197 4 4
60 36 49 68 243 3 2
50 47 42 33 183 2 3
26 67 68 51 235 2 1
48 73 33 90 286 10 8
94 79 95 54 350 4 5
8 55 62 62 224 7 3
44 40 82 57 227 2 6
31 55 53 23 180 8 8
10 24 9 16 60 2 5
47 3 91 78 261 7 1
78 13 30 34 158 6 5
95 94 91 52 333 3 10
97 5 10 7 120 1 7
33 11 46 9 100 8 6
17 35 86 39 181 8 9
85 89 9 88 288 4 3
19 86 36 8 154 5 8
75 38 38 11 171 5 10
91 66 66 33 279 2 4
65 78 24 69 251 9 7
98 85 29 90 332 5 2
61 97 1 40 211 3 3
63 79 42 60 292 5 1
85 79 19 81 267 5 9
98 28 28 71 252 6 9
44 97 72 60 301 8 7
27 38 52 19 138 3 10
66 98 89 94 387 2 8
5 95 38 58 215 6 6
13 75 49 52 208 6 10
66 26 39 59 202 9 9
65 25 62 6 183 10 9
23 37 79 91 254 9 2
68 68 93 79 309 5 9
1 69 67 27 169 4 3
64 97 95 55 352 5 2
29 94 22 6 156 9 3
25 43 42 9 139 7 1
30 87 13 98 264 6 7
46 67 95 55 264 2 10
27 96 49 2 186 6 1
61 56 9 55 216 5 1
28 79 56 99 287 8 2
57 85 94 53 342 10 8
54 83 64 91 342 10 3
85 44 78 59 273 4 7
83 7 44 25 183 10 10
49 85 82 75 325 2 10
79 84 36 22 262 1 1
50 17 80 91 253 4 6
56 46 92 18 216 9 5
100 67 47 85 307 1 3
15 34 81 15 156 1 1
46 89 75 2 248 1 6
41 25 81 50 217 2 4
54 57 69 79 290 1 7
66 26 39 96 263 3 2
6 78 45 56 189 1 10
98 6 60 18 190 8 2
74 23 35 67 239 8 1
84 72 47 85 329 10 9
79 31 66 52 240 8 3
1 93 9 87 198 4 3
43 48 73 97 274 5 9
75 43 79 63 277 8 9
83 39 56 92 291 9 1
36 92 44 32 228 3 4
27 45 44 90 211 4 8
12 28 9 18 67 7 7
70 100 99 58 355 1 8
6 86 39 76 231 6 1
18 6 44 51 135 4 10
53 58 64 13 207 9 3
8 87 77 41 234 6 9
17 80 59 44 214 5 10
95 17 74 13 213 6 7
72 39 46 8 189 3 1
66 65 57 51 258 6 10
27 63 22 78 227 1 4
12 59 89 49 215 8 8
54 4 12 66 136 4 8
25 8 67 33 141 1 4
60 23 47 65 211 2 10
