400
19 18 6 13 57 4 5
12 14 16 11 63 4 3
19 16 19 20 98 3 4
15 9 7 8 51 3 2
9 6 7 12 38 9 9
6 7 19 19 80 1 2
8 19 8 6 108 6 3
20 10 19 19 107 7 9
6 9 15 15 102 7 5
11 19 17 10 102 5 3
6 9 19 13 134 10 5
10 13 16 20 95 1 8
10 17 19 20 164 3 7
10 15 9 8 97 4 1
6 17 13 12 178 5 10
6 11 16 6 134 2 7
6 11 12 15 108 9 9
13 6 7 15 103 6 3
10 7 20 6 184 9 4
19 9 5 8 58 10 8
19 5 13 18 214 4 2
9 12 15 14 92 6 9
11 5 8 16 233 4 7
12 20 12 5 207 1 4
13 18 15 16 289 6 8
5 11 6 15 162 3 9
20 12 13 8 234 3 1
12 15 17 10 322 2 8
18 12 17 5 53 8 3
8 14 8 15 151 5 10
18 20 8 10 244 4 1
19 5 8 6 183 9 8
6 10 5 13 150 9 8
5 12 13 12 102 5 5
7 16 8 6 44 6 8
10 11 10 18 124 9 9
12 12 8 8 274 7 6
12 7 14 10 406 6 1
6 9 13 10 294 8 6
19 8 17 18 275 4 2
19 16 8 10 60 5 9
19 13 10 18 255 1 9
10 17 7 18 251 1 8
16 13 20 9 236 7 4
7 17 6 6 123 5 8
17 15 10 11 107 2 6
10 19 12 9 118 10 9
17 10 14 9 162 8 8
18 14 19 8 397 8 6
20 10 11 15 189 10 4
10 13 8 13 171 6 7
16 8 6 14 403 9 1
18 7 18 10 572 8 2
8 11 20 16 503 5 5
10 18 5 7 324 7 2
13 14 12 18 265 3 3
16 10 15 15 85 10 10
6 14 5 5 47 6 7
10 14 7 17 462 6 8
14 5 20 14 344 7 6
10 15 11 15 117 3 10
16 16 13 13 106 8 2
16 13 17 16 364 6 1
5 7 8 20 72 4 6
19 11 6 11 232 1 3
13 10 12 5 285 4 7
14 11 20 7 72 5 3
7 14 10 5 637 2 9
16 5 20 15 357 9 5
17 16 17 14 504 1 6
11 10 14 12 326 8 8
15 9 16 20 214 1 10
5 6 17 18 261 3 9
8 17 7 17 521 8 4
8 10 19 14 576 4 6
15 19 17 17 636 5 6
8 10 10 5 379 8 2
5 19 20 8 560 3 8
6 9 16 17 391 3 1
10 11 17 11 276 8 8
16 19 9 7 625 5 1
18 18 10 9 391 5 4
15 19 10 20 430 1 9
16 15 6 17 296 7 6
6 7 18 8 46 7 10
13 20 9 17 91 7 10
11 5 14 8 440 6 1
18 7 15 5 667 10 1
11 10 7 7 274 4 8
20 10 8 20 810 9 9
14 15 8 8 94 7 7
12 13 11 16 120 6 5
7 11 13 10 209 7 6
13 17 10 6 471 9 4
10 12 20 10 557 10 2
16 9 12 13 567 6 7
15 8 19 10 315 8 1
10 18 10 13 199 2 5
8 10 19 14 862 6 3
15 7 15 13 166 5 5
10 18 12 15 372 5 1
19 6 12 19 321 10 4
12 15 11 7 626 6 8
11 20 11 17 435 8 4
8 9 15 8 768 2 7
6 8 19 8 649 8 6
19 12 10 5 220 9 2
15 6 5 20 362 1 6
20 5 10 5 948 9 3
13 12 12 18 635 9 2
6 10 18 10 711 5 5
14 9 7 16 189 3 10
19 8 8 6 810 8 7
13 13 11 11 361 6 10
5 12 6 7 1088 2 8
5 5 20 11 1054 1 9
6 17 11 11 238 7 10
13 19 20 11 1187 3 5
10 16 10 16 1022 10 6
6 13 20 17 1197 1 2
7 7 14 20 302 2 6
15 6 11 17 924 2 5
5 9 8 5 553 3 10
20 10 17 20 620 6 2
12 18 11 18 139 2 7
19 18 10 15 143 7 6
16 11 7 9 193 3 2
8 12 9 7 285 5 9
18 17 14 6 339 10 4
11 11 18 8 965 6 7
19 15 18 17 941 3 8
18 18 17 15 717 10 8
14 17 14 12 644 10 4
13 9 6 19 563 9 7
13 8 8 8 329 5 5
11 10 17 10 842 10 10
15 18 5 19 820 4 4
5 20 10 15 86 5 7
19 19 11 20 1020 5 5
14 13 15 15 328 9 1
11 14 16 12 901 2 3
20 8 20 15 778 10 7
8 19 13 8 116 7 10
15 17 20 8 1173 7 10
19 8 12 17 1214 2 10
5 9 20 15 975 6 8
16 15 14 7 812 8 1
7 6 8 10 1402 9 2
12 10 9 9 453 9 2
13 16 7 11 104 6 10
9 19 8 6 1378 9 8
8 13 16 6 776 2 6
10 8 20 16 109 1 4
16 15 19 13 1542 3 4
20 14 14 10 223 1 1
9 17 15 19 1204 4 3
19 15 7 6 333 5 5
8 9 8 13 1060 1 8
20 18 8 20 232 6 1
12 7 6 18 1411 3 7
6 6 14 19 672 2 2
10 16 15 19 558 10 6
17 16 10 19 1463 7 10
8 9 11 12 744 1 4
12 13 14 9 814 9 1
13 8 13 19 769 9 9
14 20 19 18 1152 5 4
7 18 12 15 744 7 4
7 14 7 9 528 8 1
7 19 11 18 1249 10 2
12 7 19 7 702 3 3
18 19 20 10 865 4 6
7 19 17 15 140 10 7
15 14 7 14 1490 5 5
16 16 5 13 377 9 5
18 10 7 20 1647 9 5
16 14 12 10 98 10 1
14 18 19 7 589 4 5
10 19 8 5 608 2 7
19 16 5 5 994 5 3
20 5 5 10 1000 7 3
9 5 19 14 522 7 6
11 16 9 17 950 10 4
9 11 13 16 1101 9 4
20 16 13 14 331 1 1
6 13 13 14 784 1 3
15 15 18 12 270 1 1
14 12 8 11 688 4 4
12 9 15 17 912 1 4
12 11 16 13 1759 8 7
20 16 18 5 1330 8 1
11 9 13 17 846 3 9
7 7 11 17 987 8 1
8 8 20 19 1348 9 2
5 11 15 12 477 1 7
19 14 12 9 226 9 9
19 17 18 15 1141 1 6
13 8 13 10 850 9 5
8 11 20 9 1180 6 6
10 19 14 20 891 4 7
19 20 13 19 778 8 7
8 12 6 18 622 9 1
20 6 7 6 795 4 4
13 5 16 13 1036 4 6
8 9 15 6 1035 4 9
5 7 11 6 1406 3 7
10 20 13 13 2052 2 5
6 8 6 17 874 8 8
14 15 10 15 874 5 9
14 11 9 15 1014 10 10
6 19 11 8 1498 9 2
15 15 16 10 1268 10 10
19 18 15 19 2200 8 7
7 14 19 14 2130 4 9
12 7 10 15 1323 9 1
7 20 17 9 500 2 4
12 7 19 15 1366 8 6
8 11 12 19 431 10 7
17 13 11 11 2207 3 3
20 8 11 19 2216 10 6
15 18 8 16 2162 5 4
17 16 15 15 1814 1 5
16 20 6 9 2267 5 4
16 13 15 11 1620 8 9
11 5 15 5 1676 2 2
12 14 14 13 180 4 8
10 12 10 16 897 1 7
6 13 7 18 1078 2 8
19 15 5 9 1189 1 2
20 12 19 18 1756 8 9
6 9 6 18 1670 10 7
14 19 17 17 2207 2 9
9 7 17 20 1022 10 5
11 19 8 11 229 5 8
16 16 6 8 1044 9 1
13 5 15 9 1831 1 1
12 8 18 17 1217 10 4
5 15 15 9 2074 7 3
15 18 16 6 2010 4 3
8 7 10 15 695 10 5
15 18 16 10 231 10 10
7 11 11 8 609 4 9
20 19 13 14 547 4 4
12 10 16 9 1241 6 5
10 15 18 18 1496 5 10
12 8 13 7 1775 8 4
11 14 20 17 1581 3 10
8 18 16 7 2119 9 7
11 19 20 13 91 7 9
12 7 19 17 1968 6 4
5 16 18 8 1436 10 9
17 12 12 10 1856 5 3
15 6 16 20 1642 4 1
20 20 7 10 1914 6 7
14 9 9 8 2343 5 2
16 10 20 9 1971 1 8
9 18 8 14 2529 2 1
12 6 6 10 1325 6 4
5 13 6 20 2216 2 10
19 16 15 10 167 10 2
11 17 11 5 2615 10 1
16 8 19 9 312 7 6
11 11 7 14 1069 8 2
7 18 13 16 810 3 3
18 18 10 17 103 1 5
14 11 15 19 1975 8 1
15 5 9 12 138 3 9
12 8 14 19 148 9 7
5 15 8 17 1897 10 1
10 15 11 15 2006 4 3
20 11 5 9 197 8 3
8 17 11 8 53 10 5
7 18 18 7 2026 3 2
14 7 7 15 51 7 7
14 15 10 15 799 9 4
20 8 11 17 2090 8 3
7 17 10 16 2038 6 9
14 20 9 14 231 5 3
6 6 19 10 1602 9 8
10 18 6 15 1344 8 4
11 9 12 14 893 6 6
18 15 8 13 2126 4 3
13 19 6 13 1157 6 8
20 11 10 19 1850 10 7
6 16 14 6 2276 4 10
14 20 18 10 112 1 5
12 8 19 17 1805 6 2
6 6 15 10 1440 4 3
9 11 17 7 1198 1 2
17 12 17 10 1668 10 8
7 6 14 6 634 5 10
15 13 16 20 2157 1 5
12 7 11 16 668 5 3
7 11 6 13 2062 9 8
20 19 18 13 1761 2 4
10 13 10 12 2455 7 8
18 18 10 20 1291 8 3
9 12 10 18 2226 1 5
17 12 5 8 821 10 3
20 7 9 17 733 5 8
17 6 9 15 1657 10 4
14 16 13 10 2358 3 3
12 20 7 9 1351 3 9
5 17 10 11 668 2 7
15 7 20 15 2366 9 3
18 5 5 13 1172 7 6
6 19 19 17 654 6 7
11 13 6 7 740 6 4
12 20 7 17 3100 10 7
20 7 9 19 844 5 8
7 5 13 13 2020 7 2
14 13 11 13 603 3 6
9 6 20 16 2976 7 1
7 17 5 19 159 6 9
19 8 16 7 2946 10 1
17 8 9 10 1694 6 7
17 7 10 6 1291 10 2
20 14 6 6 876 4 6
14 11 11 17 1490 6 7
5 10 10 10 442 6 10
11 11 8 19 2785 1 10
7 11 14 9 3251 4 6
18 5 13 18 1105 8 2
19 12 12 13 2862 6 7
9 16 7 13 52 4 8
5 8 9 14 2413 5 6
9 14 15 8 2432 9 8
8 6 14 20 1579 7 5
16 11 5 13 3028 4 8
16 9 6 16 2854 4 5
19 19 20 6 498 9 5
16 15 15 9 1279 1 5
11 8 7 9 874 9 6
16 16 18 10 1841 9 3
10 18 9 5 3054 3 7
5 18 11 7 1847 7 4
5 19 12 18 460 1 4
15 12 17 13 3080 10 9
16 14 16 18 1915 9 6
18 13 6 20 1036 3 2
7 20 18 15 825 8 6
12 20 11 17 269 3 1
7 20 12 16 228 9 8
18 12 18 5 1836 1 5
17 7 14 10 1345 5 8
6 12 5 12 3121 8 4
16 19 14 5 2245 8 10
9 13 7 18 795 8 9
17 17 7 8 3009 5 8
20 6 13 6 2532 5 5
20 5 15 6 3531 7 3
14 19 15 6 2141 2 7
11 8 15 18 417 3 1
12 16 12 15 2743 8 8
13 12 6 17 870 4 6
10 18 17 17 1888 2 10
13 5 11 15 1528 4 5
16 10 19 11 2911 7 2
17 12 12 12 2264 9 2
17 19 17 14 3654 4 3
7 15 17 11 1604 7 1
7 20 5 9 2678 1 10
9 7 7 17 1736 8 2
10 12 16 13 1753 7 10
8 14 10 13 3461 7 2
10 14 18 14 3443 1 8
5 8 12 16 3010 1 6
17 8 6 15 1436 7 10
15 10 5 12 2699 3 4
18 12 8 13 2826 6 1
9 12 13 19 1692 9 4
17 18 11 17 1063 8 3
11 15 10 11 2959 9 2
19 8 6 7 88 4 5
12 5 18 15 318 9 2
12 11 13 17 2297 1 5
13 17 11 10 1715 1 8
20 11 7 17 2912 9 3
8 12 5 7 2170 7 8
9 18 18 9 768 6 2
20 15 13 12 3473 7 5
18 10 16 6 2045 6 4
15 13 15 15 2114 2 10
6 18 20 20 1705 9 9
13 14 19 15 2240 7 5
16 15 7 7 1050 8 10
18 7 13 6 75 7 8
20 7 8 9 421 5 2
18 8 17 9 2908 1 1
11 12 8 8 1443 10 8
16 15 7 16 888 8 8
20 20 9 5 3318 9 2
15 5 5 6 3368 10 3
8 8 13 9 1694 9 3
18 14 10 9 832 9 10
12 12 18 8 2883 7 1
12 18 20 5 2063 1 9
14 15 17 14 3024 10 3
9 17 20 15 620 8 4
20 13 6 7 2168 5 6
