50
18 7 5 6 37 6 6
20 9 9 20 58 1 1
8 9 17 12 47 3 2
10 19 18 16 74 6 7
17 13 19 11 108 7 5
19 7 9 18 53 3 10
10 19 5 18 103 6 6
20 6 20 11 79 7 6
7 15 10 17 70 1 5
5 18 20 7 69 7 6
14 18 10 16 115 2 2
17 11 20 14 119 3 1
6 5 11 16 81 6 10
9 18 11 6 130 5 10
5 16 11 9 124 9 7
15 16 13 14 85 1 6
20 7 19 17 214 8 10
5 13 6 18 153 7 3
14 15 20 9 142 10 2
5 17 5 16 113 1 7
17 13 16 15 139 9 2
18 17 12 20 275 10 7
19 12 17 11 83 6 2
14 7 14 11 62 5 3
5 14 13 16 260 7 2
17 8 14 11 260 1 8
7 6 14 10 247 10 10
14 12 19 18 296 3 6
10 9 7 11 135 1 8
7 15 13 19 138 6 8
10 19 17 8 255 5 10
6 20 8 18 76 8 3
7 7 11 5 215 1 6
13 9 17 12 237 9 1
18 14 19 18 331 7 6
9 18 5 19 385 6 9
6 15 12 7 276 1 4
7 15 16 7 104 3 9
17 19 11 7 71 1 3
14 12 13 19 118 1 7
7 19 12 5 420 5 9
14 6 6 16 292 5 9
17 19 10 5 249 10 5
13 18 9 17 372 5 6
5 6 18 7 75 5 4
11 6 11 20 236 4 7
12 19 19 19 133 6 7
12 13 18 9 85 2 8
14 16 8 14 473 3 7
6 9 15 6 365 6 8
