500
53 2 3 66 138 10 3
56 93 45 29 261 7 9
32 52 99 99 290 7 3
5 31 12 18 69 6 9
100 35 23 47 215 6 1
97 41 14 27 191 5 6
11 91 8 17 152 8 4
17 97 84 2 234 3 8
55 97 80 89 347 9 9
87 86 6 18 231 10 4
1 54 88 62 229 4 5
55 7 45 31 139 9 8
54 20 54 95 250 3 9
72 89 60 5 237 2 6
56 14 39 91 238 5 7
51 55 43 94 281 8 3
19 33 29 81 189 2 2
70 7 26 27 140 1 4
71 45 16 76 238 3 6
65 17 39 28 160 3 4
67 22 69 55 218 6 8
10 63 83 8 173 10 1
60 74 3 5 151 9 10
24 57 2 62 153 1 8
74 15 51 41 192 1 2
83 8 9 87 206 1 3
20 41 37 81 194 4 6
27 74 80 33 215 10 8
44 74 3 23 144 1 9
29 44 67 1 167 3 8
29 2 29 24 94 4 4
35 70 82 66 292 8 5
35 43 56 9 156 10 4
60 81 88 41 277 5 8
6 99 54 99 262 9 7
58 88 43 45 261 9 8
65 2 7 23 109 10 3
5 45 92 12 154 4 2
26 87 1 99 244 7 10
11 88 22 68 189 7 8
34 92 82 76 318 1 6
47 14 82 75 259 10 3
4 33 27 62 148 4 8
22 5 84 37 177 10 10
28 37 60 41 192 2 6
40 48 54 1 172 8 3
19 58 35 76 221 5 2
7 20 71 27 131 1 5
7 3 39 51 106 10 5
22 18 36 99 178 10 10
75 71 24 7 196 2 3
47 30 40 29 163 6 7
48 14 72 36 184 2 5
27 66 20 98 225 7 9
85 27 60 80 293 10 7
65 77 100 8 300 6 10
31 56 17 61 173 7 2
70 38 98 79 338 6 7
33 58 40 92 224 9 5
98 61 99 60 334 4 4
96 9 9 20 155 3 6
52 18 35 50 183 8 2
22 53 52 51 205 5 1
18 33 94 41 189 7 2
31 78 96 72 323 5 10
9 62 80 94 269 2 6
88 17 40 46 228 10 8
6 55 22 17 113 7 7
71 96 16 12 204 1 7
54 23 70 91 246 10 1
25 39 87 24 183 7 3
60 87 95 57 359 8 10
31 12 81 45 186 5 6
89 20 41 96 286 3 9
68 38 14 84 215 8 8
85 17 16 20 144 7 2
25 76 89 87 309 2 5
86 98 85 6 324 7 8
67 73 2 8 158 2 4
57 50 44 17 194 3 5
70 43 66 10 197 8 10
100 43 24 78 277 4 1
10 62 72 40 220 10 1
87 14 23 47 189 9 4
75 80 86 18 297 2 9
8 92 12 13 149 5 5
41 32 39 87 217 10 9
66 3 42 8 121 4 10
77 24 59 39 224 10 4
94 51 26 17 216 9 1
17 80 92 76 316 2 6
96 20 36 46 201 9 6
80 20 1 93 209 6 5
57 55 56 50 257 5 7
38 66 37 73 245 9 9
85 97 42 40 317 3 3
74 55 28 40 213 5 6
93 84 99 64 398 2 2
97 87 31 8 268 7 10
76 1 54 16 169 3 7
11 86 77 99 321 3 4
50 6 60 78 194 10 1
10 14 82 82 191 3 3
40 5 72 56 177 9 1
57 7 20 60 151 1 2
21 100 75 71 299 2 2
91 21 76 66 266 10 9
58 100 63 32 287 7 4
89 51 58 15 216 2 3
7 71 74 88 268 8 8
26 52 27 7 113 6 6
97 29 94 92 372 10 3
74 37 60 2 182 5 6
62 79 54 79 286 10 2
58 83 13 79 272 7 1
46 38 33 78 210 6 3
87 67 57 30 241 10 9
69 46 2 18 142 9 10
89 47 96 93 355 10 9
37 59 40 99 255 9 2
91 36 73 75 285 8 4
81 6 17 98 219 2 4
10 88 96 55 257 1 3
42 79 72 41 270 4 2
52 44 23 22 164 5 8
94 60 99 51 326 6 1
100 53 35 91 330 3 8
99 47 44 85 305 4 2
79 46 89 41 296 4 8
23 56 51 85 245 1 6
42 22 79 73 239 1 3
79 61 17 91 262 9 1
74 95 86 50 353 8 10
32 77 26 58 225 3 8
84 11 22 95 251 6 1
41 86 1 77 221 3 10
12 95 66 92 269 7 1
27 25 86 73 230 9 6
21 48 73 90 256 3 8
3 13 7 36 67 1 9
91 21 18 42 193 4 2
72 29 57 6 186 2 4
19 58 2 91 200 3 9
75 3 62 79 254 3 9
35 18 86 28 192 3 8
50 37 54 52 228 2 9
18 90 54 5 193 3 3
71 95 32 3 231 4 10
8 8 64 98 209 2 4
54 56 18 95 265 6 5
42 89 79 7 259 6 1
83 15 14 19 143 1 5
96 89 92 83 372 9 8
22 18 47 4 108 5 8
99 5 22 48 180 7 1
78 12 87 93 284 3 1
48 76 22 36 182 6 2
28 67 52 53 235 3 3
49 1 91 5 164 1 5
63 38 67 47 223 8 4
47 43 61 32 187 9 5
68 71 94 81 328 7 1
57 28 30 51 189 9 1
53 52 9 45 165 8 3
93 60 87 58 311 3 9
4 1 24 84 134 6 5
12 27 13 83 158 4 6
43 22 49 14 137 6 7
41 73 34 80 241 4 8
89 58 98 70 373 9 4
34 79 93 32 269 5 4
56 91 65 75 303 2 2
15 73 94 92 274 7 4
27 86 8 49 204 1 10
35 94 55 32 234 1 7
37 6 12 52 127 4 8
46 9 19 88 171 2 5
15 56 9 11 102 1 5
31 51 15 68 180 10 4
18 7 47 18 92 10 10
98 63 30 2 194 3 6
69 91 59 49 313 7 10
3 12 50 100 168 5 1
12 52 42 55 163 6 5
93 72 38 19 257 10 8
25 29 57 31 152 5 5
53 72 76 76 317 9 10
13 16 10 89 151 4 8
26 39 23 53 144 7 8
9 65 16 18 126 7 2
57 70 93 73 298 2 1
31 87 67 72 263 5 2
84 68 20 80 291 5 2
39 42 67 11 168 5 9
19 68 56 84 247 10 10
70 77 29 95 302 9 8
70 17 5 82 194 2 3
59 91 68 81 312 3 10
64 85 81 47 300 6 10
37 30 73 55 228 2 6
34 36 91 1 190 6 5
55 14 49 64 195 2 5
9 18 76 51 165 9 9
28 2 55 69 183 9 3
93 54 2 92 262 3 6
69 9 90 22 192 2 4
28 45 78 31 199 5 4
8 79 31 10 129 6 3
74 54 16 100 247 2 1
90 30 44 69 246 1 2
7 88 40 11 150 10 7
38 79 50 12 184 4 9
19 73 49 38 192 3 6
56 26 3 60 146 8 1
32 27 68 33 164 6 10
30 90 2 81 219 4 4
46 88 6 28 194 6 9
71 33 52 61 259 2 7
22 16 40 66 145 6 1
50 34 14 60 170 3 4
17 95 32 86 238 10 2
37 100 17 17 201 8 6
53 72 78 52 263 4 6
17 99 15 2 149 7 7
40 43 47 50 192 9 6
57 24 21 3 106 6 2
29 57 50 6 148 4 2
33 25 49 3 115 2 5
38 19 7 83 164 10 7
99 96 47 30 304 3 2
30 37 64 75 238 5 7
8 57 90 81 266 9 1
58 50 32 1 145 2 2
17 79 29 21 167 8 6
63 65 64 20 217 2 6
32 78 17 63 221 8 7
99 7 32 87 249 4 4
84 31 91 75 319 2 4
14 58 74 29 184 2 5
64 56 20 57 235 6 2
67 31 80 32 248 4 6
5 63 57 23 156 1 10
44 70 95 20 249 8 7
56 64 86 6 234 3 6
52 27 63 64 218 6 7
56 54 64 16 204 1 2
81 77 86 81 329 6 1
34 1 77 96 208 4 10
25 32 34 99 204 2 5
5 62 32 63 175 5 6
50 4 100 50 209 9 5
34 25 72 23 164 9 1
20 80 62 1 181 5 10
70 13 33 7 136 4 6
3 47 50 43 154 1 9
68 74 17 77 254 8 3
98 75 43 33 286 2 10
26 27 75 80 247 3 3
19 69 2 38 139 10 5
54 99 98 9 282 10 7
98 54 96 9 288 9 1
20 53 61 52 206 8 10
75 6 73 38 215 7 1
100 98 71 19 319 2 5
19 36 60 20 161 6 8
90 25 100 45 291 6 10
65 90 84 8 274 10 2
90 54 2 16 189 9 7
99 48 76 89 363 6 3
97 82 44 1 227 5 4
3 96 32 47 178 8 9
81 37 89 51 272 3 7
17 31 99 94 287 2 6
88 31 100 83 319 7 8
82 29 56 61 243 8 1
13 24 53 100 212 1 7
58 83 39 14 215 2 6
50 41 11 59 189 6 5
77 80 7 43 217 3 8
69 7 99 12 189 8 5
53 36 83 33 234 10 5
29 12 6 25 84 8 7
58 39 13 23 144 3 1
46 74 78 40 255 1 3
98 53 90 69 339 6 10
44 53 54 37 195 2 2
23 97 36 59 250 3 10
57 67 53 95 295 10 2
28 18 66 20 140 8 3
59 90 23 49 259 10 6
56 48 11 77 226 8 9
65 48 99 24 269 1 4
35 64 81 69 287 10 5
66 32 96 37 265 7 3
9 35 82 54 202 8 9
57 81 29 20 199 7 5
96 84 29 6 251 5 5
21 70 12 73 201 3 10
83 84 50 99 364 10 4
85 19 73 44 262 10 5
44 86 40 73 276 5 6
60 55 35 39 212 1 1
37 15 39 4 106 6 10
98 51 85 14 270 10 6
26 77 78 18 239 3 2
20 66 27 60 205 8 8
14 1 24 49 104 8 1
28 88 77 47 286 4 8
82 31 37 38 208 6 10
54 56 75 58 290 5 6
1 56 62 98 259 1 8
50 59 47 8 186 1 1
23 6 21 69 142 4 5
69 16 68 68 234 2 2
55 7 49 17 132 1 10
50 53 60 4 167 3 2
5 58 96 37 211 3 5
92 64 6 4 192 9 9
3 12 37 28 90 7 3
23 71 72 83 277 7 2
47 62 61 63 259 7 9
95 59 77 85 328 8 2
43 91 90 53 326 4 6
8 15 57 30 127 10 1
61 38 42 47 200 3 7
59 37 10 53 189 8 6
18 46 98 18 197 7 8
22 45 71 31 179 5 10
24 40 94 98 264 10 3
57 42 90 96 290 1 8
28 52 8 28 133 6 7
65 49 67 91 316 10 10
84 50 98 35 292 9 9
82 46 71 62 292 3 4
1 100 81 29 222 10 4
53 10 44 8 131 3 5
20 18 59 39 136 5 7
50 71 28 4 181 8 6
20 68 80 62 257 8 6
94 14 98 31 250 1 6
74 43 41 65 236 3 9
6 40 47 32 136 9 2
32 34 26 64 185 1 5
89 55 31 41 232 5 4
3 44 23 67 157 1 6
73 5 24 85 199 9 4
56 54 6 38 156 9 1
97 45 79 47 296 3 4
22 25 84 92 244 5 9
32 79 54 25 223 1 1
56 65 30 75 253 10 7
50 6 31 19 119 10 3
25 40 80 65 219 3 8
88 47 68 16 229 10 8
70 54 13 31 202 8 5
1 94 84 26 227 4 8
80 29 7 75 202 9 4
26 79 11 77 223 6 2
8 71 50 93 236 1 5
11 11 97 77 202 2 9
54 19 11 37 139 10 6
10 91 70 57 258 3 4
25 48 50 59 210 10 10
82 95 89 42 314 2 6
63 17 20 39 162 1 1
59 37 63 9 196 6 6
2 51 57 70 198 2 2
63 59 94 17 245 7 8
60 93 17 49 222 7 10
2 66 51 100 262 5 9
2 100 4 19 143 10 9
52 21 28 3 123 4 2
36 5 91 51 214 9 1
41 8 78 10 142 7 10
19 49 93 88 261 6 3
63 67 16 33 214 7 7
74 82 72 32 306 1 8
61 72 91 52 304 10 1
56 33 40 92 249 6 9
20 54 24 11 121 3 4
70 24 53 42 227 6 2
54 93 67 61 311 9 4
85 11 10 76 201 1 5
40 70 71 27 209 9 1
7 27 99 36 176 2 10
73 90 86 47 320 10 8
31 24 26 26 109 8 1
27 48 99 84 278 10 5
63 49 58 70 285 2 3
93 24 34 37 197 3 3
7 6 60 44 136 7 10
22 24 60 80 217 3 2
77 29 99 95 329 2 7
73 93 62 88 338 10 7
13 64 81 97 263 2 7
48 59 91 54 256 5 5
31 52 84 80 288 7 10
42 84 30 37 221 5 3
74 76 34 72 271 4 5
14 2 4 98 140 8 10
55 63 92 23 243 7 6
51 82 97 22 260 7 10
82 3 60 55 211 6 10
91 55 85 41 311 1 8
37 75 80 11 204 10 1
79 36 26 35 186 3 7
62 42 72 13 194 8 10
23 36 13 75 153 8 10
64 98 49 79 331 10 10
95 89 78 10 285 8 6
68 95 73 29 283 7 4
43 82 4 41 182 1 6
85 25 93 95 347 3 1
5 23 43 51 132 8 2
40 18 5 22 95 9 7
60 34 26 26 149 4 8
84 62 70 76 322 10 1
38 50 84 87 281 7 4
63 38 85 75 308 8 3
79 30 34 94 263 4 8
71 92 71 80 328 3 2
16 7 76 99 213 3 5
9 57 43 28 158 4 3
88 89 62 89 355 9 3
46 51 60 76 262 9 2
71 98 18 30 219 1 3
94 90 45 92 344 9 2
74 54 45 36 238 8 10
34 68 51 38 200 9 3
71 10 52 79 236 2 9
48 48 32 13 156 9 8
21 35 25 64 167 4 4
62 65 40 50 246 2 10
22 13 80 100 250 6 6
7 30 31 67 149 5 1
84 86 54 74 300 9 2
68 63 21 35 221 6 2
82 20 27 27 178 4 3
3 76 10 90 210 8 5
32 6 79 94 211 8 1
9 34 58 94 225 6 7
82 65 13 93 262 9 1
75 19 16 79 196 5 6
71 2 64 32 191 7 4
77 59 9 35 215 3 2
9 63 43 73 191 1 9
26 28 24 45 129 10 6
81 86 76 50 350 10 8
97 55 25 52 265 8 2
37 76 74 5 213 3 5
72 15 4 24 122 4 9
87 72 97 22 318 1 9
69 89 13 53 257 3 10
36 93 10 91 247 10 1
69 36 10 54 192 9 6
77 11 44 54 210 3 10
71 94 14 97 279 8 7
94 83 76 17 300 10 10
99 60 42 4 219 2 4
75 10 6 40 156 10 9
64 48 3 25 156 3 3
81 25 59 87 297 4 1
29 17 33 73 161 10 9
19 12 52 76 168 3 4
90 34 34 74 275 10 10
72 100 88 47 366 5 6
58 55 35 63 215 1 4
19 45 30 91 185 4 4
12 88 26 20 158 2 10
91 86 76 53 316 3 5
14 25 84 65 217 7 8
83 14 100 41 241 6 10
90 17 53 42 212 9 1
21 42 27 29 132 2 2
18 75 62 87 249 8 6
27 2 59 33 143 9 3
45 80 54 82 302 8 2
8 9 76 85 209 3 7
38 91 67 29 253 3 5
39 12 9 54 133 8 1
40 75 40 96 274 4 6
31 1 11 59 119 6 1
14 27 56 57 179 4 4
5 60 5 68 159 8 1
95 11 48 66 247 6 10
49 84 44 80 278 4 10
3 84 55 66 244 3 1
63 79 2 39 186 10 1
22 24 20 36 112 2 3
56 15 100 73 279 1 1
31 67 1 66 174 3 1
6 46 99 83 275 3 5
69 27 25 20 154 8 4
73 61 29 93 282 4 10
14 38 4 72 133 6 8
45 29 10 88 178 2 8
84 66 95 82 377 5 7
20 75 72 44 211 8 1
17 58 45 99 225 7 1
58 36 54 24 206 5 3
