250
16 19 18 20 73 2 10
9 18 5 16 54 8 3
12 10 7 15 59 10 6
14 13 19 7 78 4 2
7 17 12 12 63 1 2
18 15 17 6 113 1 9
14 15 14 13 65 3 3
5 6 12 19 93 3 10
7 16 9 17 105 5 9
8 10 17 14 120 1 7
18 17 8 13 98 5 6
6 8 13 13 61 3 1
10 16 19 16 166 2 2
5 6 12 14 79 6 6
17 15 8 13 149 8 5
9 10 19 16 168 4 1
8 6 17 11 139 1 7
5 9 11 5 88 3 8
15 19 19 17 144 4 2
20 16 8 17 227 6 4
6 7 6 5 58 5 4
6 10 6 12 162 2 9
11 17 10 20 110 10 1
8 19 15 15 168 6 4
9 9 12 16 249 6 9
19 16 5 7 91 4 10
17 15 7 5 237 10 5
12 17 12 11 206 1 4
20 11 6 20 347 5 2
6 17 10 13 203 10 2
19 13 16 15 271 10 10
18 15 13 18 260 9 9
16 18 12 18 283 5 3
6 18 17 18 268 3 3
19 12 13 8 261 3 10
20 11 13 20 66 7 8
16 14 11 15 85 8 5
20 19 8 6 296 6 3
8 10 13 17 217 8 5
11 12 5 14 180 3 7
12 20 10 17 60 5 1
19 16 8 19 448 5 9
10 5 13 7 361 3 7
19 17 7 18 487 1 1
17 15 11 5 390 8 5
9 15 16 7 60 9 9
17 12 15 16 60 5 6
13 10 14 17 223 8 9
5 16 18 8 307 5 1
16 9 12 12 231 4 9
18 7 19 19 534 4 10
14 16 11 8 493 1 2
12 12 13 16 143 10 8
14 17 10 9 278 6 4
14 5 10 13 77 6 8
8 8 9 12 399 4 10
8 9 20 8 160 8 8
11 13 8 5 591 2 5
7 7 9 6 545 8 6
6 12 19 17 100 2 4
12 10 5 17 349 8 7
18 9 18 11 356 4 7
14 20 17 8 603 8 8
17 8 11 8 258 1 4
14 16 7 16 239 1 2
11 5 16 16 487 10 4
18 19 15 20 664 1 1
15 16 18 5 216 2 1
11 18 5 16 116 7 4
16 19 5 19 353 10 7
17 8 6 16 475 9 10
9 13 8 16 496 5 1
5 10 15 19 365 5 5
6 19 15 14 624 9 4
12 15 8 10 495 9 5
6 18 18 13 403 10 7
8 12 10 11 381 1 2
10 12 13 8 776 8 2
11 8 13 11 628 4 3
5 10 16 10 236 7 1
5 19 7 19 310 3 7
15 9 20 9 622 5 4
12 18 14 19 462 10 1
18 17 5 6 497 8 6
11 15 10 16 488 4 3
20 18 17 14 913 8 6
12 5 5 9 810 10 2
5 10 6 5 773 9 9
17 6 13 19 384 1 9
17 16 20 19 574 8 8
5 15 12 18 669 8 4
16 19 7 9 53 6 1
15 11 6 19 315 10 3
11 7 9 14 214 1 1
8 7 17 13 400 4 7
17 13 15 18 971 10 4
13 12 16 18 628 4 6
7 17 8 8 787 10 1
17 17 13 14 539 9 9
9 14 14 5 570 3 2
17 13 14 20 490 6 2
9 20 12 13 473 9 5
15 6 7 8 76 1 1
5 10 5 15 678 4 9
7 17 11 17 841 7 4
15 8 17 5 892 6 9
19 20 9 19 333 1 6
16 7 7 12 810 7 8
5 20 18 11 734 2 7
14 14 9 17 522 2 4
17 15 14 13 1114 3 6
17 12 16 9 120 10 7
13 10 20 8 481 8 4
14 9 9 11 833 4 4
14 17 13 16 464 10 3
13 20 10 15 357 2 3
15 8 8 8 335 3 1
17 12 11 9 1144 9 1
11 9 16 8 177 9 4
10 15 18 11 262 1 4
14 6 18 13 856 7 4
14 20 9 16 1222 3 7
8 6 12 20 406 4 8
19 5 17 5 306 8 8
7 13 7 11 760 4 2
5 19 7 11 537 5 5
5 14 11 13 1248 7 1
15 7 14 10 141 6 9
20 5 8 15 796 8 1
11 5 8 15 1213 1 8
9 12 20 6 1272 3 7
16 19 17 20 712 5 7
18 12 13 7 465 9 7
7 7 5 18 1299 10 2
16 6 17 8 1176 5 1
14 14 17 11 1263 10 9
15 8 11 6 89 2 3
15 19 6 12 372 5 3
13 12 7 11 730 8 6
13 7 19 14 294 3 4
8 7 6 19 220 2 2
19 15 15 9 238 4 10
15 17 10 16 128 2 1
19 14 19 17 1098 7 10
11 14 6 12 447 3 1
17 11 10 11 1019 4 5
18 6 7 5 147 7 5
7 11 9 11 676 9 7
5 19 14 10 299 9 7
19 6 9 13 1145 4 3
13 19 6 9 541 2 10
16 12 8 18 1474 9 8
11 11 11 12 492 8 6
14 16 15 16 124 4 5
19 11 14 17 1480 9 10
5 8 15 14 86 1 4
5 20 20 16 311 5 9
12 6 9 14 402 2 7
7 9 6 15 225 1 7
6 13 6 7 600 6 2
7 9 13 12 662 7 6
11 16 10 7 1148 8 1
6 12 19 14 600 2 4
19 16 6 8 159 3 7
20 19 5 16 150 5 10
16 6 8 8 1431 8 7
17 8 11 6 1289 7 10
13 15 12 8 816 10 1
14 11 20 11 200 3 4
14 12 10 8 554 4 2
18 18 20 17 838 6 7
5 12 18 9 624 6 5
10 20 13 6 1317 9 10
17 11 8 8 912 9 7
11 9 8 7 278 1 2
9 12 11 11 1203 6 2
6 18 12 15 880 5 8
6 17 19 8 500 9 9
15 17 10 14 1650 8 7
20 20 10 8 956 1 1
7 10 12 6 936 4 9
17 17 10 10 566 2 1
12 8 15 5 435 5 9
14 13 9 19 865 2 9
5 14 20 18 1350 3 8
11 19 11 17 1445 3 5
14 9 12 13 721 10 5
15 17 10 16 163 8 6
17 15 12 11 560 9 10
9 17 14 13 1213 8 8
10 14 15 11 1775 3 7
16 14 15 5 1313 10 7
5 16 8 17 187 6 9
16 20 7 14 1602 6 10
17 18 5 11 873 7 3
20 20 13 12 353 6 9
20 15 16 11 1979 2 1
8 12 10 10 899 7 9
5 20 7 10 2031 10 2
16 19 8 18 1535 2 7
7 15 15 8 2040 8 7
13 9 10 14 235 7 3
9 18 12 18 538 10 2
11 15 5 10 1567 4 5
8 12 18 17 219 9 10
18 7 6 19 389 5 4
13 17 18 10 1590 5 8
12 16 9 14 914 3 6
11 13 17 14 2046 6 8
15 18 7 7 1117 4 2
9 7 8 7 515 9 3
5 9 17 14 100 9 4
16 12 18 18 387 6 10
13 10 7 20 782 8 2
8 20 17 6 1213 3 10
17 12 11 7 302 5 3
7 7 15 15 1847 3 2
14 20 8 18 682 9 2
15 10 17 7 1552 9 7
6 20 5 15 211 9 6
10 20 20 15 187 10 7
18 7 17 17 1249 4 2
8 10 15 6 1363 9 7
6 10 16 18 2220 8 5
6 8 15 12 817 8 8
8 11 19 9 2037 5 4
12 17 20 20 1088 8 3
13 9 15 10 1991 8 1
20 13 11 19 2082 6 4
18 5 16 7 886 9 7
17 13 9 18 606 4 5
8 5 10 14 678 5 6
11 5 7 8 1004 2 1
6 11 9 5 847 7 2
17 13 19 19 1389 4 3
9 10 11 12 2057 9 1
12 18 10 8 348 3 7
20 11 17 5 466 10 1
5 20 10 5 1609 8 3
12 10 14 17 259 5 4
15 8 8 8 1822 3 2
9 14 5 18 256 4 6
10 15 7 20 96 7 9
9 10 9 19 120 3 9
18 9 19 19 2006 5 9
9 16 9 20 1027 4 2
12 19 18 7 1766 3 1
19 5 8 18 111 6 5
11 15 12 13 78 5 10
15 10 14 13 660 1 6
