150
17 19 20 15 73 8 6
6 14 8 13 51 6 3
19 9 14 11 64 7 2
6 15 5 9 72 1 10
14 11 19 12 74 10 1
13 16 9 8 80 7 7
15 17 7 9 99 8 7
16 5 6 20 49 10 8
18 8 12 10 124 10 1
11 13 16 20 110 2 8
8 8 7 20 108 9 1
10 9 14 20 83 7 5
5 13 19 20 161 1 9
7 5 19 5 126 3 8
17 18 7 20 162 7 1
16 14 18 10 76 9 1
8 18 16 19 180 1 10
13 13 6 8 99 1 1
16 10 13 5 171 10 3
12 6 9 18 179 9 4
9 7 20 18 59 9 3
12 6 19 15 130 4 6
13 11 17 7 124 1 7
19 12 11 15 281 10 10
18 10 14 9 207 7 6
8 18 11 8 225 10 1
9 12 15 16 174 2 4
19 17 18 10 259 1 9
14 8 18 8 173 2 9
7 18 10 10 247 7 2
19 19 16 20 76 8 2
8 16 11 9 275 8 9
8 18 11 19 105 6 9
8 7 11 6 232 1 8
20 8 13 20 390 5 10
7 16 15 8 354 7 6
5 7 8 12 316 3 5
11 8 11 19 309 9 10
8 7 6 14 408 4 7
6 14 17 11 300 8 7
14 14 15 11 431 9 7
9 15 10 19 383 6 1
6 14 10 7 269 8 10
19 18 16 17 159 10 4
8 10 16 10 285 9 8
9 9 15 13 276 4 8
11 15 7 20 208 4 7
6 15 18 20 427 7 4
13 14 13 5 326 10 1
20 8 19 14 165 5 4
10 12 20 11 108 9 9
5 15 13 11 363 2 8
7 18 17 19 485 5 9
7 6 13 6 186 6 10
20 10 20 8 598 6 3
17 18 7 18 174 7 9
10 14 17 18 277 3 4
11 18 15 6 341 1 3
15 15 5 7 413 7 8
9 13 8 16 313 6 9
16 9 16 18 146 10 10
15 5 6 16 494 5 4
19 12 9 6 217 8 9
5 13 12 9 548 6 8
18 12 11 18 599 10 6
6 10 19 12 430 7 4
11 14 10 14 63 5 1
17 16 14 14 158 7 3
13 15 15 6 590 6 1
20 8 16 6 458 9 8
5 11 12 20 62 5 6
10 20 8 18 502 10 2
19 12 8 18 245 9 1
15 6 17 17 649 7 8
5 16 7 5 131 1 8
7 13 18 20 776 3 7
19 19 18 6 581 6 1
15 17 16 17 235 4 9
14 20 9 10 834 8 8
18 13 14 17 395 1 10
6 10 16 9 284 5 10
17 19 16 19 778 4 1
10 14 13 20 699 7 7
13 12 19 5 536 1 8
19 14 18 12 418 6 1
8 6 11 9 35 9 4
12 19 16 11 451 9 1
7 19 20 8 203 5 9
10 20 8 16 400 2 5
5 9 20 12 804 10 2
18 20 19 9 804 8 6
14 15 18 10 608 1 7
12 17 14 14 753 1 6
16 12 16 11 773 7 2
8 20 16 14 666 4 1
6 18 6 12 253 2 2
16 18 17 14 874 4 10
13 19 20 9 446 1 9
6 20 5 8 291 9 1
8 18 10 7 488 10 4
19 11 9 19 943 7 6
8 7 18 5 888 7 6
18 7 17 13 534 9 1
13 8 13 6 753 10 7
15 17 11 14 453 6 2
19 5 19 15 532 1 10
6 5 14 15 178 2 4
11 7 15 10 825 5 4
9 6 16 9 897 6 3
10 10 12 14 893 2 7
15 15 6 14 1018 1 9
7 20 17 12 414 8 10
8 6 16 19 266 3 5
13 14 15 18 330 5 5
9 12 16 20 242 10 8
7 18 15 8 442 2 8
16 5 8 16 970 8 5
18 12 16 16 667 9 6
6 12 6 6 338 3 3
18 16 9 20 760 1 10
13 14 8 9 614 4 9
11 15 18 10 793 4 10
5 15 14 7 293 7 4
11 11 18 6 1039 2 6
10 17 9 10 1291 9 1
5 19 9 11 215 2 8
10 5 17 20 1289 10 6
11 16 6 19 1295 3 8
9 7 18 13 1140 8 2
10 9 11 11 1254 3 7
19 13 6 17 1233 5 1
7 12 18 17 912 7 7
17 14 6 12 1010 4 10
11 15 15 15 1129 5 10
16 12 10 10 318 6 7
14 7 11 15 572 3 6
15 13 11 7 1372 8 2
18 10 20 12 1251 8 3
15 10 7 12 110 3 3
7 8 14 19 358 5 10
20 13 15 12 1067 5 9
16 13 5 14 1272 4 8
6 7 12 10 787 9 9
11 12 6 12 267 2 9
15 8 16 15 147 10 4
5 7 20 7 602 1 2
16 10 14 10 941 1 6
10 9 18 5 905 2 4
13 9 11 5 191 4 6
12 9 8 16 183 1 5
