50
91 14 5 52 200 4 8
56 16 18 41 223 3 4
65 16 15 51 248 3 2
69 34 12 40 269 8 7
62 21 13 52 287 5 1
99 32 13 43 325 7 1
88 17 19 48 353 8 5
69 14 6 38 370 9 6
59 38 12 28 401 2 7
49 17 6 58 435 7 6
72 23 19 32 460 6 8
47 27 12 21 499 4 4
64 39 18 50 538 2 5
69 31 15 46 577 6 7
61 27 15 36 616 5 9
61 37 15 56 652 3 7
77 38 15 44 672 7 5
76 28 5 54 705 6 9
78 19 11 25 744 4 3
57 16 12 52 766 8 2
89 10 8 29 781 5 9
68 29 10 54 802 6 7
89 14 15 22 823 3 9
80 38 7 22 838 4 5
46 10 11 53 856 8 4
46 22 15 48 879 7 5
76 33 13 40 904 5 3
59 36 16 32 939 4 8
58 24 6 57 966 6 2
42 11 6 28 985 4 4
76 34 12 48 1022 1 3
53 30 13 55 1060 1 4
86 23 16 34 1087 1 2
70 22 18 34 1112 5 6
49 28 12 47 1146 4 3
92 20 16 58 1166 8 4
98 18 19 34 1195 9 9
44 17 11 26 1224 9 8
40 23 14 23 1253 5 1
46 19 10 29 1272 5 5
65 30 12 45 1302 2 4
81 34 5 58 1329 4 3
87 26 13 20 1353 5 6
97 21 17 25 1391 4 6
98 22 10 38 1416 1 3
76 32 14 33 1450 5 9
64 34 8 48 1467 1 8
86 31 13 39 1486 5 3
72 36 10 37 1505 1 5
89 33 8 38 1540 4 2
