300
58 71 82 79 328 10 5
81 24 44 35 186 1 2
46 28 16 93 202 5 2
64 11 89 62 233 3 1
63 75 80 2 262 2 6
4 79 36 99 235 6 8
10 19 10 8 56 3 2
2 1 40 45 93 7 9
92 91 35 74 305 1 2
9 7 64 18 103 6 3
53 94 66 11 255 6 8
17 18 72 24 147 4 1
83 89 84 72 331 1 8
10 84 19 91 216 6 6
26 56 14 63 178 9 2
71 11 73 24 194 7 4
37 6 3 40 102 4 9
4 57 70 45 208 10 10
99 90 74 91 422 7 2
25 90 24 85 262 10 6
70 19 43 95 243 4 1
65 2 21 41 152 1 2
53 41 14 17 140 4 6
9 18 32 3 63 6 3
45 51 92 34 255 2 2
44 97 59 99 324 7 2
82 54 40 52 260 2 8
84 86 74 48 316 6 1
79 3 24 18 137 3 3
31 9 67 79 205 7 10
64 9 48 41 180 2 9
74 61 84 10 256 9 8
58 100 46 100 347 7 5
82 85 83 78 335 7 10
63 38 55 21 208 6 6
71 87 64 93 334 5 4
70 9 30 53 177 10 1
65 24 48 81 238 2 4
46 50 40 45 216 2 5
23 39 30 48 143 3 8
61 33 2 69 183 1 5
81 35 77 78 307 6 9
60 28 64 55 217 3 8
34 60 64 69 249 9 6
54 8 10 79 151 3 4
52 82 80 57 284 3 10
67 92 6 53 239 1 7
75 90 15 40 223 2 1
7 64 96 19 193 5 4
55 70 54 81 312 1 3
11 26 76 24 151 1 6
1 10 92 72 203 5 5
66 79 6 22 182 9 3
41 95 21 67 266 7 5
6 53 68 70 212 6 4
47 99 62 14 246 6 3
97 21 13 31 171 5 7
67 87 1 52 213 8 9
64 52 61 42 255 3 5
25 63 36 90 221 4 4
22 57 40 62 217 5 8
41 97 68 64 270 4 10
87 20 3 82 209 6 9
3 76 86 85 261 2 4
6 47 27 15 96 8 8
16 65 25 32 159 5 8
36 85 54 36 229 4 2
74 34 57 4 174 5 5
70 53 52 41 244 6 5
86 2 58 74 263 10 2
94 97 98 46 393 3 3
29 52 7 8 100 6 10
22 49 42 13 126 7 4
5 55 54 26 167 6 6
35 8 27 62 152 6 3
67 92 29 24 214 9 7
56 20 53 76 224 6 3
62 54 92 77 295 9 5
67 10 57 45 202 5 1
44 86 8 1 166 9 5
50 2 74 60 211 2 7
51 59 45 38 203 9 1
64 21 85 96 281 7 7
45 39 63 93 275 3 4
47 17 12 88 170 4 8
55 96 77 24 262 3 6
55 70 91 66 311 6 1
95 76 22 29 236 6 2
2 52 31 26 126 5 2
91 3 60 5 163 7 1
22 24 98 28 193 7 1
47 82 1 82 237 4 3
84 1 53 94 269 9 10
33 27 36 60 185 8 3
56 74 30 13 189 10 3
54 10 31 85 216 3 5
70 67 52 30 260 7 2
75 85 94 77 375 4 1
24 74 20 89 230 4 6
82 19 69 58 257 2 9
61 74 7 11 179 4 4
31 62 18 68 197 10 9
2 77 83 55 250 7 5
32 36 40 52 191 5 8
74 25 59 44 226 8 7
49 4 39 20 125 9 7
57 97 52 46 291 1 4
100 68 5 85 305 5 8
22 79 30 57 197 3 5
74 7 92 41 232 6 7
7 29 47 45 144 10 2
32 21 46 41 166 5 10
29 55 53 61 217 10 10
4 83 92 17 204 8 4
6 66 92 62 228 7 10
11 99 71 27 220 8 2
45 44 84 46 255 1 8
95 33 1 98 247 3 6
26 26 25 93 196 8 1
22 5 39 15 91 5 10
25 45 81 72 232 9 3
71 45 75 22 226 8 2
14 12 70 62 167 3 5
53 81 21 52 240 5 8
31 95 8 52 211 10 9
13 39 66 79 223 8 6
57 76 41 4 180 3 1
44 67 92 54 290 7 9
47 49 14 14 139 10 2
64 35 19 23 141 1 9
3 34 7 99 144 6 9
88 55 62 80 296 5 10
17 43 22 76 185 5 3
76 43 25 81 249 1 2
65 79 96 35 278 5 1
12 48 83 36 208 9 6
35 77 68 94 321 5 9
91 96 98 4 343 1 2
88 1 99 95 316 10 10
76 95 25 32 255 7 2
57 49 52 40 208 10 9
61 55 96 37 267 5 1
36 62 96 93 318 5 1
52 44 40 11 171 5 1
30 21 42 21 116 2 5
82 29 67 94 290 5 6
45 99 27 72 245 5 7
80 93 19 72 284 4 4
16 92 36 13 178 7 5
23 57 7 43 147 5 8
15 47 27 81 202 1 10
30 99 30 2 191 1 1
46 69 38 90 274 2 8
18 45 13 7 97 1 2
29 76 52 1 172 4 8
71 79 46 84 323 7 10
89 89 9 62 264 2 4
65 35 29 18 149 10 1
11 69 100 85 297 3 9
89 16 14 100 230 7 5
84 46 89 74 294 2 1
57 56 48 99 264 4 1
11 11 46 64 139 8 1
35 12 69 28 157 10 3
84 73 7 48 237 10 9
100 61 71 97 343 2 5
32 47 57 9 145 3 2
92 5 40 65 231 3 7
37 62 19 6 131 5 6
80 49 100 12 262 9 2
89 96 67 79 397 9 10
32 99 98 75 346 3 6
41 24 30 71 191 9 10
3 83 51 82 249 6 7
13 55 69 35 182 1 7
29 23 9 10 77 3 9
100 40 38 62 285 10 8
46 11 54 99 227 5 1
61 94 74 80 348 10 8
13 95 3 93 207 9 3
74 46 4 23 165 7 10
25 73 20 85 209 7 2
95 12 31 38 197 7 3
26 7 93 20 152 6 1
95 74 19 59 292 6 6
14 81 84 79 298 7 6
65 66 28 6 194 2 3
60 99 30 100 296 3 10
46 25 82 61 256 6 4
1 72 33 27 134 8 7
9 9 59 2 88 8 1
94 17 12 15 164 8 7
97 55 5 55 248 3 10
35 19 34 25 133 5 8
63 2 93 86 293 1 3
53 96 61 24 278 10 9
29 59 65 10 186 6 5
21 6 76 4 122 10 1
100 61 3 77 262 3 9
91 3 31 67 199 7 2
52 15 56 30 177 5 8
45 91 39 52 243 3 10
44 91 42 33 248 4 4
4 10 77 12 118 7 10
93 50 7 89 239 1 2
42 1 93 59 201 2 1
96 40 61 41 254 9 8
88 56 5 76 230 10 7
18 47 86 33 207 7 2
48 43 6 43 150 7 2
17 3 56 39 128 2 4
20 90 11 60 206 4 6
93 25 40 64 247 1 5
78 18 6 7 121 10 4
94 57 46 77 277 6 3
62 66 45 19 193 10 10
74 20 25 95 223 4 4
21 45 4 39 130 8 10
22 47 98 61 263 4 9
44 84 96 87 354 2 9
72 17 62 9 190 2 2
89 86 49 86 310 8 2
79 34 34 59 243 10 4
84 53 34 35 213 9 7
55 44 48 47 196 5 10
7 11 50 34 107 8 8
30 18 90 33 204 6 10
41 66 27 44 185 3 8
90 60 83 99 395 4 6
36 13 76 94 246 10 7
72 18 10 37 142 4 9
98 91 47 63 339 2 2
11 91 99 50 297 8 3
1 82 43 100 241 1 9
58 47 62 32 226 2 3
90 98 83 83 418 3 10
48 33 96 6 197 7 3
8 7 92 74 199 5 10
51 14 76 48 220 7 9
14 59 59 99 236 9 2
86 40 82 10 218 7 6
93 77 48 54 273 10 5
35 5 92 54 217 10 8
14 38 68 15 142 2 9
52 16 41 84 199 6 4
47 13 24 77 184 1 7
89 37 47 69 260 4 10
10 19 89 99 243 9 4
12 41 30 83 188 1 10
15 65 77 78 248 7 5
27 10 83 2 122 7 2
24 21 99 93 283 8 5
51 69 89 48 295 1 1
30 6 68 63 167 10 5
8 43 5 62 135 4 6
6 40 91 37 187 8 9
5 67 53 60 210 8 5
50 76 80 43 255 8 2
34 81 43 14 195 10 1
79 69 82 9 276 9 1
8 50 48 41 163 9 3
18 5 27 97 150 6 4
88 79 6 33 244 10 1
33 89 24 59 212 3 1
34 30 28 45 164 2 1
11 31 97 46 190 8 2
73 81 57 72 333 4 5
47 34 58 16 175 5 9
81 81 88 59 310 5 9
1 71 60 84 231 4 5
76 84 98 68 352 6 4
5 24 38 56 145 7 3
20 32 85 56 202 9 7
14 31 3 14 68 10 10
100 80 12 68 281 4 4
91 92 69 51 348 6 2
35 9 63 32 151 8 7
88 63 39 64 266 6 1
26 97 40 3 197 4 1
39 29 35 72 182 7 7
75 53 93 26 253 6 10
69 21 90 88 294 7 7
82 22 62 80 283 3 5
84 22 23 89 240 5 5
89 5 70 98 295 3 10
4 27 22 94 156 4 4
27 65 34 99 249 10 7
100 80 95 8 335 8 8
46 92 85 79 310 7 6
46 94 40 26 234 5 6
46 13 23 47 154 4 4
92 88 37 92 353 3 10
51 94 12 65 258 3 6
29 91 23 82 262 8 5
75 86 15 85 292 3 5
16 78 76 74 254 2 9
94 80 92 23 345 10 9
34 74 66 15 225 8 1
45 89 64 39 266 9 2
70 44 60 34 231 9 2
