200
14 8 17 17 58 6 5
5 11 8 20 62 6 7
9 12 19 10 72 5 1
13 20 11 15 92 1 9
18 8 7 12 52 5 1
6 9 14 18 91 4 1
15 19 13 20 81 5 6
14 16 14 19 92 3 9
7 8 8 14 78 9 4
10 5 8 13 104 10 9
8 8 15 12 74 9 8
13 17 10 17 140 10 1
16 5 11 5 86 6 8
9 9 16 7 49 10 9
16 11 10 9 83 9 6
19 18 14 10 81 5 6
15 10 11 11 73 3 2
10 5 14 11 133 10 7
14 19 14 12 236 10 6
5 20 15 19 157 9 10
10 20 19 17 136 7 10
6 13 14 17 102 4 7
18 20 5 20 201 6 8
18 12 8 17 122 10 2
14 19 12 17 246 1 3
11 13 10 5 185 7 3
14 9 10 14 60 1 5
17 6 17 10 276 4 10
5 19 8 9 43 3 3
8 20 8 20 92 10 2
5 8 15 19 343 9 3
8 14 16 12 257 1 9
6 6 10 10 60 5 6
18 19 20 12 167 2 9
8 9 18 10 343 1 2
6 14 14 19 148 1 9
11 7 9 16 117 2 3
9 20 20 16 280 4 7
11 12 6 11 236 6 9
12 17 5 5 264 10 8
15 5 11 11 324 10 8
11 17 18 10 72 2 10
5 9 14 9 338 3 3
14 17 6 5 109 5 8
7 9 11 9 196 5 10
18 18 15 16 428 8 7
12 6 19 13 492 3 9
8 12 20 5 139 10 4
13 7 6 13 82 8 10
6 12 8 12 249 9 9
15 12 15 7 389 2 5
10 20 11 18 486 2 9
19 11 12 5 524 10 2
11 11 17 9 98 7 6
17 18 10 6 531 3 1
19 6 8 10 165 1 9
10 18 18 8 365 1 5
16 9 20 18 236 8 2
16 14 10 11 60 10 10
7 14 9 11 244 10 7
11 14 7 20 434 2 7
14 8 19 12 622 1 9
5 14 6 20 343 4 3
10 13 9 17 584 8 3
10 17 20 18 266 8 6
16 9 12 14 77 7 2
12 8 10 13 51 7 7
15 12 7 12 578 1 3
10 8 16 6 218 7 3
19 6 18 7 72 8 6
10 18 17 5 579 3 1
8 19 15 8 141 7 2
11 19 18 7 162 4 2
17 18 19 18 118 6 6
8 17 12 8 555 1 8
10 5 7 13 419 6 8
16 8 12 19 350 1 2
12 20 18 9 448 3 2
6 6 17 12 483 9 5
17 12 7 11 334 10 1
14 18 6 11 640 1 3
9 15 10 20 751 10 3
5 8 17 13 453 1 8
14 6 9 13 277 1 1
13 11 17 8 784 3 8
19 10 11 15 617 3 4
14 10 19 6 190 8 7
18 10 17 5 578 2 6
6 18 15 11 304 5 7
5 9 19 18 252 4 8
10 18 10 5 168 10 1
15 18 13 16 667 10 9
16 10 11 13 589 7 6
11 10 6 14 613 4 2
6 15 9 18 955 7 6
9 14 9 13 271 9 3
12 8 15 15 238 8 5
8 18 15 7 74 2 8
13 11 15 18 930 2 8
17 14 9 15 526 6 5
17 10 8 18 788 8 5
9 14 11 18 659 1 4
16 14 20 6 145 8 4
10 14 17 13 978 10 5
9 18 11 13 682 5 4
10 10 14 16 1106 10 7
7 20 11 10 686 7 3
10 10 16 10 206 9 5
19 10 8 12 555 10 10
12 8 12 14 541 3 6
13 8 10 6 650 2 6
14 9 16 17 497 9 1
5 15 14 5 891 5 5
10 17 5 8 780 3 8
9 17 12 16 810 3 4
20 8 17 19 884 5 4
13 6 13 9 1108 2 6
6 19 16 12 619 5 8
16 15 13 8 511 2 6
9 12 10 5 1181 10 9
15 16 18 17 130 7 6
9 15 18 14 1229 6 4
7 11 15 16 1033 5 2
7 19 19 8 1263 10 4
16 17 7 13 574 8 2
14 18 7 8 196 10 7
10 5 20 7 367 6 7
5 17 12 20 256 8 7
5 8 20 17 1209 3 10
15 14 9 14 790 7 1
15 5 14 11 441 6 9
14 12 8 6 327 5 6
18 19 5 14 340 7 1
8 9 20 14 215 10 8
12 10 10 16 746 7 6
9 16 18 17 499 3 1
11 16 18 19 420 10 2
15 10 6 13 1028 5 10
5 10 18 14 787 5 9
16 8 20 17 1149 5 6
10 9 12 6 1379 3 2
20 8 13 12 1125 8 2
6 14 7 10 831 9 2
17 13 18 14 1050 10 4
8 18 13 19 461 7 2
11 13 18 19 85 5 4
12 8 5 5 774 4 2
19 11 7 8 1505 5 1
12 19 19 8 1503 3 3
8 6 20 11 1289 4 6
10 7 20 16 136 4 8
5 8 7 14 1355 3 4
5 16 9 5 1051 1 7
5 19 6 5 542 4 9
15 7 5 11 209 3 1
6 8 16 11 1049 5 1
14 16 6 9 1002 5 2
9 12 6 17 208 5 8
6 20 11 8 1628 5 1
18 5 10 6 505 4 1
12 15 17 14 1495 2 2
9 5 19 11 209 2 8
13 5 7 5 1176 2 1
8 8 8 17 835 1 4
6 6 20 18 980 1 5
14 18 14 11 596 3 6
19 14 10 18 1719 2 1
18 15 16 14 466 3 3
15 15 6 18 971 8 7
20 10 11 20 1095 4 5
16 13 7 16 303 6 8
15 10 5 16 1536 1 6
10 20 17 8 725 3 1
13 12 15 13 1526 4 5
19 19 15 16 1391 1 7
17 16 13 20 1638 8 8
19 17 13 5 1113 1 8
17 19 13 15 1091 2 2
19 16 13 12 930 7 6
14 16 17 10 1190 3 9
13 17 17 19 1652 9 1
14 9 13 12 183 8 1
18 5 16 19 1438 8 9
9 9 6 12 704 6 8
7 7 10 7 116 9 10
20 8 11 12 1326 6 3
19 11 5 5 199 8 3
17 5 14 5 141 8 8
15 13 16 16 267 10 9
16 9 14 19 313 5 4
13 16 10 14 1626 4 6
11 8 18 13 1533 3 10
18 18 11 15 1932 5 6
19 11 18 18 1707 4 3
20 18 5 9 693 4 9
9 5 16 18 417 3 7
5 19 12 6 1987 1 10
20 14 6 5 290 6 8
20 13 20 16 1191 4 2
18 19 20 7 405 1 2
