350
83 39 50 49 226 10 5
11 16 100 46 189 1 4
35 23 24 9 94 5 10
17 27 3 15 68 2 3
99 1 42 38 185 1 4
17 17 32 52 121 6 9
19 8 100 71 234 8 1
35 74 56 85 252 8 3
3 18 60 2 87 7 9
27 99 27 98 263 10 7
51 78 63 86 289 8 5
62 80 40 58 284 4 7
18 49 86 23 208 10 2
100 69 34 77 315 8 6
67 67 48 41 257 8 1
41 52 46 78 221 1 3
38 32 90 49 248 10 10
5 30 49 95 194 10 1
17 29 97 78 257 5 5
62 39 3 47 151 8 10
7 85 55 53 235 10 6
95 92 83 70 374 7 6
35 14 27 34 124 4 2
14 66 34 7 128 6 5
34 74 41 2 153 7 9
34 13 98 95 259 7 9
80 16 82 52 272 5 4
61 68 22 35 200 3 8
65 24 11 13 136 4 8
6 25 30 37 101 9 6
42 40 70 59 247 7 6
27 56 63 33 211 7 5
8 50 20 76 162 4 2
79 20 26 72 235 1 9
96 72 9 75 284 1 4
100 32 71 56 306 8 3
72 30 52 31 195 4 1
43 92 18 76 237 9 3
92 43 35 30 210 9 1
76 4 98 27 205 2 10
7 2 5 5 23 10 8
64 35 39 50 225 7 4
44 56 43 74 229 5 7
3 58 4 53 128 7 2
30 1 86 48 168 1 7
29 37 3 8 86 1 4
10 78 91 30 227 7 7
89 69 64 16 279 8 7
66 96 78 33 313 6 9
50 56 25 51 187 9 4
18 39 35 79 183 2 2
22 41 19 45 134 4 10
9 58 36 15 131 10 8
52 66 69 88 319 5 2
9 63 17 33 125 1 4
55 50 4 24 151 1 1
94 81 7 82 301 7 4
46 76 5 76 214 2 6
73 17 23 33 162 5 9
13 76 47 86 255 7 7
55 1 20 19 111 3 8
68 88 26 3 186 9 8
62 19 23 74 209 8 2
57 57 5 17 142 6 3
35 51 24 31 149 4 3
19 90 48 32 220 3 5
50 80 78 27 250 4 2
41 86 19 98 291 3 4
48 99 77 80 307 6 5
95 65 71 79 345 8 7
81 99 83 13 299 7 3
33 63 34 89 221 10 7
98 35 79 6 260 2 1
72 34 67 48 223 7 6
52 34 19 20 129 1 6
72 38 75 3 219 3 2
45 14 48 47 181 4 5
97 28 32 45 202 2 1
36 33 50 47 166 6 9
94 18 3 1 138 10 1
17 42 65 95 252 7 10
52 84 27 66 236 2 6
76 19 23 69 223 8 1
5 86 97 71 309 10 8
50 56 13 98 247 10 1
27 39 77 24 199 4 3
82 24 71 7 200 5 5
58 46 26 36 198 9 8
35 59 57 9 180 4 4
40 49 97 16 233 3 3
16 3 14 90 135 9 2
67 58 62 33 232 3 2
66 85 42 8 233 2 2
29 59 31 74 217 4 2
25 74 11 61 177 1 8
22 89 72 41 264 2 10
52 9 47 79 195 8 1
73 43 65 26 217 1 8
57 37 100 7 227 7 8
91 18 34 41 198 6 1
61 92 3 24 189 1 2
56 67 42 61 241 2 8
66 52 86 56 310 7 3
39 21 17 43 130 4 6
61 10 68 78 254 4 3
59 8 51 41 161 8 5
50 14 83 89 260 1 7
47 65 58 8 206 5 1
19 82 93 100 336 2 4
46 57 55 26 186 4 8
59 44 10 64 197 9 6
56 17 75 16 174 2 4
52 34 79 42 242 2 3
41 65 75 28 220 3 2
65 22 64 14 193 10 7
15 100 1 77 231 6 9
88 99 20 21 262 10 1
69 53 9 11 166 4 7
67 88 19 54 238 4 2
26 94 80 78 300 8 9
30 66 65 94 286 5 5
30 3 58 87 181 8 8
26 98 72 80 285 3 1
30 57 27 64 192 2 10
2 98 68 37 227 10 5
43 66 69 53 262 7 8
39 29 16 81 182 4 7
57 91 94 87 392 1 8
91 45 75 64 309 2 7
96 64 44 3 232 8 3
87 35 36 5 193 4 8
9 56 86 67 234 5 6
11 26 69 57 196 1 10
9 88 100 75 307 3 1
59 65 52 72 271 10 5
46 53 95 55 278 6 1
19 7 77 20 131 2 4
45 66 47 50 247 9 7
34 45 56 38 200 1 4
59 90 15 78 267 5 5
40 4 30 73 158 3 1
49 6 80 70 219 4 3
10 56 1 97 196 9 9
58 70 5 84 231 5 10
52 37 19 93 238 10 8
42 85 56 39 259 6 7
15 33 71 5 141 2 6
48 23 26 61 167 7 8
34 81 89 6 237 9 4
2 6 76 27 132 5 10
50 44 32 73 215 6 7
68 18 32 54 174 3 5
57 8 100 11 188 10 5
80 53 83 22 266 4 9
49 55 84 31 221 6 9
33 80 25 92 255 2 9
96 2 99 37 261 1 1
64 37 65 8 187 10 7
13 89 96 45 261 7 7
47 98 57 79 334 1 4
18 66 96 26 247 9 5
49 42 9 41 163 9 5
77 28 52 1 164 2 3
51 65 18 2 147 5 1
33 54 59 29 194 9 8
85 15 85 50 277 3 8
18 84 77 19 214 7 1
9 27 67 46 166 4 1
70 15 35 15 152 1 9
72 20 49 86 227 9 8
12 75 28 87 212 10 4
45 91 95 9 273 9 10
22 54 46 38 173 5 5
18 8 2 98 133 8 8
61 25 6 52 169 3 8
77 78 26 16 219 10 4
12 59 90 63 248 5 1
75 36 86 67 267 5 4
21 48 59 83 214 6 10
66 93 79 43 323 3 8
44 68 10 35 186 3 8
54 56 18 85 255 9 1
90 72 60 10 242 5 1
50 22 55 47 192 6 8
100 49 78 70 346 2 5
36 15 62 1 125 4 9
56 2 86 90 255 8 1
91 69 8 20 200 8 10
62 94 1 94 269 7 8
83 76 81 4 288 7 10
36 38 99 52 253 9 8
81 37 21 30 198 10 7
92 77 28 52 262 4 5
48 6 85 94 234 1 7
23 22 52 50 168 1 3
60 94 51 74 317 3 5
20 64 8 32 145 7 8
95 98 6 1 207 6 6
48 31 72 31 183 1 7
34 37 33 33 137 9 4
58 74 42 12 207 7 10
27 57 30 59 179 3 10
69 29 12 89 230 9 10
80 39 78 5 224 1 4
7 32 6 81 142 6 10
100 99 63 84 350 7 1
60 98 76 9 282 3 3
70 30 78 75 287 1 9
98 81 78 78 340 7 8
40 49 14 30 140 7 4
69 21 15 23 150 9 2
96 29 74 65 274 5 3
14 63 61 4 153 4 1
7 25 85 92 227 1 4
11 35 39 74 173 2 5
52 41 41 50 195 2 6
92 31 1 38 173 10 9
74 60 4 77 230 4 8
24 20 34 54 142 2 1
97 1 98 50 250 10 1
32 66 57 76 248 7 6
13 20 21 56 132 5 8
42 68 38 58 209 2 10
73 7 55 74 244 4 10
56 51 1 96 226 4 2
22 77 73 23 204 6 7
93 29 56 12 220 4 2
34 65 66 5 180 4 6
19 26 98 25 187 7 5
42 74 88 53 300 8 8
83 1 26 79 196 4 5
32 93 31 33 222 8 2
15 12 52 76 181 3 9
74 98 74 52 357 1 10
85 67 60 47 281 7 6
34 32 13 87 187 6 1
95 90 75 72 392 5 3
54 18 1 44 127 2 9
49 4 9 14 89 1 1
54 54 84 31 245 9 4
32 68 4 31 146 10 7
53 66 16 92 265 8 7
43 26 2 46 133 8 3
96 12 77 92 279 9 5
28 70 81 47 231 8 2
45 33 43 17 156 5 9
20 93 6 61 212 5 3
88 9 13 76 209 1 6
77 43 83 59 295 7 2
91 75 93 30 309 6 9
78 86 98 64 341 1 10
14 48 91 86 255 9 5
69 88 6 6 174 1 3
94 82 14 88 283 7 5
50 70 36 43 202 9 10
70 2 97 74 263 4 2
12 59 16 21 118 2 10
49 81 72 19 237 7 8
72 53 52 100 324 7 10
14 70 36 34 184 6 10
71 99 91 40 316 9 1
29 76 48 36 222 2 1
10 19 49 4 90 1 9
36 59 71 92 270 5 10
72 25 84 61 242 5 8
83 57 37 100 303 2 8
89 13 4 62 181 1 2
86 31 26 89 257 4 1
4 72 16 72 186 2 10
59 9 23 26 128 5 1
78 48 96 76 330 7 8
26 27 69 44 168 4 4
56 31 59 83 236 5 4
38 44 77 40 231 5 6
88 80 91 38 343 10 2
56 85 76 55 302 10 8
32 59 20 51 166 6 3
35 91 54 69 269 6 2
32 52 35 10 131 5 1
84 25 99 40 262 7 5
2 6 82 37 145 3 4
17 50 46 18 156 2 1
31 42 48 42 179 8 7
37 18 46 85 204 4 1
41 54 78 1 191 10 3
83 61 51 58 294 5 8
68 68 87 27 269 5 9
39 25 55 61 198 8 2
64 95 26 73 292 6 3
41 97 24 81 256 9 8
29 78 65 50 242 5 3
76 82 64 50 274 8 6
76 41 41 40 207 1 9
16 46 85 31 207 3 10
3 88 64 52 229 7 9
29 39 81 78 245 10 7
17 36 21 86 161 1 8
34 95 97 34 273 2 5
88 57 78 22 250 9 8
97 36 60 10 219 1 5
88 49 77 44 293 3 2
17 73 3 38 131 4 10
52 78 51 42 243 9 1
28 74 64 98 266 10 5
35 45 31 91 231 9 7
46 93 93 18 258 3 9
69 57 79 26 261 10 4
68 28 11 88 207 1 4
22 92 64 89 320 8 3
53 44 74 58 243 7 7
73 97 43 46 285 9 10
50 36 49 67 210 5 5
1 41 66 29 138 8 5
29 15 98 58 213 1 5
27 30 73 99 271 7 10
27 5 35 17 89 1 4
60 53 46 79 270 10 6
77 36 16 7 145 8 8
62 22 100 32 251 4 10
94 12 96 34 261 6 6
34 46 50 62 213 6 5
83 40 90 93 331 8 6
90 88 42 45 281 10 3
3 39 23 25 98 7 10
61 57 90 40 295 10 7
73 1 38 59 181 5 6
63 63 98 73 299 5 6
59 39 64 67 264 5 2
55 92 35 46 263 5 1
18 34 54 37 161 6 3
24 37 21 16 112 8 7
74 70 30 35 250 5 3
28 39 89 45 208 2 9
76 41 33 82 245 4 6
33 87 90 25 249 5 9
89 48 65 74 317 9 7
11 90 61 96 294 4 5
9 16 3 60 94 3 5
17 83 63 12 195 10 2
97 76 45 47 297 6 3
44 86 91 63 340 10 2
39 87 50 73 295 6 1
75 78 68 16 239 5 5
34 64 7 43 162 2 7
61 31 51 47 218 2 3
91 36 1 12 150 9 5
45 72 17 93 264 4 6
4 47 40 38 136 6 4
44 47 98 31 227 9 7
4 37 96 54 216 9 6
