300
20 8 9 7 47 4 1
18 10 8 20 66 1 1
13 17 16 19 69 8 2
11 11 17 16 89 3 1
5 8 17 19 80 10 10
17 9 13 18 88 3 10
12 9 15 19 115 8 7
16 16 18 15 122 9 5
12 17 19 5 79 10 2
9 12 6 15 75 5 4
9 13 13 18 63 8 6
14 16 10 14 89 1 5
11 12 18 20 178 4 9
17 14 17 18 159 2 6
20 17 5 15 92 10 1
10 13 12 11 178 5 8
19 6 11 13 208 9 7
18 5 7 17 122 7 10
13 12 11 10 208 2 6
18 11 20 5 110 1 3
13 17 8 14 151 10 1
14 11 6 5 237 7 5
12 10 9 10 101 4 6
8 5 11 16 160 5 7
7 13 5 12 230 6 5
9 8 11 6 254 5 4
16 19 16 8 151 8 1
11 13 16 15 60 5 8
13 7 18 7 244 3 8
7 6 14 19 206 2 2
10 12 16 8 230 8 4
10 15 20 6 327 5 9
14 17 19 14 146 1 5
8 8 14 11 236 9 3
18 18 11 8 301 3 7
6 10 19 18 114 2 10
8 7 17 11 219 1 3
7 13 13 13 407 8 2
20 9 8 5 70 5 10
13 5 11 20 260 8 2
11 18 6 9 311 1 5
12 14 14 15 267 7 4
8 7 14 8 335 7 3
7 18 11 10 337 2 5
13 16 14 19 379 1 4
11 14 8 15 230 2 3
16 16 8 15 116 7 9
14 6 18 17 165 9 10
7 11 13 5 124 2 3
8 15 11 5 459 5 8
20 9 17 8 257 9 1
14 18 6 15 247 4 1
17 10 17 12 314 3 7
17 7 11 20 512 7 10
16 19 13 14 373 10 3
20 11 16 9 433 6 2
13 5 10 7 581 3 2
10 6 20 13 509 2 6
15 14 9 12 340 8 9
11 13 20 15 496 3 5
7 7 6 16 640 1 3
7 19 16 9 374 1 9
10 14 14 9 597 7 5
17 7 6 6 543 8 9
18 8 13 8 634 7 6
8 20 11 15 630 1 8
18 20 17 5 284 7 10
20 20 12 13 489 9 5
19 13 6 8 725 9 4
15 20 13 8 133 7 5
6 8 17 8 597 4 1
20 20 9 16 656 6 8
9 20 9 19 662 10 2
16 15 5 9 194 5 1
16 15 20 14 570 1 8
7 8 17 15 388 10 8
15 13 10 18 762 10 8
18 10 9 10 60 6 4
19 17 6 8 564 6 4
10 17 5 14 467 9 7
5 18 18 13 530 10 7
10 12 6 9 693 7 8
15 15 11 5 287 4 7
12 5 17 7 715 10 8
13 18 17 14 501 3 9
11 11 18 12 845 4 2
8 12 9 7 116 1 5
13 17 6 5 830 5 6
12 14 11 6 404 6 7
6 20 7 13 522 6 10
13 15 14 11 487 4 1
14 18 12 20 722 8 1
11 16 11 8 212 5 2
13 17 7 6 760 2 1
11 5 8 7 235 5 1
16 19 16 6 293 1 10
11 5 8 16 525 10 4
5 10 9 11 532 1 5
15 16 17 9 987 3 9
7 7 19 13 866 3 2
13 7 12 5 317 1 6
10 8 18 19 401 10 2
15 10 11 10 79 1 9
6 9 14 16 716 6 3
17 20 12 14 1056 6 6
8 11 10 7 115 9 1
8 20 8 5 112 4 10
20 5 8 7 509 10 6
18 8 9 8 209 2 7
17 6 15 8 803 4 5
19 18 13 20 883 5 1
14 8 14 12 189 10 5
8 16 18 9 1082 4 4
13 18 16 13 428 6 4
10 14 11 20 364 6 4
13 12 13 19 757 7 3
8 15 12 19 570 9 7
19 19 5 19 271 9 8
15 17 18 13 128 10 9
7 20 15 19 857 3 8
14 17 10 12 259 2 2
11 19 10 20 887 4 6
18 17 7 19 96 6 4
20 13 20 17 653 8 4
15 9 9 7 716 9 10
10 13 10 12 790 2 2
20 15 5 19 226 6 3
7 14 15 8 431 9 9
17 7 18 17 1054 5 5
15 6 14 7 943 5 8
10 14 7 16 1180 2 3
20 19 16 6 1320 1 10
6 9 14 16 402 7 6
18 15 6 6 112 3 9
19 12 9 10 235 10 2
5 20 6 7 115 4 3
14 16 10 9 1311 9 10
16 13 7 15 926 7 4
18 11 14 10 1095 5 1
16 17 19 20 1202 8 10
8 19 10 14 1137 8 10
13 6 7 13 1236 5 5
9 5 15 14 1144 7 10
9 11 9 18 1195 5 10
12 12 15 10 1352 6 6
20 18 18 6 1083 9 4
14 18 19 7 530 8 1
15 19 6 12 357 4 1
5 11 12 19 112 7 8
12 18 19 9 436 3 9
16 18 19 9 126 8 5
19 6 19 14 880 8 6
12 20 12 17 320 7 5
19 10 5 6 751 5 7
9 9 9 6 1454 9 7
13 7 13 9 66 3 1
16 13 7 13 1420 1 3
18 11 20 19 665 5 10
5 11 13 12 1243 9 1
14 16 18 16 1177 7 2
6 17 8 15 1251 1 2
6 10 20 17 678 3 5
8 13 5 15 1249 1 7
5 17 6 16 345 10 7
6 8 9 7 1361 1 9
14 17 12 10 403 10 10
6 15 11 8 65 2 1
15 6 8 5 1666 3 4
13 15 13 7 418 4 6
16 13 17 9 368 4 5
6 11 16 6 641 5 10
14 8 15 9 1498 1 4
15 14 11 9 452 7 5
13 9 8 5 942 1 5
17 5 12 11 1716 4 9
18 11 6 10 444 2 4
6 20 5 6 1067 3 10
8 19 13 9 556 1 1
13 19 14 16 1429 5 3
20 14 6 13 1772 4 7
10 5 13 19 234 5 9
20 5 18 18 1403 1 4
11 14 5 12 1558 7 6
11 16 12 20 726 1 3
10 12 12 14 1603 7 1
16 19 15 11 1642 1 7
11 10 12 14 767 10 6
16 13 19 8 837 9 4
7 6 12 15 1364 5 7
7 10 7 5 267 8 6
15 13 19 16 862 2 9
15 8 17 14 429 5 10
15 6 18 17 516 3 1
12 13 12 18 559 10 2
14 8 11 5 1201 7 5
6 17 19 20 1789 6 4
8 18 6 10 1295 2 8
8 13 14 12 169 7 3
15 12 18 12 1346 5 7
5 11 11 15 1368 2 2
14 9 12 8 494 10 2
16 9 7 8 500 9 8
10 7 18 6 1582 10 2
6 6 7 8 1019 7 7
5 11 7 20 1540 7 1
5 7 5 8 273 9 9
19 18 15 19 2067 1 7
7 14 16 18 1567 9 10
17 8 14 17 165 1 10
6 14 19 12 489 3 5
9 10 8 10 1802 3 7
13 9 18 20 2172 4 3
17 15 13 7 590 3 3
10 12 13 13 1586 2 3
20 17 16 6 696 4 1
8 9 17 14 1728 9 9
14 13 7 20 1290 10 7
10 20 19 20 1021 1 9
13 6 15 17 1519 3 5
8 5 16 5 844 1 5
9 10 12 11 223 8 6
8 9 5 9 1890 1 4
20 5 6 8 2161 8 2
13 8 17 20 59 5 2
9 13 13 15 1980 9 7
5 16 17 5 594 7 6
10 14 20 14 720 8 8
16 12 6 10 2118 4 3
16 5 11 14 873 6 7
9 19 11 19 209 6 1
12 6 9 18 870 9 8
16 7 18 10 781 6 6
7 12 16 17 2100 7 1
18 15 18 13 175 10 2
12 18 8 8 1597 7 1
10 5 19 12 1158 9 7
8 10 18 13 66 4 10
8 20 7 5 2308 2 8
12 18 14 11 936 6 2
14 14 5 10 2148 8 9
15 13 15 15 1117 5 1
16 14 5 17 1190 9 1
18 19 15 20 1170 9 2
20 17 12 5 2153 1 10
16 7 12 13 462 7 9
17 20 17 9 2247 9 9
19 17 11 15 394 9 4
6 13 15 19 2325 10 9
9 20 8 14 162 9 3
16 19 15 15 2154 3 9
7 17 14 12 1188 5 7
5 8 7 12 1385 8 8
6 19 18 8 1207 9 3
17 16 11 5 851 7 2
14 19 11 16 1864 9 2
18 19 18 13 937 9 10
9 6 19 16 1665 9 7
20 11 8 13 272 9 3
8 9 7 6 1511 1 1
11 11 17 5 642 2 8
14 17 20 13 1260 10 7
8 18 13 6 1653 1 9
16 16 17 8 2223 9 6
5 11 10 7 500 8 5
5 10 20 13 492 2 4
19 5 17 6 429 4 6
20 13 16 19 651 9 1
18 9 7 15 2684 2 3
14 18 20 13 347 2 10
12 17 14 14 147 4 1
17 20 8 10 464 2 3
16 13 8 8 740 3 6
14 10 5 12 2423 7 1
20 13 18 19 906 3 7
9 9 20 12 1455 3 6
17 20 9 7 2011 5 7
17 15 20 6 1533 7 6
17 19 7 15 2388 5 3
5 7 7 16 582 9 9
13 15 15 7 833 6 9
15 11 12 12 1038 4 6
8 9 9 9 2207 8 2
11 18 7 13 1702 3 7
18 15 8 15 2262 6 4
18 8 9 8 1420 9 9
17 9 13 5 732 2 10
20 13 18 15 103 4 4
18 6 16 13 2201 6 1
20 12 5 8 1812 5 9
20 9 12 7 536 5 2
11 5 5 8 1723 8 6
15 7 9 16 2797 4 1
19 16 11 8 1897 7 8
12 6 9 14 1384 4 4
11 8 10 13 1270 1 7
18 18 16 16 409 10 6
5 9 6 17 2569 5 6
6 16 5 10 1076 3 4
15 13 15 6 92 8 10
12 16 13 6 2470 7 1
