350
9 12 20 6 47 3 4
11 13 10 19 66 8 6
6 12 8 14 63 2 1
8 15 13 6 68 2 3
10 19 20 8 58 6 5
14 13 6 10 97 9 9
5 9 14 15 107 8 1
11 12 7 10 53 7 1
16 8 18 13 99 8 5
17 18 13 19 69 5 8
13 14 10 10 156 5 6
20 9 18 13 131 9 8
19 7 7 11 48 2 1
19 7 5 19 71 6 10
12 13 5 10 143 7 9
16 9 10 17 212 9 6
8 15 12 9 47 3 5
16 12 20 6 162 10 7
20 12 17 8 138 6 10
16 18 15 8 120 9 7
9 9 10 7 95 10 7
19 11 9 17 157 4 5
13 5 13 9 103 1 10
11 12 14 7 78 3 5
13 19 17 18 201 10 9
20 19 5 18 219 8 8
14 8 5 13 117 8 4
10 12 6 10 88 4 9
10 9 8 15 311 2 3
13 12 20 9 255 8 4
20 20 7 20 178 2 2
11 10 12 18 74 4 3
9 17 9 10 158 9 4
7 18 11 12 78 3 4
5 10 6 12 199 1 3
5 8 16 10 236 8 2
16 20 5 18 285 5 1
14 6 5 16 84 8 10
10 15 7 6 94 9 4
8 18 5 6 216 1 8
18 16 18 13 304 6 9
5 12 14 17 417 10 4
18 19 16 16 112 4 10
20 7 6 8 276 1 9
11 8 8 13 427 10 1
16 9 17 8 150 10 10
5 7 18 13 468 7 6
14 10 6 6 86 1 2
13 16 9 15 443 5 9
19 12 19 17 179 9 6
20 7 6 7 170 8 5
8 13 14 15 173 8 9
10 8 5 11 133 5 5
8 20 14 9 527 5 8
18 6 9 17 471 2 3
19 17 20 8 591 10 5
18 9 12 10 324 2 6
12 8 10 12 455 9 9
9 19 12 5 118 5 3
16 20 20 6 470 2 9
13 5 5 10 428 4 6
19 11 11 13 328 4 3
9 18 10 17 202 4 1
14 19 11 13 491 7 3
18 12 14 10 523 5 1
17 15 12 9 190 8 7
11 18 10 19 591 10 2
16 5 17 6 262 10 3
17 13 19 5 494 5 6
18 15 5 19 580 7 7
8 12 5 13 257 1 3
16 17 15 8 58 1 5
16 5 12 12 680 5 10
15 20 5 18 290 3 10
11 12 10 14 314 10 2
7 11 11 7 303 9 6
15 13 14 5 621 1 10
11 8 11 17 331 4 10
10 16 14 19 198 4 4
14 6 10 6 760 10 8
6 19 15 6 667 3 9
10 6 15 9 517 6 5
7 7 11 16 187 8 6
6 9 12 11 805 1 3
10 20 6 6 732 4 7
14 11 8 10 771 7 9
19 11 12 8 534 4 8
14 12 7 20 258 7 8
6 7 8 6 865 9 4
20 6 15 13 573 9 5
5 14 12 13 954 9 4
19 15 11 18 785 9 3
12 15 17 6 487 6 7
14 6 9 9 525 2 1
15 8 10 10 230 6 7
5 19 5 15 605 2 10
7 17 14 13 715 7 9
18 11 13 15 827 4 3
8 18 7 13 461 6 3
15 6 14 12 654 4 2
12 18 7 9 873 5 2
9 10 13 10 1051 3 3
20 5 19 19 394 10 7
9 15 18 13 340 6 6
12 10 9 11 804 4 4
9 18 20 13 836 3 2
17 8 13 18 1104 5 2
10 6 15 12 298 5 7
19 18 10 7 1133 4 5
7 5 20 6 88 3 8
7 9 9 9 709 9 10
16 9 7 14 866 1 2
16 5 14 8 237 9 6
14 19 5 6 68 7 3
8 8 18 7 470 6 4
6 12 15 17 644 10 1
16 11 5 10 624 3 9
16 11 17 10 981 6 10
11 19 13 13 959 6 5
8 8 14 20 222 10 5
10 19 17 15 946 8 5
8 9 13 18 1105 5 1
13 18 16 16 822 1 4
14 13 20 7 243 5 6
16 9 5 13 975 9 4
8 6 8 17 236 6 9
14 19 15 18 1206 1 9
5 11 20 9 59 2 6
14 18 9 15 1267 9 4
13 11 20 19 537 3 9
15 7 20 20 864 9 9
18 10 7 5 674 3 8
16 16 6 14 532 9 3
17 14 18 20 1100 10 2
13 15 15 11 1095 4 2
9 20 11 18 208 10 8
19 14 6 9 1010 8 10
6 13 5 13 527 9 9
18 8 17 17 720 8 5
13 8 20 12 850 2 3
11 12 7 15 884 3 2
5 15 12 14 473 2 7
6 15 12 11 658 3 10
17 10 20 5 178 9 6
17 18 12 5 1323 8 7
6 9 20 14 576 7 6
11 15 10 17 965 5 7
18 14 6 6 1258 6 1
8 5 15 14 1181 7 3
5 8 6 17 929 5 3
6 16 12 10 1445 1 5
10 16 14 5 647 7 1
20 15 16 10 1484 8 5
14 18 18 8 1414 6 2
19 8 9 11 193 1 3
11 5 12 19 963 5 10
12 15 5 5 1547 3 1
20 18 9 6 567 8 10
14 20 9 18 452 4 6
15 15 6 12 83 3 2
17 7 7 14 1152 4 3
16 6 18 20 1275 2 2
12 12 7 11 305 7 1
6 8 7 9 1413 7 6
12 12 5 5 1283 2 1
13 17 5 5 156 6 9
9 16 20 18 938 1 7
10 19 20 13 1203 5 10
10 7 18 18 1420 10 8
16 16 6 18 415 1 7
5 20 19 15 727 7 10
6 6 16 11 1595 4 4
14 16 9 12 1074 7 9
12 13 11 5 310 6 10
14 12 15 11 474 7 4
6 9 13 14 244 6 2
18 8 19 18 1183 7 1
17 11 14 5 399 9 2
11 7 5 18 1808 1 9
11 12 9 8 1018 4 3
13 7 15 9 1327 7 8
7 6 8 15 925 6 3
19 17 14 19 1673 10 8
20 14 7 18 356 10 9
16 19 17 20 1777 3 10
14 11 8 17 1644 7 10
8 11 15 11 485 9 5
7 17 15 5 123 10 3
6 16 13 5 506 4 4
12 9 6 17 1686 8 4
11 19 17 16 1595 9 4
12 16 6 19 377 10 10
19 20 9 9 1757 1 7
7 7 20 10 1464 5 4
14 13 6 9 1484 8 4
8 20 11 19 524 10 2
13 13 8 13 1532 3 1
8 10 17 19 190 2 6
6 12 11 17 1074 10 3
18 8 11 12 412 3 8
17 6 17 20 968 9 1
19 15 6 9 1943 2 6
15 18 19 8 1840 1 8
7 8 8 18 1202 2 1
13 15 8 20 401 9 9
7 15 20 14 1234 2 7
17 11 19 20 1723 5 1
5 19 5 13 309 5 9
6 7 13 5 751 7 8
12 7 17 13 1517 6 2
20 12 14 11 1219 7 7
10 13 15 12 1691 8 2
16 16 18 20 659 2 5
15 10 7 5 1394 2 4
11 8 11 8 1077 1 7
8 9 16 17 817 2 5
9 10 8 19 1939 10 6
7 8 15 13 833 7 7
15 18 6 16 842 7 9
7 18 10 6 1265 9 2
9 19 15 18 304 7 5
10 20 19 17 301 2 7
6 7 19 7 752 10 3
19 13 15 5 1340 10 4
12 13 9 16 2173 10 3
6 10 18 13 2035 5 6
16 19 16 16 1783 2 5
19 5 10 10 1292 4 8
6 19 8 12 654 6 8
7 20 20 5 396 4 2
14 10 18 6 2147 7 9
19 11 17 20 240 6 7
14 12 15 16 1906 2 6
12 16 13 13 379 7 6
18 10 10 12 2029 1 4
12 11 18 12 1658 10 10
17 20 5 12 1100 9 2
7 12 7 6 324 8 6
15 15 14 19 2037 1 8
19 9 7 11 1156 10 6
9 15 9 13 1565 8 2
12 15 20 16 1461 5 3
13 18 18 9 1195 2 5
18 19 5 13 1602 7 6
13 19 8 20 1952 10 8
11 9 5 6 1399 1 9
14 8 15 14 387 9 6
13 14 11 18 1836 5 5
16 10 6 18 980 4 8
7 14 14 14 1314 9 6
8 15 16 7 270 5 6
8 7 16 9 872 3 5
20 18 10 9 2349 9 1
10 8 7 17 2003 9 2
6 14 20 5 742 4 9
15 20 7 10 1310 4 3
10 5 13 14 493 7 10
19 9 9 15 1759 8 9
13 8 16 15 1961 9 7
15 8 8 11 2489 1 5
19 9 17 11 2398 10 3
18 12 14 9 1099 9 1
16 17 5 18 2101 8 5
13 6 18 8 767 10 9
8 10 20 9 1616 4 3
18 19 7 19 1417 2 6
7 11 8 15 1855 8 1
6 9 19 20 1225 3 9
7 10 14 10 607 1 9
8 8 18 20 2406 5 6
5 12 14 19 1910 10 5
10 20 9 17 811 2 1
19 7 13 6 1156 6 4
12 17 19 20 621 2 5
11 12 6 9 1055 6 9
12 9 18 5 2008 8 6
11 12 9 9 1527 10 2
16 12 9 17 163 3 8
6 15 11 10 2767 5 2
18 19 11 6 2613 5 1
7 13 5 20 2737 5 9
5 9 18 13 2353 7 7
7 6 12 13 1398 3 8
14 18 5 7 1898 5 8
20 20 11 8 2874 2 2
16 15 17 11 1417 10 1
10 13 14 10 2345 3 7
12 16 6 8 248 1 6
15 17 9 9 1487 5 10
10 20 19 7 2151 7 1
20 15 11 12 835 1 2
12 7 7 16 1258 8 7
5 5 16 11 1047 8 1
20 12 11 13 842 4 6
15 12 8 16 366 2 5
19 11 8 17 2327 3 6
11 20 9 10 2360 8 3
11 15 16 10 1572 3 4
6 12 6 8 1346 9 5
19 6 10 7 1927 10 10
13 14 8 6 2291 3 10
16 19 12 16 1083 10 10
17 6 17 13 742 6 5
16 9 12 15 699 8 6
10 17 20 6 943 5 1
17 18 14 17 1472 6 4
10 9 10 19 106 1 5
15 20 18 19 2866 8 8
5 15 20 12 2306 7 10
16 18 8 5 1149 10 5
8 7 16 9 2124 2 2
12 14 17 15 1141 10 2
5 12 14 11 379 3 6
14 17 9 11 1469 4 8
10 12 14 16 920 3 2
19 18 6 20 1062 1 10
20 13 16 5 1986 8 6
20 10 6 18 1735 9 6
6 13 19 9 621 4 5
5 19 5 19 2971 6 7
8 10 20 20 1187 8 10
12 19 14 14 86 1 3
12 19 8 10 2228 6 2
20 7 12 5 2534 7 4
19 17 16 8 1740 10 9
18 10 6 18 2628 2 9
8 10 19 15 720 2 3
10 14 9 7 381 9 1
12 11 13 9 1043 5 10
7 6 17 7 1469 7 8
8 18 15 6 962 4 1
8 16 15 18 3315 7 10
14 8 11 7 1106 1 5
13 5 18 16 2873 2 4
9 16 13 6 1694 2 10
18 6 20 17 3019 6 10
14 13 16 8 2617 3 7
12 11 7 17 1040 3 10
18 20 11 7 837 6 9
14 16 20 12 794 3 2
14 13 5 20 194 5 5
16 9 19 16 257 4 9
19 20 17 17 3026 4 6
15 17 11 6 72 1 5
7 5 6 9 3472 10 5
18 10 17 14 2182 4 2
6 6 14 12 1831 2 8
13 13 19 6 2245 10 4
11 16 9 8 3124 6 4
8 9 7 6 821 3 8
