500
17 19 19 8 66 4 5
10 20 10 20 76 2 8
14 5 15 18 66 7 5
17 17 17 15 102 4 1
10 10 13 17 69 3 8
7 6 15 16 82 9 2
19 9 13 11 73 1 4
10 19 12 11 57 9 10
17 8 19 9 74 7 5
5 19 5 15 93 8 7
15 10 11 9 136 8 10
11 14 10 13 91 6 7
16 15 7 10 116 8 3
11 9 5 8 51 9 10
7 8 9 5 47 10 6
17 5 16 10 69 3 5
19 13 15 18 180 3 1
15 9 11 16 107 8 3
16 12 10 14 155 2 9
16 16 17 9 222 3 2
17 5 13 5 238 3 6
18 5 9 13 67 10 6
13 12 16 8 198 8 1
13 13 6 15 277 6 4
19 7 6 14 294 10 2
16 7 17 9 134 1 8
8 18 14 6 171 8 5
10 8 9 12 90 5 9
11 20 13 7 191 1 4
6 19 7 18 55 3 8
20 19 20 11 71 7 6
20 15 16 19 123 9 7
13 13 9 16 116 9 10
11 19 18 13 237 6 2
6 5 13 11 377 5 5
16 15 9 6 92 10 2
11 11 5 14 108 9 8
20 16 14 18 141 8 1
10 19 13 5 273 4 1
9 12 14 11 266 8 2
15 11 20 19 467 5 7
17 5 15 7 123 3 1
8 8 15 20 125 4 3
11 7 7 9 43 3 1
9 20 11 17 261 1 8
13 5 18 16 198 7 3
18 16 18 11 493 2 10
6 15 7 18 170 7 1
18 19 13 12 529 5 5
7 17 15 5 409 7 10
9 18 13 20 464 2 2
11 17 13 8 99 9 9
10 6 18 15 207 6 3
19 5 20 18 230 3 3
10 17 11 14 275 4 6
7 19 14 9 263 1 4
8 9 13 16 305 5 4
13 17 17 9 300 8 8
7 13 7 7 601 4 1
9 20 19 12 326 3 3
12 19 5 15 599 1 10
17 5 10 18 556 10 6
20 16 16 16 128 8 4
8 5 7 7 390 10 6
15 19 15 6 304 9 10
9 14 7 16 91 8 2
11 16 16 16 679 7 2
13 7 12 12 534 9 7
8 17 11 10 145 1 1
8 6 11 8 676 1 7
8 20 12 5 318 1 8
8 12 20 20 224 10 7
10 10 20 8 538 1 1
7 7 19 9 697 1 1
6 16 13 16 595 10 7
20 7 11 19 391 6 10
10 8 12 5 759 10 8
17 17 10 11 431 6 6
10 17 19 12 344 8 8
13 10 10 15 820 9 5
12 5 7 18 92 9 7
17 18 12 15 225 6 4
13 16 13 19 166 4 5
17 7 9 16 839 2 5
6 5 9 12 756 9 10
5 6 11 6 200 9 9
18 20 18 18 298 2 8
18 20 7 5 777 1 2
14 7 5 17 188 5 3
11 20 9 20 194 1 9
10 14 16 5 638 4 4
10 16 9 19 839 8 5
10 18 19 13 443 4 6
8 14 12 10 278 9 10
9 5 9 11 299 4 9
13 7 12 12 476 7 3
20 9 20 10 384 4 10
9 14 12 8 503 9 4
15 13 17 7 759 4 5
15 10 6 9 66 10 7
7 20 13 12 458 5 2
8 11 6 10 80 2 1
19 6 19 16 221 9 9
10 18 13 19 669 9 9
12 6 12 12 582 7 9
20 15 11 20 825 2 7
9 12 16 20 900 3 8
17 20 8 17 186 5 5
6 6 17 13 186 10 6
7 17 7 12 719 7 8
11 10 20 15 82 10 3
12 10 14 20 694 9 8
8 9 6 18 1085 1 8
5 8 7 15 771 6 6
5 14 8 13 813 4 4
12 9 10 6 763 9 6
6 5 10 14 888 8 4
7 12 7 18 88 6 7
16 18 11 11 707 9 10
13 19 7 13 303 3 9
5 10 20 18 1165 2 4
9 6 10 6 333 3 4
8 5 13 11 931 7 1
14 17 10 13 942 3 8
7 13 8 17 288 2 8
11 6 5 10 1238 9 1
15 11 16 5 448 6 3
17 9 18 13 366 9 4
6 18 20 12 95 4 1
13 19 7 14 661 4 5
10 18 18 12 1030 1 10
16 15 13 10 554 6 10
7 10 16 9 334 6 1
13 5 13 15 532 10 9
8 18 8 19 104 3 1
18 19 17 9 196 9 7
12 10 8 17 89 2 2
20 15 5 20 1384 6 3
18 7 19 5 127 5 1
14 7 15 11 1373 7 4
9 17 20 11 1009 2 2
20 7 12 8 480 10 5
10 17 14 5 748 4 8
16 7 9 7 482 4 6
10 12 15 13 770 5 9
5 10 16 15 1436 5 1
17 18 19 19 836 9 3
8 6 9 5 1283 8 5
12 5 19 10 1331 8 10
8 20 10 15 914 7 2
11 20 9 9 534 6 5
5 11 14 10 1275 3 10
8 18 16 13 1083 7 9
20 12 13 6 889 7 2
16 19 19 10 1192 9 3
10 6 7 15 773 9 8
20 10 7 19 872 8 6
16 6 12 5 1433 3 1
13 20 11 11 299 2 8
11 18 12 17 420 1 6
14 20 8 14 396 4 2
5 9 17 19 1435 8 5
11 10 8 7 1385 7 8
11 7 16 5 992 3 9
5 13 8 17 1198 4 10
6 9 16 16 886 8 7
6 18 17 6 98 1 9
13 10 5 11 953 9 1
12 19 16 18 1481 10 2
18 9 7 13 742 4 8
12 15 19 8 916 5 7
14 10 19 7 628 8 3
5 5 15 11 564 7 2
12 9 15 8 1385 1 8
6 10 15 17 767 8 9
10 14 7 10 198 6 7
15 5 17 14 1733 9 6
10 8 5 20 1507 4 6
5 16 16 9 1742 7 8
19 8 20 7 1403 3 6
18 18 8 15 951 3 5
7 13 7 8 1428 4 2
13 11 20 16 1800 8 8
6 10 9 19 955 6 5
10 5 10 17 330 5 5
13 6 20 17 452 3 10
14 19 10 16 935 9 6
17 18 17 9 1247 8 6
11 13 17 8 966 3 4
16 18 11 14 1709 4 2
12 13 9 8 703 6 8
19 6 16 10 235 7 6
7 20 16 8 130 7 5
6 7 8 10 1608 8 6
16 7 17 13 480 9 6
18 10 18 11 1608 4 3
6 8 18 14 1872 4 1
7 9 10 11 1776 2 6
19 19 9 8 1440 6 4
8 9 17 19 716 5 5
9 20 15 12 1377 3 7
20 7 6 6 703 1 10
10 9 18 14 535 1 6
6 10 6 6 1218 7 3
20 16 17 6 1527 6 4
10 10 8 18 2101 9 10
17 9 17 5 1498 7 6
13 9 10 6 372 9 8
17 7 13 5 1898 5 1
18 19 19 8 330 1 8
19 5 13 17 1350 4 10
7 13 15 6 1227 6 5
18 16 17 13 922 10 6
9 17 20 9 2074 7 9
8 5 16 12 1405 3 7
14 10 9 18 850 2 7
10 5 5 18 1446 1 2
6 8 15 7 1494 10 6
8 11 9 14 1235 7 4
12 8 6 14 767 10 7
6 14 11 11 318 7 3
11 15 8 17 1100 10 2
15 17 14 7 1420 6 10
13 9 10 14 1128 3 8
13 20 16 5 128 7 7
19 11 20 6 1630 5 10
18 14 10 15 1417 1 10
19 7 11 18 362 10 9
18 12 18 10 326 5 2
6 20 6 15 2007 3 8
18 11 13 10 1363 8 4
15 12 14 5 989 3 6
8 19 9 12 845 8 6
10 6 16 11 261 10 3
19 12 5 5 190 10 3
17 7 10 8 2078 8 2
14 7 6 8 93 4 3
17 10 20 14 759 5 1
17 17 14 13 741 5 3
18 16 8 7 760 8 4
9 16 12 17 1295 5 9
14 14 11 19 221 9 1
13 15 19 8 2429 4 1
6 10 11 5 2389 4 4
20 6 14 19 259 8 7
7 11 13 10 994 2 9
17 12 9 11 361 6 9
7 12 5 12 919 2 8
7 20 15 5 2222 10 4
10 15 14 19 494 4 3
17 16 6 8 309 4 9
15 19 6 15 2314 7 10
18 17 13 10 1014 3 5
16 18 9 11 516 8 1
5 16 8 9 1324 9 8
11 15 11 7 268 1 10
15 16 8 9 2471 4 8
20 8 11 15 413 9 2
5 8 16 13 1194 2 7
17 18 12 20 2377 2 1
6 16 20 5 1442 3 2
13 8 6 7 1304 9 2
20 20 9 6 129 7 10
5 12 8 15 1157 6 4
18 15 20 8 835 7 7
14 20 20 19 351 9 2
17 6 5 5 958 9 5
17 7 5 11 827 9 8
17 17 10 18 2341 5 4
8 10 8 15 1255 5 6
19 13 18 15 534 4 5
7 13 5 12 111 4 1
6 11 12 20 1875 9 3
12 11 17 16 916 1 8
16 15 8 7 1526 6 4
18 6 7 7 547 10 10
7 13 6 8 1225 3 7
20 11 7 8 526 4 2
10 20 19 13 1116 2 2
5 5 6 9 797 4 6
14 10 12 17 282 3 9
10 9 9 17 2546 4 6
15 11 8 20 2345 10 6
6 6 12 13 1874 7 9
16 13 10 19 2040 4 2
16 19 18 11 1278 2 1
19 16 5 14 652 6 2
14 18 16 8 2715 8 7
5 13 16 13 1211 6 5
16 9 7 18 1366 7 8
10 16 17 7 1828 5 7
5 17 14 18 224 5 4
19 17 10 16 2213 4 2
16 16 20 8 1102 8 4
15 8 16 6 2567 4 10
8 13 5 16 143 7 3
6 7 12 20 1890 3 6
8 19 6 19 2752 8 5
6 15 13 13 1461 9 2
14 18 5 11 2148 4 1
5 13 6 20 1920 1 6
5 6 20 7 867 5 1
13 15 8 16 477 5 3
5 20 8 8 2119 4 4
6 20 19 13 361 1 7
14 8 16 11 1852 10 8
12 16 20 15 2859 9 1
12 15 7 18 1083 1 8
13 6 10 7 1721 5 10
5 11 19 6 182 4 10
8 9 18 9 2446 2 1
14 6 16 12 2774 2 1
19 9 17 20 2313 2 10
19 8 19 11 2200 8 5
6 15 18 14 367 10 6
16 7 7 8 739 4 6
16 13 7 13 2893 9 2
10 7 5 7 952 5 9
8 18 20 7 2360 1 10
11 16 11 17 2005 10 2
9 18 17 7 946 2 2
20 15 19 17 2830 4 1
7 5 20 19 2828 6 9
11 7 11 20 1761 5 10
16 13 11 7 2188 7 7
7 9 20 16 1481 4 9
11 12 11 5 2413 9 7
17 8 5 15 388 1 4
17 9 11 13 2925 8 1
15 11 7 7 985 6 6
6 12 19 20 2517 1 2
17 18 10 9 2646 3 3
20 18 16 10 873 10 1
13 7 12 19 2903 5 5
8 10 11 6 3261 8 2
9 6 11 6 1202 9 2
19 8 8 9 340 5 7
8 20 12 16 1159 5 4
16 15 10 15 1563 6 3
10 6 5 18 2332 2 5
16 13 8 12 1071 10 8
19 18 15 7 959 10 3
16 7 17 8 3397 9 10
5 8 14 6 2089 8 5
18 5 17 12 3482 1 3
5 15 11 19 877 2 7
7 14 8 18 2465 6 7
18 10 11 17 2052 8 10
9 12 14 16 2511 10 8
19 8 18 19 3036 8 2
11 7 9 20 2293 6 1
15 9 8 18 3148 7 8
17 6 8 9 513 7 9
6 12 11 7 584 6 1
9 18 19 13 2955 1 5
8 11 12 9 684 8 7
14 13 13 5 424 4 1
19 14 6 16 2154 1 1
15 6 8 17 1875 8 9
7 5 18 17 501 8 10
8 8 13 7 1318 6 10
12 6 18 13 1582 8 10
6 10 12 12 1787 4 10
12 10 7 5 3329 5 10
15 6 17 10 2959 3 8
16 14 14 19 3381 2 2
12 11 10 17 2215 1 1
5 8 15 18 1819 3 4
13 9 15 18 3594 9 9
15 20 10 15 2840 5 1
13 18 15 11 3172 8 4
14 8 18 11 382 9 2
14 20 18 18 3005 10 2
20 20 13 7 2567 4 2
7 20 10 19 686 9 9
17 7 7 5 1453 9 7
14 13 10 8 1348 3 4
6 12 9 9 1305 9 8
14 12 5 16 3006 7 7
16 10 13 10 3770 10 3
16 20 7 16 2777 7 2
16 5 11 13 3497 9 8
12 17 12 9 3240 1 8
10 14 10 7 3136 8 1
20 11 19 7 410 8 7
6 5 16 17 304 10 7
5 16 11 13 2918 7 7
11 14 13 13 3323 1 7
5 16 18 13 792 4 10
10 12 20 8 2564 7 1
7 14 17 9 631 3 7
6 5 16 15 3346 10 3
5 10 13 8 2185 10 4
5 6 5 19 3590 9 6
19 11 6 8 3650 1 5
11 11 17 13 1324 10 8
16 12 7 18 2083 4 1
17 15 14 20 1680 2 6
8 14 8 13 3049 8 9
14 12 12 19 822 10 9
17 15 20 15 2945 5 6
16 10 7 11 379 1 1
12 9 17 5 1090 8 6
10 8 10 16 2096 10 8
8 6 10 18 2935 5 2
19 5 8 7 2521 7 7
12 20 6 10 2376 8 8
14 16 14 5 3750 3 5
9 16 20 5 2360 3 4
15 18 8 8 1753 2 10
20 6 15 16 3121 2 9
15 5 19 20 2042 7 5
7 6 6 20 1516 5 1
17 18 12 7 1889 4 7
6 15 15 6 3428 10 2
18 12 7 19 698 1 10
11 13 14 10 1163 7 2
17 11 17 19 1350 2 8
15 9 18 20 1462 6 2
12 17 12 12 2603 10 1
12 18 20 13 2022 9 5
7 8 12 9 1068 2 9
17 10 12 18 1006 3 8
14 11 15 14 2176 6 1
13 6 18 17 2988 5 8
19 6 13 9 2404 4 7
15 5 16 6 3915 9 8
15 14 15 6 2632 10 10
16 18 8 8 3089 8 1
7 5 9 12 4275 7 10
12 17 17 12 2029 9 2
19 12 18 7 2952 3 10
11 6 11 7 1150 2 1
8 6 14 5 2279 1 7
8 15 8 7 3531 3 5
10 18 10 20 107 1 3
13 7 18 16 4312 8 6
15 15 15 20 111 8 5
5 15 20 8 4172 7 10
19 19 19 13 2001 5 10
14 15 20 6 2741 1 1
19 10 5 16 4058 4 7
14 20 20 10 1744 9 1
13 13 7 9 1483 9 5
18 11 5 5 2991 7 4
10 18 7 5 747 5 8
17 9 11 10 3927 2 2
18 18 19 18 2253 10 5
16 15 11 19 2524 5 5
6 5 15 18 1397 1 6
18 6 7 5 1973 10 7
20 19 6 18 1872 4 3
8 6 16 11 4071 4 2
12 14 12 12 2082 6 1
19 12 5 7 2489 7 6
5 20 14 12 2723 4 9
8 5 17 17 3325 6 10
9 20 9 7 3228 6 10
7 13 5 14 4493 8 6
5 7 15 16 2749 1 7
10 13 12 11 4387 8 9
11 6 5 8 2985 9 1
8 8 15 9 1171 10 9
12 20 5 14 2264 10 8
11 16 13 20 3874 7 10
13 9 13 10 1984 10 8
8 20 16 5 709 1 8
5 13 20 7 3597 6 1
19 8 19 9 2920 1 9
13 11 17 17 3378 6 10
7 9 5 16 2620 7 6
11 6 16 8 2928 9 6
16 7 9 10 1304 4 4
5 12 14 19 2277 10 7
20 7 17 12 2081 5 4
16 19 10 12 948 5 3
13 16 6 19 236 2 8
9 11 12 11 2453 5 7
11 16 6 16 57 9 2
20 10 18 17 1648 5 7
5 15 16 13 1987 2 7
20 7 12 14 3371 3 2
11 8 15 18 1357 5 4
13 9 20 19 4713 8 3
10 6 6 13 3063 6 8
13 12 15 6 720 2 6
17 17 6 6 425 1 9
9 5 8 12 3217 2 6
17 5 13 5 4070 8 5
6 20 16 14 2961 10 4
10 17 9 14 425 6 8
8 19 7 19 584 6 5
9 12 5 12 1570 4 1
6 18 20 7 614 6 9
11 18 18 9 1245 5 7
9 17 9 16 4460 3 8
12 10 12 13 4963 6 9
10 13 14 7 896 2 5
7 6 18 7 3691 2 6
14 9 19 9 3649 5 8
