350
20 39 96 96 281 10 9
64 86 58 67 323 10 8
93 50 29 73 274 10 7
66 77 60 62 294 7 7
80 90 97 64 334 8 8
23 38 3 8 72 9 2
1 22 37 9 76 8 8
73 26 8 28 153 1 2
67 32 3 79 186 7 3
33 48 21 22 147 9 8
98 87 60 92 345 8 9
86 76 8 20 224 2 10
78 70 2 30 192 10 6
77 63 42 82 308 9 5
99 41 16 44 219 10 2
84 49 11 19 196 6 7
95 35 23 63 219 5 9
24 37 3 81 170 9 8
53 17 91 33 207 2 6
19 39 46 1 106 3 7
2 47 83 80 236 1 7
18 30 35 37 127 8 9
16 19 25 85 163 2 1
19 86 38 8 163 6 8
2 89 86 98 279 3 10
100 95 78 14 337 6 2
98 19 85 36 256 3 4
9 38 84 21 179 3 10
95 44 80 75 332 1 9
14 3 14 91 137 7 10
3 87 26 86 238 1 2
42 51 6 84 212 10 2
44 14 3 16 79 4 2
19 86 77 34 226 10 6
72 56 27 26 204 7 10
17 96 67 71 290 8 5
46 45 30 32 174 5 9
79 96 18 77 275 6 4
22 82 59 81 282 2 7
94 9 11 92 209 4 8
21 97 3 25 161 9 6
25 2 19 4 52 5 10
97 94 16 53 277 8 3
92 47 72 44 276 10 9
76 95 38 53 287 2 3
34 23 13 93 190 1 9
95 9 70 6 182 7 5
50 85 29 65 267 3 6
60 48 57 96 284 8 1
10 82 50 67 218 1 1
81 81 42 75 305 4 9
45 80 73 52 298 7 8
33 87 94 80 327 9 5
29 49 65 74 222 2 6
51 98 45 47 250 2 4
79 45 73 62 279 6 4
35 8 68 66 184 1 1
84 97 49 59 292 6 1
68 23 99 66 291 1 2
44 81 37 100 312 8 1
31 56 60 48 211 8 10
21 53 28 36 162 10 10
3 37 88 38 188 10 9
26 28 61 84 234 3 7
39 18 34 14 108 3 6
33 48 59 1 169 7 3
65 52 45 57 250 8 4
97 72 3 98 308 4 8
39 11 70 1 145 5 4
72 86 43 54 289 4 8
80 85 69 67 322 2 4
22 38 88 100 296 2 4
17 61 70 89 272 2 3
93 100 9 37 251 10 7
39 24 90 93 270 4 2
83 80 92 11 273 5 10
88 36 69 42 268 1 2
47 90 67 2 244 1 2
22 47 96 63 266 9 7
88 84 37 40 288 10 7
33 81 81 48 266 10 3
80 60 63 4 208 8 5
16 29 4 57 114 7 10
35 84 15 49 215 4 3
93 98 8 35 249 4 9
64 53 73 66 298 9 9
5 22 86 74 221 4 8
28 85 10 14 159 8 9
47 90 97 93 352 10 9
39 45 3 86 197 6 8
85 68 63 35 280 2 9
64 48 92 9 248 6 7
14 45 55 5 131 10 3
12 25 21 49 128 6 3
80 86 16 36 226 7 8
15 98 16 77 235 1 7
20 70 76 53 262 9 6
31 45 87 15 182 4 9
48 96 95 45 317 4 9
28 57 52 53 215 1 5
36 94 38 2 175 4 2
95 88 3 60 287 1 5
47 91 84 42 265 1 10
77 52 32 38 232 2 5
51 40 68 82 276 10 2
74 32 74 96 331 7 6
23 55 46 23 167 9 3
69 60 63 17 251 1 3
56 23 78 36 229 6 7
18 16 100 41 191 10 6
52 96 43 43 236 4 4
36 87 65 35 257 8 2
95 33 47 90 276 9 10
44 34 82 46 225 3 9
79 28 68 86 276 7 7
46 51 87 53 247 10 2
32 56 85 34 222 1 8
25 22 83 85 239 10 6
78 58 42 84 313 3 7
60 67 18 21 185 3 7
43 70 10 93 249 9 6
51 83 51 94 331 7 1
36 54 18 49 157 4 8
68 58 83 1 223 1 3
80 87 26 65 267 2 7
68 62 24 68 263 3 1
66 19 71 9 195 6 5
49 99 44 84 325 3 2
73 100 77 42 321 7 2
57 53 93 64 301 5 2
34 98 67 90 344 9 2
54 31 4 65 161 3 3
59 93 77 34 314 10 7
44 66 93 21 251 5 5
35 1 13 74 132 9 6
85 22 77 31 240 3 9
32 54 79 90 293 10 9
22 86 1 90 237 8 9
77 67 51 98 318 9 7
82 47 67 17 233 2 7
80 82 10 92 304 3 5
39 23 76 95 269 10 8
17 89 94 81 309 1 10
84 27 64 21 212 10 7
21 68 40 33 169 1 4
95 36 56 99 294 4 4
95 28 49 82 280 8 10
52 51 67 36 238 8 3
17 57 10 34 124 6 6
84 52 16 38 192 6 7
72 6 71 5 157 9 4
45 78 11 63 197 5 8
44 16 91 3 171 1 7
65 85 93 34 283 8 10
39 14 70 29 171 9 9
84 100 22 55 281 2 6
25 96 82 93 321 2 9
6 75 68 47 201 5 1
26 96 21 71 241 4 6
81 20 33 2 146 5 5
39 78 64 64 259 5 5
90 89 59 53 308 6 7
67 25 63 41 204 9 6
32 16 8 98 185 2 10
70 25 20 72 223 1 4
11 37 100 72 252 1 9
95 62 65 12 255 2 3
80 8 33 16 153 2 7
88 24 99 12 251 6 7
29 1 27 90 149 9 9
72 50 40 40 220 3 6
92 39 43 87 309 8 9
28 52 6 92 193 1 8
18 74 65 67 226 3 7
5 15 48 96 164 4 8
83 49 70 3 205 4 4
2 4 29 91 138 9 7
27 24 14 97 189 3 3
94 61 9 82 249 8 1
95 81 80 69 326 5 4
47 40 9 85 188 7 3
91 79 53 38 286 3 1
10 69 39 67 189 3 3
21 35 49 56 181 10 9
100 17 32 65 236 1 10
57 27 10 89 185 7 6
44 63 41 51 235 5 10
33 67 10 78 204 6 4
38 13 29 16 110 9 2
15 92 55 45 216 3 6
89 15 68 70 286 10 8
99 90 80 55 340 7 8
88 94 22 24 243 9 1
39 98 3 26 172 6 1
76 90 9 82 287 9 4
31 85 86 90 350 4 6
84 77 16 100 323 6 1
35 17 65 79 233 7 6
72 72 59 6 226 2 4
51 86 17 73 260 3 6
51 81 16 52 206 5 7
74 100 74 51 314 3 5
68 48 90 96 360 9 9
11 43 92 54 201 5 3
88 55 52 42 273 6 1
24 86 6 78 202 8 2
71 68 39 2 195 3 6
23 3 58 40 133 6 10
48 40 49 80 233 7 4
69 95 42 93 349 3 3
95 89 19 99 309 4 1
45 94 42 95 317 7 9
64 14 50 34 179 7 5
78 29 11 37 173 6 3
90 60 35 8 201 5 3
54 99 91 21 277 6 4
77 43 53 17 194 2 3
47 7 33 35 127 10 7
35 31 51 2 121 5 8
4 26 46 58 144 5 3
66 41 36 21 191 8 10
25 6 97 43 190 1 7
29 87 12 96 263 4 2
34 34 100 27 203 3 1
45 7 53 13 132 5 1
31 4 93 64 196 9 3
86 85 7 92 284 2 8
48 45 77 28 203 3 8
84 77 46 29 261 4 9
75 46 21 65 217 3 2
69 57 31 6 182 2 2
8 28 56 49 167 3 7
89 43 67 3 231 7 9
7 13 38 49 128 9 7
67 31 71 91 269 6 9
50 98 38 33 223 4 8
30 59 32 32 184 4 8
8 97 57 85 283 4 6
27 44 36 35 155 3 7
34 83 54 16 187 10 6
61 12 99 30 218 4 1
63 86 88 97 369 9 3
23 76 33 59 207 6 9
86 63 44 60 298 5 2
30 12 87 19 158 7 7
59 90 91 92 376 1 2
41 85 87 6 236 6 7
97 8 54 23 202 8 8
91 9 14 51 198 1 8
95 53 84 6 251 3 3
76 94 4 1 190 1 7
27 97 50 84 280 4 9
12 84 65 81 282 1 7
63 39 46 37 212 6 5
12 20 75 3 110 1 5
43 63 54 36 200 2 9
14 58 7 79 165 3 4
1 98 59 30 207 10 10
32 64 30 71 203 4 10
10 100 66 57 246 2 6
77 27 57 13 175 5 4
94 33 22 88 271 5 10
6 1 16 44 80 7 6
51 93 46 52 269 6 9
28 26 50 93 204 8 4
91 41 63 26 257 6 7
99 95 87 33 340 8 4
17 38 11 67 151 9 2
4 55 21 25 115 7 6
59 53 64 8 216 10 8
32 45 28 22 144 2 2
21 49 44 28 145 10 10
30 30 26 11 101 6 4
78 52 51 91 274 3 9
9 28 29 85 152 1 10
29 10 51 37 127 6 7
51 35 78 48 226 5 8
60 57 20 48 213 9 8
20 83 92 37 261 1 5
98 17 98 25 260 4 3
27 65 93 44 255 4 5
22 37 58 96 234 4 7
97 19 92 37 284 7 1
2 56 88 73 254 7 6
41 1 94 38 182 6 10
98 100 21 8 227 2 4
79 36 50 99 294 5 8
85 13 41 96 238 2 8
52 26 68 78 245 10 1
67 84 69 37 275 7 1
97 59 82 8 266 2 3
32 71 77 84 290 5 4
3 29 65 14 115 8 9
98 47 31 12 201 9 4
47 13 20 83 196 10 7
10 48 71 50 195 5 4
67 18 51 50 187 1 10
10 32 51 39 153 9 6
100 83 90 35 333 6 8
21 85 19 47 202 8 9
20 71 19 87 228 7 3
94 67 2 83 277 8 10
46 63 87 22 230 6 3
27 50 14 3 113 10 5
29 18 27 1 81 10 2
47 4 14 43 118 4 5
53 35 32 79 228 8 5
100 59 62 57 319 4 4
78 76 31 85 315 9 1
63 16 89 30 199 3 9
59 40 25 51 178 7 6
64 19 100 12 219 2 10
45 50 9 51 167 3 8
21 55 11 4 91 7 1
64 57 92 25 278 7 4
15 45 8 27 109 10 5
93 22 89 82 324 6 1
36 62 33 1 154 6 6
54 42 43 98 282 7 1
6 92 71 67 248 10 8
60 63 72 9 236 8 2
15 25 68 30 149 8 3
67 87 69 66 330 5 4
17 95 11 59 208 7 1
20 21 29 24 102 4 6
66 26 45 24 188 9 10
1 67 64 94 248 7 3
86 76 7 7 189 5 8
79 40 12 17 163 5 10
75 86 81 9 264 4 2
81 65 67 85 307 10 8
61 83 2 41 195 3 9
64 80 91 73 350 9 6
27 85 35 2 166 10 2
47 77 91 26 257 4 9
32 14 30 62 159 3 3
14 15 50 86 167 3 6
35 93 13 86 228 9 8
96 10 29 30 165 9 6
71 71 91 65 314 1 9
3 16 89 53 182 6 5
29 53 2 85 196 6 5
37 78 33 7 155 4 8
49 58 94 30 254 8 3
92 17 94 62 291 4 10
84 53 10 51 221 9 5
10 11 57 96 206 10 9
30 29 36 83 203 8 5
32 81 91 3 208 9 5
91 49 55 76 304 4 7
