450
39 74 80 37 242 7 2
6 100 84 52 263 10 9
24 18 95 98 241 4 10
5 91 40 91 266 5 8
49 25 92 43 219 5 8
59 32 38 82 232 8 5
85 7 22 28 144 4 9
63 38 41 27 188 8 5
16 87 8 3 129 10 3
71 90 65 49 311 3 5
59 21 72 4 181 5 4
22 1 61 16 104 6 4
78 39 60 66 279 7 8
67 21 47 55 208 4 1
33 31 43 17 146 3 4
27 100 27 86 251 2 10
13 30 34 60 164 2 1
54 36 30 59 201 3 1
99 60 67 10 246 1 9
16 40 20 3 86 1 6
68 50 8 61 203 1 5
25 15 94 30 186 8 9
44 32 21 53 170 3 3
32 81 72 16 220 6 8
10 82 28 24 151 9 8
24 45 54 22 167 3 8
1 12 13 95 130 8 2
19 47 56 42 182 8 10
90 60 27 91 305 2 10
49 46 95 17 219 10 7
17 74 71 50 212 4 10
30 14 69 61 201 10 8
16 25 19 11 76 3 1
98 6 47 79 248 3 8
43 55 81 24 210 4 7
48 31 95 3 190 9 10
82 20 75 56 258 4 3
17 3 71 64 183 6 9
47 58 92 50 270 5 9
3 74 41 2 132 9 9
67 49 84 11 225 1 10
76 39 79 9 211 4 5
13 16 35 4 79 5 9
56 20 15 67 158 2 9
15 89 56 13 202 9 9
73 96 100 5 291 8 8
29 77 52 41 216 10 2
29 35 3 34 105 10 3
79 15 52 32 182 4 9
70 42 31 69 248 3 10
61 4 96 81 249 7 7
59 84 97 77 366 9 10
88 25 52 47 224 5 3
9 89 41 91 234 4 10
46 87 30 43 231 4 9
62 20 47 92 234 7 5
17 22 80 25 164 1 5
7 95 74 72 286 9 6
13 49 51 94 211 7 3
57 75 67 89 321 1 8
48 72 37 94 297 4 10
72 19 41 89 225 5 9
10 80 93 60 254 10 2
44 80 40 64 251 8 3
48 54 24 55 193 8 10
75 48 2 16 157 6 2
66 2 82 14 174 5 9
93 76 13 95 287 1 1
6 46 6 70 153 2 6
5 8 53 13 90 3 1
24 19 46 66 164 2 7
12 50 6 77 151 5 9
29 10 62 45 151 8 8
64 57 30 30 214 4 4
85 81 24 61 265 8 5
41 98 22 39 207 9 3
72 52 25 84 272 4 9
14 14 25 45 110 4 6
39 31 30 45 164 8 2
36 58 73 58 261 1 3
60 20 58 12 168 5 3
44 70 68 11 205 9 1
62 58 21 61 227 8 10
34 13 90 79 226 8 4
15 1 50 67 152 3 9
95 61 83 86 379 1 10
31 68 88 85 281 5 5
26 71 49 93 239 6 2
73 14 84 7 178 3 3
73 59 57 29 258 8 10
11 76 6 91 193 10 2
93 17 35 99 268 8 9
15 22 53 19 125 3 5
3 25 56 62 157 1 8
79 13 2 18 124 8 2
82 94 55 97 358 1 6
57 19 55 70 209 10 8
26 36 85 13 187 9 10
60 59 5 59 203 9 2
43 1 39 8 103 9 2
100 17 64 31 229 4 5
99 98 15 46 296 1 7
20 2 93 2 127 1 1
48 39 99 36 251 4 7
23 59 38 69 209 1 5
17 89 49 58 235 6 6
31 96 64 35 243 8 4
96 84 81 23 313 7 2
76 96 42 20 239 10 9
42 68 19 62 191 3 4
86 11 89 2 204 4 7
31 82 83 39 267 1 3
51 80 99 38 302 7 8
57 53 34 100 253 5 1
40 65 55 70 263 8 1
13 58 20 90 199 7 2
28 55 25 48 166 8 5
64 61 9 53 211 4 1
99 21 68 82 310 1 5
8 37 82 36 165 1 10
72 99 20 87 281 6 8
93 19 52 20 215 8 6
99 97 5 97 342 9 6
85 77 99 8 323 3 2
92 21 58 29 203 4 3
49 30 17 55 176 6 4
40 96 95 99 339 10 5
30 20 33 62 170 9 10
44 99 63 73 287 5 10
84 49 32 45 236 3 8
40 59 72 66 246 10 10
99 17 5 70 225 9 8
60 27 60 61 212 4 8
68 89 57 8 248 6 4
74 69 58 78 307 1 9
4 57 10 15 101 4 3
3 51 75 36 173 3 9
75 93 4 44 247 6 3
77 81 91 95 346 6 1
39 12 94 85 272 9 6
41 95 87 45 317 4 2
83 21 44 93 270 8 9
12 90 68 88 300 7 7
67 70 78 60 286 6 6
92 5 26 77 236 5 2
98 56 23 38 237 10 5
73 15 6 45 155 4 8
34 31 86 80 257 6 4
87 95 34 9 239 5 9
52 94 88 63 319 1 7
63 17 92 93 303 1 1
58 31 10 79 190 1 7
82 89 23 69 297 3 4
46 60 3 50 168 9 6
25 84 64 55 267 5 10
66 9 61 38 203 5 10
21 56 27 79 213 9 6
60 19 20 69 178 4 7
16 82 48 30 177 6 8
50 30 15 36 139 7 5
25 7 71 3 122 3 6
73 92 88 31 331 2 10
52 56 83 76 313 8 1
10 13 76 85 213 10 5
79 39 7 95 224 5 3
6 9 89 1 106 8 9
79 35 15 24 164 8 6
38 49 96 20 220 9 1
43 61 66 63 254 10 7
89 60 1 16 177 9 5
7 34 43 59 151 3 1
32 93 3 1 145 2 1
34 69 50 35 190 7 8
34 11 47 71 194 5 3
74 40 67 9 217 8 8
61 60 32 89 252 3 5
26 62 32 72 212 9 6
24 17 93 65 222 1 2
1 72 37 51 184 2 4
23 62 83 44 243 2 9
68 67 53 38 248 4 2
77 95 52 10 255 5 6
14 14 99 92 240 2 9
21 100 12 8 146 4 7
32 40 40 15 142 9 8
56 35 37 70 236 7 10
86 28 30 31 207 2 5
31 57 51 43 208 6 8
75 11 53 88 262 1 10
91 44 53 90 309 1 7
4 85 57 15 193 7 7
80 76 98 6 294 8 7
11 84 27 94 235 3 2
70 89 96 12 271 1 10
32 85 38 47 238 1 8
32 66 95 11 244 1 9
80 91 85 47 346 6 7
75 55 32 15 200 2 7
75 84 60 28 289 8 8
22 81 17 58 184 4 2
99 90 40 56 303 7 4
68 56 93 1 233 7 1
17 49 33 47 170 3 4
14 58 39 70 208 6 10
54 43 84 82 275 9 4
14 27 31 5 92 7 1
11 3 8 15 42 9 3
27 95 10 90 266 5 5
27 32 29 8 105 2 5
20 97 21 9 173 1 6
27 26 96 72 254 1 5
62 64 25 66 252 7 5
98 85 33 54 277 4 4
69 98 54 28 285 2 4
58 63 21 97 268 3 10
64 11 26 81 206 5 4
84 13 62 60 246 4 10
36 66 13 38 171 1 3
32 33 39 85 199 3 6
55 63 39 4 174 1 9
60 11 40 83 227 10 4
90 84 74 57 330 4 8
89 39 21 71 241 4 10
78 24 82 25 214 9 7
78 37 2 31 178 6 4
70 95 9 93 282 7 9
42 33 30 78 208 3 7
11 6 46 31 103 10 8
73 71 80 46 277 1 8
15 69 79 44 208 6 7
58 40 31 24 153 3 8
58 65 40 21 218 10 10
60 81 19 21 210 1 4
51 30 47 15 148 8 6
87 53 57 79 322 7 2
40 59 45 35 190 2 8
6 98 42 31 188 9 9
10 56 85 15 174 5 3
28 96 61 7 222 8 1
95 14 28 40 200 4 4
52 54 13 10 151 6 5
63 28 17 11 136 9 5
88 48 46 89 302 9 6
50 40 6 56 165 3 10
98 74 48 5 238 2 8
14 77 93 61 293 2 1
39 45 27 88 229 9 10
60 11 19 9 101 2 9
19 70 59 6 178 2 5
19 7 48 86 175 4 7
48 84 93 62 312 2 9
3 83 28 91 236 8 7
24 21 99 39 187 8 2
2 63 99 72 240 5 5
82 79 1 64 262 2 10
68 7 18 69 184 3 10
72 47 33 72 231 2 7
26 34 22 100 195 9 7
74 77 67 37 288 7 5
93 66 59 2 225 2 10
72 43 44 77 266 1 4
44 70 37 10 189 3 10
39 99 14 67 226 9 6
63 36 96 57 280 8 7
78 27 1 37 145 3 5
72 51 54 18 230 5 8
34 29 89 43 216 3 10
49 93 65 40 277 2 3
59 81 71 81 329 6 10
67 51 46 36 237 10 8
36 78 80 16 217 4 5
100 58 52 65 288 7 5
97 52 85 40 316 9 1
32 63 41 27 189 8 2
49 57 65 81 278 10 9
46 94 28 94 290 7 2
44 27 51 67 221 3 8
85 4 79 83 266 9 6
20 49 67 59 216 9 6
51 1 25 76 179 7 6
68 1 60 19 166 9 3
39 95 2 61 229 2 4
15 72 9 78 208 1 6
29 36 26 83 189 7 10
41 31 93 82 268 7 6
66 72 55 41 270 5 10
5 63 35 62 198 1 4
35 43 86 84 272 4 9
34 24 81 96 245 6 10
72 59 45 16 227 4 8
85 92 91 31 346 8 9
25 61 80 89 278 3 4
48 90 87 62 333 4 1
31 94 25 98 259 9 2
29 93 58 87 270 6 7
91 42 96 70 302 2 5
82 74 95 3 257 8 5
7 39 36 17 110 10 8
34 68 60 45 222 10 2
58 54 66 32 235 8 1
51 82 42 10 192 4 9
95 90 85 24 294 5 3
7 75 84 75 268 8 4
64 76 74 95 368 6 2
44 53 87 55 264 4 7
19 20 14 41 96 4 4
80 35 66 6 193 6 6
100 12 90 92 315 6 9
41 58 28 42 171 7 7
21 82 95 19 251 1 9
61 73 90 30 289 10 9
45 91 34 51 250 6 8
15 57 57 45 197 4 5
52 100 19 95 307 10 2
10 9 96 81 210 1 8
31 95 95 52 278 2 1
81 39 37 25 204 10 4
32 13 4 85 152 9 8
65 51 63 83 269 10 5
49 98 93 65 339 1 5
94 78 75 6 297 8 1
33 27 24 92 197 9 4
76 12 76 88 285 6 9
75 2 38 47 181 3 3
19 7 52 24 113 7 8
76 69 33 61 287 5 7
73 71 94 41 292 6 5
44 96 9 46 216 6 7
51 10 86 46 226 4 5
90 83 61 22 279 10 10
63 98 77 59 299 4 1
74 77 47 91 289 9 10
25 8 78 61 191 10 8
72 7 54 50 196 8 4
97 35 51 3 214 4 4
35 18 11 98 179 7 10
7 14 60 31 131 2 8
43 27 44 94 248 7 9
50 14 99 95 264 1 1
86 90 26 55 302 10 5
61 35 37 1 144 10 4
15 35 96 88 273 9 6
66 32 86 77 270 2 8
19 56 26 1 116 4 7
66 68 36 25 200 2 8
14 56 63 48 186 9 1
16 7 94 82 207 5 4
77 51 78 83 304 10 1
32 62 33 71 229 2 9
91 76 28 27 257 7 3
10 78 79 85 298 7 7
36 78 44 52 244 9 10
56 17 34 52 177 10 4
58 24 79 94 289 7 9
91 8 35 84 245 3 4
69 17 7 59 163 2 9
85 56 37 84 314 5 8
25 28 68 70 195 7 1
36 78 70 36 230 4 3
71 71 72 37 261 10 10
92 25 90 85 299 5 5
89 50 96 26 311 7 1
21 82 59 69 261 9 6
6 28 17 92 153 1 9
21 18 100 72 236 10 2
31 96 46 77 288 9 2
75 2 58 63 236 9 6
60 16 5 37 120 7 7
26 65 45 78 222 4 3
92 89 89 88 374 6 9
3 61 90 15 202 4 7
16 9 22 34 83 6 2
58 62 51 15 219 9 5
26 29 1 21 83 6 2
69 93 81 33 315 4 6
83 5 87 9 195 5 3
12 96 73 27 217 4 3
81 46 83 21 236 7 1
53 24 80 63 242 3 9
63 78 8 34 193 6 8
30 100 46 76 288 4 4
26 81 79 18 221 7 10
41 11 94 60 234 4 5
69 21 80 32 225 4 6
11 54 84 13 186 5 8
72 35 23 83 243 9 3
2 87 11 13 129 8 8
48 97 67 23 236 5 1
98 16 5 27 156 8 3
74 5 98 55 255 4 10
75 3 99 95 292 8 6
54 92 94 67 334 2 1
68 54 99 78 302 5 5
71 26 25 1 132 5 1
66 10 63 34 192 9 7
96 73 64 34 318 4 7
70 66 4 39 180 4 9
94 45 38 98 319 1 8
81 75 99 90 406 6 1
33 65 14 77 211 2 2
8 64 57 6 162 3 10
66 70 79 67 329 8 3
8 69 46 5 143 3 10
40 33 30 26 148 10 10
84 51 77 75 301 4 5
86 16 10 98 229 8 6
9 20 72 30 141 2 10
35 30 16 22 105 7 8
3 77 19 14 123 7 4
30 57 26 51 173 9 6
30 92 39 83 272 5 6
93 64 40 87 318 10 7
87 15 86 74 266 1 9
89 98 22 28 260 3 9
73 60 73 82 301 1 2
46 37 37 35 166 1 4
6 30 49 10 112 2 10
16 47 10 1 74 2 6
37 22 26 79 172 10 3
8 51 58 22 140 3 2
94 59 17 50 255 2 2
32 56 63 11 190 6 1
63 1 91 27 200 4 8
21 18 71 16 135 7 2
94 9 24 72 201 8 2
37 61 25 11 152 9 2
28 79 75 87 321 6 3
79 27 50 56 234 10 10
94 18 48 11 184 2 8
47 73 33 71 233 7 8
24 79 7 76 199 4 9
99 48 88 72 352 1 7
91 83 90 5 305 8 6
39 93 99 51 321 10 9
29 14 35 81 185 9 8
13 4 1 4 25 8 6
28 68 63 64 268 2 3
45 83 96 65 304 4 4
34 94 20 79 244 5 5
45 30 10 60 165 7 8
70 99 81 11 266 9 8
11 6 20 61 108 9 9
28 50 60 75 222 2 9
2 50 42 46 155 1 1
30 5 75 92 214 9 3
70 26 98 92 326 4 10
77 77 47 53 261 1 1
61 63 49 1 181 2 8
49 91 57 72 317 5 9
94 12 36 53 208 2 8
