100
55 68 41 37 219 8 1
28 58 87 8 217 1 7
44 1 100 81 244 3 8
8 68 83 67 268 9 5
12 61 16 75 184 5 6
64 78 44 28 242 3 10
53 35 57 16 175 4 7
52 57 66 68 245 4 10
85 43 18 2 177 6 8
24 89 7 60 206 7 10
73 10 5 16 112 8 1
54 55 69 7 217 10 10
18 21 55 99 196 10 1
99 91 94 50 388 6 6
53 61 16 3 144 8 10
87 100 15 19 231 2 4
14 88 90 30 234 2 10
29 35 99 31 213 9 4
22 46 19 92 206 7 8
66 91 58 39 260 4 4
24 88 22 84 256 4 5
16 97 26 63 220 5 10
84 89 88 28 292 7 8
49 30 74 69 226 2 8
59 71 40 45 248 10 4
67 69 21 28 190 5 1
82 63 24 62 269 1 8
95 11 99 70 329 1 6
42 66 42 62 214 1 2
34 63 7 64 187 1 3
16 41 63 75 218 8 9
24 57 1 27 109 2 7
2 90 88 38 233 8 8
59 5 20 64 150 10 7
77 34 89 86 298 3 2
37 35 31 15 127 3 10
77 74 67 42 263 10 6
12 79 20 76 188 6 8
81 31 32 88 259 6 6
26 87 62 18 195 2 8
46 77 71 18 219 5 5
81 11 47 36 198 8 8
95 76 24 15 220 7 10
100 67 33 6 209 9 3
10 27 25 49 111 7 6
42 70 39 42 215 1 5
72 56 33 28 219 2 4
60 8 82 10 178 5 2
51 55 32 18 177 10 8
27 44 1 68 152 5 7
72 25 93 14 229 6 9
98 74 47 77 345 7 10
98 69 66 58 293 10 6
64 100 90 64 376 9 3
39 3 69 81 221 1 10
71 4 76 30 209 5 2
76 55 88 69 306 8 3
30 67 89 96 296 10 1
83 56 8 38 199 3 10
59 25 86 87 264 8 9
20 39 54 45 188 5 2
4 4 35 92 153 9 7
10 71 47 72 209 8 4
66 61 33 23 196 9 2
100 76 18 50 277 6 10
63 37 16 41 178 5 9
94 13 55 1 165 4 7
89 77 49 46 289 1 5
42 24 34 2 111 10 3
48 51 96 59 289 7 6
38 52 16 70 184 6 2
4 88 99 89 331 1 6
73 80 12 77 287 8 1
60 5 81 23 189 2 4
17 87 50 10 193 9 3
27 100 24 7 171 5 4
45 27 7 51 143 9 1
38 30 55 46 176 8 9
95 40 37 6 210 9 3
61 82 46 75 305 4 8
59 9 75 66 215 6 1
61 23 81 80 267 1 2
64 70 75 73 304 10 1
67 54 94 54 284 3 9
1 22 65 77 186 5 5
15 2 52 11 81 6 5
54 60 93 94 324 10 3
62 46 17 12 137 10 2
62 47 23 1 153 4 3
85 64 33 70 256 1 2
69 65 4 35 177 5 8
40 81 64 4 212 4 4
59 35 68 8 184 9 2
44 44 82 98 307 9 1
95 28 35 89 284 1 3
70 74 78 67 327 5 1
81 80 13 39 256 10 8
78 97 47 13 259 3 9
74 11 18 28 153 7 10
35 69 9 5 138 7 5
