50
87 84 28 46 266 5 4
77 36 68 74 264 9 1
63 52 90 58 280 8 7
70 29 63 97 265 10 3
52 43 68 34 208 4 6
98 5 1 96 220 2 10
55 56 75 22 241 8 3
58 58 8 90 257 4 3
63 12 64 51 225 7 5
32 19 20 96 167 7 2
98 50 51 57 264 2 7
69 38 92 91 339 5 5
74 64 43 32 220 1 9
6 20 31 23 92 3 4
33 40 51 98 257 8 9
47 23 18 2 99 4 9
9 70 53 50 212 6 2
13 88 26 10 146 7 8
22 36 8 72 149 2 2
21 76 83 54 251 9 1
75 30 50 60 241 8 2
34 4 22 89 159 9 10
57 86 97 75 339 4 7
59 2 59 23 153 8 5
33 55 17 47 172 3 3
9 91 69 46 254 3 8
11 16 44 46 128 9 2
41 80 55 73 265 2 2
32 45 12 90 206 8 8
6 5 95 69 202 8 4
52 34 31 40 170 6 4
2 51 99 17 191 7 4
54 97 15 55 229 3 9
65 47 62 7 207 4 9
74 27 66 89 261 9 1
72 95 19 21 212 5 8
54 28 81 83 275 8 4
45 56 71 69 244 3 8
62 8 24 27 145 9 1
23 7 34 80 165 9 4
77 58 8 55 202 3 1
42 59 75 78 292 10 8
95 91 77 97 382 7 1
60 84 84 39 312 3 3
16 53 60 95 259 9 6
69 17 100 77 309 3 6
65 69 15 57 219 7 5
57 14 43 48 192 4 7
86 19 85 95 296 3 3
39 98 55 94 329 3 3
