300
17 69 22 34 143 1 3
39 45 95 42 242 7 6
59 9 33 45 154 4 9
86 84 99 20 296 7 9
34 5 3 49 100 3 10
78 61 77 33 290 8 6
36 3 16 84 146 5 2
24 67 89 11 211 2 2
60 33 68 10 195 6 4
38 39 69 66 251 9 3
16 20 12 55 112 5 2
11 65 77 62 257 5 2
75 75 16 86 283 8 10
85 37 14 64 204 10 5
91 45 44 29 225 9 9
2 12 58 15 100 2 4
77 73 57 90 307 10 9
68 89 22 22 233 2 9
77 71 72 56 276 3 7
21 79 15 5 138 1 10
63 2 66 87 227 5 5
23 62 37 10 143 8 3
23 51 87 24 188 5 10
91 60 45 78 305 6 9
68 56 26 71 238 7 7
64 8 43 48 163 6 5
56 67 97 64 291 9 3
69 89 42 64 294 10 4
65 31 42 10 177 4 10
65 8 78 6 177 8 3
92 2 27 58 208 7 2
95 86 99 70 415 8 10
81 90 2 55 239 10 5
47 38 73 37 224 5 7
43 37 77 47 219 5 9
84 34 52 5 189 6 1
40 34 97 75 279 1 9
73 25 78 80 298 6 2
21 79 81 16 217 9 6
22 65 29 79 233 5 3
64 15 55 99 264 8 4
35 18 3 47 123 7 5
66 64 19 66 229 3 8
21 18 55 48 166 9 1
75 76 83 79 313 3 7
33 97 67 48 266 6 5
89 7 11 27 152 6 1
47 17 19 31 128 1 10
86 45 34 52 259 5 4
70 27 46 55 237 6 9
17 65 6 25 119 3 10
61 71 76 32 251 3 9
67 99 99 39 324 2 8
44 20 90 10 167 3 5
37 93 29 18 200 9 7
46 3 51 5 125 2 9
19 38 11 29 98 2 10
34 44 84 73 259 8 9
31 74 63 4 177 10 3
35 31 74 28 190 10 9
47 90 12 38 194 8 10
68 20 86 95 271 4 10
35 55 81 63 274 8 7
8 35 52 28 142 6 5
36 42 84 60 246 9 1
67 33 60 95 289 1 3
61 45 28 49 196 4 2
53 5 49 95 220 6 6
35 75 50 20 212 4 6
58 87 52 90 306 7 6
62 49 8 34 167 9 7
6 90 50 91 252 1 5
7 94 26 38 180 8 4
33 44 76 59 228 6 3
8 41 73 71 225 3 8
36 52 54 45 214 10 10
27 56 29 36 164 6 8
7 52 34 79 186 8 4
39 39 5 33 126 6 6
21 15 44 67 158 10 6
78 69 19 29 234 7 8
31 64 3 97 230 2 3
48 16 22 49 161 7 4
43 2 32 91 175 6 1
58 60 76 59 273 7 1
1 88 59 49 221 1 1
49 7 33 32 140 4 6
27 91 22 79 252 4 2
40 59 11 59 197 5 7
67 70 55 17 210 1 8
83 99 45 96 368 2 5
35 65 49 59 208 3 2
89 84 13 90 323 10 2
95 5 70 18 191 3 4
37 55 46 10 155 8 4
56 48 12 15 142 5 5
45 50 40 2 141 6 9
95 49 40 46 257 3 7
14 34 76 92 247 6 4
89 9 60 79 259 9 5
16 93 91 67 268 10 8
77 6 21 88 197 2 6
5 52 64 25 171 3 7
28 14 27 31 116 5 5
62 34 49 87 273 7 6
53 21 21 22 123 8 3
31 66 26 61 201 1 4
59 18 27 62 194 1 2
90 39 94 34 306 3 1
3 53 23 5 91 2 4
18 53 31 52 163 3 2
44 23 85 99 298 2 10
34 85 17 52 211 1 3
95 66 19 34 220 6 2
16 79 64 32 206 1 3
61 34 68 42 206 5 8
2 14 31 88 139 6 8
98 97 12 78 337 10 7
34 11 81 42 172 1 9
2 94 23 98 234 3 1
84 78 83 96 407 1 6
65 57 66 48 283 8 4
44 91 59 54 272 4 3
46 37 71 82 238 2 10
11 54 36 28 143 2 6
12 20 55 59 165 6 6
54 10 47 60 188 5 5
87 100 68 97 375 9 4
16 73 78 2 187 10 6
97 53 90 68 354 10 4
27 90 56 48 240 8 7
45 80 53 91 271 4 9
91 89 92 16 336 4 6
74 43 62 28 223 8 8
9 30 17 71 141 5 8
6 67 100 24 224 10 6
2 34 77 100 249 1 3
42 11 76 1 154 9 4
42 29 96 75 259 6 4
76 26 42 91 236 3 2
61 16 70 34 215 3 7
14 89 70 55 251 3 4
39 5 2 42 105 4 8
76 98 72 65 360 9 10
96 55 31 80 278 1 8
53 77 24 35 201 1 5
84 60 62 70 328 8 6
27 56 71 20 190 1 10
46 10 47 58 161 4 1
27 90 30 96 249 6 5
71 33 90 14 208 6 10
64 92 29 81 307 1 3
40 16 47 10 122 10 4
21 72 48 14 169 4 4
51 29 9 99 223 9 7
9 77 57 71 220 6 6
60 38 25 51 193 6 4
73 84 91 9 287 8 4
29 74 23 92 258 6 2
3 38 19 87 166 4 2
16 44 20 60 158 7 1
92 82 71 100 404 4 1
46 48 86 2 204 1 8
76 73 6 24 198 2 8
26 55 4 46 146 9 7
75 78 48 41 261 2 4
36 84 51 70 246 5 4
57 78 62 58 262 9 5
51 42 89 24 234 4 4
78 10 8 64 172 3 7
45 56 21 15 155 9 2
28 33 16 69 162 3 10
86 95 30 44 293 4 9
68 29 45 33 178 7 2
67 17 82 56 263 9 10
84 5 27 20 157 3 9
61 68 42 90 266 6 5
30 85 25 76 241 1 9
60 80 85 2 265 4 3
57 91 100 96 389 9 2
15 61 58 21 157 3 2
78 23 96 21 242 10 6
74 72 48 55 260 7 1
65 49 34 90 267 5 4
30 78 20 69 202 4 3
73 39 9 4 142 6 6
36 46 58 91 240 7 9
34 3 28 28 106 1 6
94 96 19 77 335 3 5
10 66 89 77 270 1 6
32 50 80 72 253 8 8
94 49 99 13 272 6 9
68 9 11 68 187 10 5
33 23 4 69 129 1 9
72 16 72 27 188 7 7
31 10 7 89 157 8 1
8 61 72 75 233 10 1
70 29 70 99 286 10 6
71 53 72 5 216 5 5
21 10 47 60 139 8 6
62 1 84 9 157 3 10
88 52 59 80 320 1 2
89 27 39 76 247 6 2
31 49 56 24 160 2 6
55 48 7 93 237 1 2
39 90 62 34 262 6 2
80 2 7 65 180 4 9
53 62 19 87 224 4 5
45 33 58 69 235 4 10
13 4 18 98 135 8 8
43 27 21 49 159 5 5
96 43 7 53 217 1 5
5 77 2 25 115 9 3
23 91 61 29 240 6 8
69 82 20 99 293 3 2
56 23 44 69 217 9 1
38 79 27 11 185 10 4
66 89 41 63 291 8 2
76 38 74 13 205 8 4
6 50 62 2 131 3 1
32 10 5 95 145 10 6
64 62 13 58 222 4 2
59 62 61 76 288 5 6
11 57 9 84 177 8 8
21 23 65 69 212 2 6
53 40 76 79 264 5 4
80 22 98 77 325 8 5
15 67 41 93 233 2 6
41 14 13 75 161 8 5
74 5 31 42 155 9 3
23 10 2 34 77 8 10
51 12 64 52 203 5 9
52 29 35 5 134 1 9
89 8 85 9 193 7 7
92 59 91 99 349 6 10
9 85 2 96 222 3 1
27 51 51 34 169 5 3
75 60 3 57 221 2 2
61 65 22 16 175 6 2
24 12 8 78 135 8 10
38 90 48 60 237 7 1
22 50 16 60 151 5 4
78 4 100 46 246 7 9
82 89 71 58 331 6 4
97 78 5 92 306 1 10
45 81 85 13 224 9 5
67 61 76 89 333 4 5
18 27 22 24 97 9 1
74 71 30 56 248 2 5
73 12 83 81 250 7 8
4 42 11 11 81 5 6
74 73 74 19 282 4 8
91 100 83 25 347 2 10
35 96 73 97 346 6 5
84 78 46 37 270 10 2
20 91 78 51 262 2 8
18 15 51 27 122 2 2
36 75 87 70 288 3 9
84 30 96 19 247 10 5
15 64 63 24 180 9 3
11 42 8 23 98 8 4
94 93 61 26 278 8 5
53 20 35 18 142 1 6
64 78 65 48 293 7 8
85 61 45 29 237 9 2
27 48 68 77 256 7 1
35 80 25 12 177 9 7
11 60 32 40 151 8 9
94 15 3 96 238 4 1
68 32 95 14 217 3 6
12 46 58 12 150 7 9
14 66 42 1 132 2 3
1 35 89 41 181 4 2
82 24 69 9 195 7 5
75 96 16 20 237 10 7
97 29 92 24 264 7 2
13 77 30 95 216 1 6
77 60 18 52 229 5 9
37 61 83 62 272 5 1
82 99 39 45 267 1 9
95 8 49 70 258 6 9
22 28 56 29 161 4 3
34 36 85 26 206 3 4
50 53 21 25 158 7 10
74 8 70 83 277 1 1
35 90 39 5 197 2 3
52 44 27 37 170 3 10
70 52 39 89 295 2 7
91 10 89 26 244 2 8
91 51 1 9 177 3 5
18 23 19 86 168 2 10
48 29 75 52 239 9 5
87 95 84 74 398 8 7
87 37 79 86 316 1 6
26 39 36 60 185 1 6
38 57 39 55 219 4 9
29 22 47 64 162 6 2
53 37 50 94 267 8 9
60 41 29 93 250 3 8
14 28 62 42 155 10 7
