400
12 60 49 57 188 5 5
17 52 19 53 157 8 9
38 85 83 53 296 1 4
42 32 57 78 241 3 10
59 82 79 100 327 3 5
95 65 46 79 319 3 1
86 94 52 68 338 6 9
98 92 1 73 300 8 10
89 69 46 95 329 3 6
81 28 100 78 312 8 1
56 58 75 24 216 5 2
4 65 93 28 222 1 9
16 24 13 100 180 4 3
98 16 54 11 183 7 6
89 54 12 67 258 9 7
86 77 18 100 308 10 4
74 29 100 64 275 3 3
11 97 73 94 282 8 5
67 64 19 66 257 2 2
31 74 17 32 162 2 9
64 55 17 19 162 7 9
38 50 24 4 134 10 4
25 61 99 63 295 3 3
68 94 76 86 365 10 3
31 99 52 83 271 10 4
53 63 54 87 279 8 1
33 35 24 40 151 3 1
14 43 85 66 225 9 5
8 14 15 76 113 10 9
97 10 94 46 289 10 10
47 47 86 35 252 9 9
3 56 39 91 217 4 6
54 19 17 70 182 9 6
75 45 2 84 231 7 9
66 91 39 35 236 3 1
23 22 61 61 194 4 4
40 44 10 93 214 5 10
18 61 1 17 101 2 8
74 11 67 18 187 1 4
69 43 86 18 245 2 6
19 70 68 46 209 3 10
15 62 16 11 108 2 5
77 69 64 61 323 1 3
11 3 31 34 83 6 2
18 63 1 20 116 9 1
45 41 52 31 173 7 10
91 67 23 44 235 9 2
99 13 91 74 291 1 6
45 27 3 78 154 6 8
27 93 62 45 263 2 7
20 66 86 48 257 1 10
8 12 82 77 196 10 3
45 76 34 64 260 4 6
60 18 14 40 136 2 8
78 82 100 68 388 6 10
58 88 22 93 295 1 4
50 12 8 10 82 3 5
4 81 7 25 133 2 5
65 12 41 44 164 10 9
20 83 70 5 187 1 7
6 27 78 81 210 7 9
55 96 29 11 212 10 2
15 14 6 75 110 7 3
77 4 6 67 154 8 6
91 39 68 96 330 2 10
58 76 68 12 255 1 9
60 29 8 33 146 9 6
77 82 5 89 298 7 1
25 38 63 25 163 9 1
59 4 93 70 252 8 5
15 55 32 77 200 4 1
45 64 57 62 272 1 3
96 40 100 95 370 5 7
31 39 95 76 247 8 4
92 84 93 20 316 3 10
89 51 79 17 239 1 7
44 64 71 77 269 3 10
59 51 90 85 289 10 8
74 48 79 36 282 4 4
34 99 58 82 292 5 6
67 9 89 31 235 9 6
61 15 35 72 197 5 10
86 85 88 61 343 1 9
85 67 45 94 335 1 10
35 17 34 51 153 10 6
95 54 100 29 321 9 8
33 55 99 20 233 9 9
9 44 15 81 153 10 3
7 88 64 80 250 10 9
7 6 91 81 214 9 4
61 15 76 80 261 1 10
83 37 15 91 242 4 5
65 55 23 25 175 8 7
74 20 18 19 135 9 4
6 29 31 66 151 5 10
90 100 92 74 363 3 8
96 55 81 83 375 7 8
8 54 4 89 183 8 7
53 9 13 46 133 3 4
58 50 94 64 269 2 4
31 32 90 99 263 6 4
52 95 95 18 304 6 1
48 54 4 63 195 7 3
54 27 83 45 221 6 1
41 45 50 14 163 8 10
38 50 10 80 180 9 8
8 39 78 46 198 4 3
78 69 74 100 330 3 6
98 87 99 22 306 8 3
71 54 43 23 209 10 7
63 43 17 89 222 5 9
8 65 69 82 248 2 4
79 98 26 11 254 10 9
72 31 56 33 202 2 2
55 30 99 13 233 4 6
82 57 16 74 260 1 10
64 60 79 31 260 2 1
91 95 36 63 324 7 5
85 70 79 81 324 5 3
7 19 43 65 139 9 7
100 82 27 69 283 4 6
36 22 32 84 201 5 2
49 24 24 90 201 5 8
40 51 15 99 220 4 10
100 54 67 71 340 9 8
60 72 11 51 203 7 1
79 38 44 66 231 1 3
92 89 65 1 257 10 7
50 20 9 94 205 6 8
7 5 80 77 176 5 9
69 91 71 51 304 7 4
7 1 75 12 105 6 5
17 37 83 44 199 6 10
10 20 77 36 160 1 1
26 96 29 55 245 7 4
80 97 12 92 291 4 2
40 43 15 78 204 6 7
51 5 8 45 112 2 9
11 56 59 74 239 1 5
58 34 24 79 226 4 5
78 3 72 63 250 2 8
89 28 42 22 195 6 9
89 6 23 30 177 3 2
99 70 24 85 324 5 1
59 1 28 14 118 1 6
50 85 34 70 256 2 5
52 86 2 32 195 3 9
45 29 76 72 225 3 8
41 1 78 48 177 10 5
99 70 81 93 351 3 7
92 8 61 78 258 8 3
31 89 79 19 244 5 1
69 47 60 96 309 4 9
22 49 57 38 170 5 5
88 2 15 20 149 3 4
58 78 8 83 255 1 6
47 1 57 16 123 5 6
8 91 89 26 243 3 6
95 82 77 47 336 2 5
5 27 25 5 69 1 10
56 50 92 81 309 6 1
33 70 47 82 241 5 3
51 76 19 26 192 2 3
34 58 47 63 242 3 9
66 85 26 32 219 1 5
25 100 22 96 250 8 4
41 8 97 97 278 6 3
61 44 74 42 232 1 2
95 21 90 57 312 9 5
3 86 65 70 229 4 1
36 58 63 55 212 5 4
53 10 67 81 225 6 4
76 36 56 41 249 1 2
5 29 84 37 172 3 9
5 15 100 47 186 6 8
76 91 94 28 347 2 5
44 98 67 17 261 7 1
47 96 47 72 274 6 10
30 10 70 88 228 6 6
6 100 49 9 180 2 7
55 86 14 68 253 6 3
93 63 13 31 221 5 3
82 66 36 46 260 6 5
82 36 8 76 220 1 1
20 53 75 57 226 9 7
54 15 17 47 157 3 4
8 49 11 87 181 7 9
100 6 81 40 238 6 9
95 44 75 38 273 8 2
1 63 27 70 170 1 3
23 60 31 75 211 5 9
34 40 34 32 158 4 8
26 20 99 73 253 5 7
67 77 39 92 308 7 3
83 12 73 91 294 8 7
16 40 72 81 212 1 1
57 66 23 79 239 4 6
83 80 82 99 382 5 6
28 26 2 75 136 9 6
22 30 26 60 154 3 5
81 95 99 84 403 3 8
12 8 33 4 58 4 2
20 13 60 34 132 4 2
98 92 24 57 313 9 10
85 5 90 99 332 4 6
80 48 3 98 253 3 7
77 16 98 98 318 5 9
31 62 83 63 256 8 4
55 90 33 61 279 7 2
44 1 27 68 157 5 10
2 17 15 100 158 4 5
46 74 27 19 167 3 10
21 12 64 16 116 7 4
85 43 65 6 203 2 10
9 64 93 71 273 2 2
79 33 56 31 207 4 3
45 20 66 77 213 3 8
94 80 33 74 290 3 6
10 91 31 59 193 1 5
73 48 4 77 229 10 4
98 53 55 50 261 9 7
5 30 40 44 134 4 3
25 20 2 78 137 5 10
70 5 86 92 290 6 5
63 75 44 21 229 6 7
40 9 28 52 152 8 3
93 19 33 80 252 4 3
23 6 86 36 164 2 8
100 70 69 61 322 9 5
96 80 51 17 253 8 2
53 64 29 89 255 2 2
41 68 39 22 189 8 8
100 74 63 99 337 7 9
11 65 12 91 186 7 5
48 14 95 26 216 5 10
13 79 98 36 229 4 1
81 68 28 50 231 7 7
54 25 59 73 228 3 4
22 94 2 15 140 3 6
87 30 18 27 168 2 10
47 70 42 99 263 8 7
94 74 41 49 261 7 2
5 9 79 52 172 2 5
27 42 95 44 215 6 10
69 27 76 67 249 1 7
12 7 48 95 190 10 6
45 87 31 68 272 5 1
51 13 39 21 131 4 9
31 68 9 76 196 6 8
82 4 34 58 193 3 6
61 22 66 100 286 10 2
7 49 75 22 158 3 5
72 54 68 30 254 2 7
43 68 63 49 265 4 2
84 1 99 60 285 4 9
16 85 14 72 213 10 1
41 65 24 52 212 3 8
43 99 30 3 199 9 9
73 55 35 20 214 9 4
75 92 74 31 293 1 5
14 95 25 46 191 4 8
38 78 88 67 287 6 10
14 52 11 75 162 9 9
79 90 14 18 236 8 4
4 7 95 56 186 8 9
67 49 34 19 193 7 4
47 82 80 42 253 8 4
52 40 63 11 176 5 4
11 66 22 90 194 9 4
95 96 83 79 370 4 7
48 47 13 25 157 2 5
89 17 73 24 233 5 10
97 89 26 100 360 5 4
8 63 61 54 207 10 3
55 53 3 85 202 6 8
7 36 42 26 127 1 5
65 20 75 90 271 3 4
19 7 14 66 121 1 2
59 27 32 44 193 8 4
66 69 40 89 303 6 1
29 52 66 36 207 4 2
20 81 3 5 124 7 2
8 91 97 71 289 2 2
73 61 52 64 290 5 8
58 83 85 69 297 7 7
66 21 24 91 210 7 5
96 66 76 21 296 4 7
3 9 46 74 143 4 7
90 99 1 69 308 7 8
34 89 40 55 228 7 8
78 63 98 91 341 5 3
20 82 49 90 269 4 4
24 63 79 93 261 8 5
24 25 21 13 83 3 10
26 89 45 50 227 1 10
56 38 85 51 264 5 7
51 54 26 38 173 5 4
78 34 7 42 175 7 9
88 80 24 45 258 7 9
94 38 14 11 159 5 9
27 85 1 13 139 8 2
60 90 86 88 363 1 6
30 81 37 72 240 9 4
1 31 13 42 104 8 5
58 98 33 56 283 4 9
87 55 32 15 212 10 5
29 80 5 29 153 8 10
34 50 85 70 243 1 4
19 36 35 21 122 5 5
68 78 77 91 346 3 2
40 46 4 51 156 10 4
68 58 88 69 290 6 6
99 76 56 27 269 1 7
52 16 34 70 194 8 6
85 59 74 96 321 8 5
18 98 58 22 230 3 5
85 64 8 3 160 8 5
3 10 83 26 140 10 5
5 6 1 23 38 6 7
20 32 61 82 229 1 1
31 70 10 19 147 4 4
33 66 56 92 275 4 2
88 30 6 17 147 4 10
9 8 36 51 113 2 8
85 16 30 51 212 4 3
55 58 65 8 200 10 4
64 99 93 38 326 8 9
66 44 70 88 287 7 3
80 9 12 65 188 4 2
23 18 62 79 188 1 6
21 45 24 52 144 10 1
43 45 79 27 211 8 5
91 10 59 96 271 6 7
100 33 76 37 266 9 7
56 61 55 4 177 1 4
69 28 2 37 136 6 1
21 75 54 24 199 7 2
19 81 53 75 245 1 5
25 15 83 45 190 10 5
67 42 23 63 232 9 5
26 57 44 72 212 6 7
42 79 80 60 306 1 3
30 28 58 99 239 1 9
40 47 86 53 244 1 8
90 61 6 2 186 10 8
18 55 22 59 173 7 5
36 67 52 62 258 5 2
58 10 77 95 253 5 6
100 82 27 8 246 5 5
35 56 21 27 158 8 1
28 35 26 55 152 1 10
40 75 93 14 223 1 9
51 10 87 30 214 3 9
56 14 71 83 256 5 6
57 37 97 15 240 1 6
31 69 38 83 223 8 8
2 41 45 27 126 10 6
80 82 30 26 260 4 10
35 73 13 47 202 1 6
7 67 6 88 169 6 6
32 35 97 69 233 1 8
37 11 40 63 159 2 4
80 97 100 63 385 1 7
13 57 2 91 193 5 1
11 40 31 28 127 10 1
21 56 23 28 152 10 9
75 5 52 29 177 2 2
70 73 63 72 330 9 1
48 37 95 18 200 2 4
62 68 49 29 213 4 10
12 61 74 91 276 4 6
66 13 67 68 232 1 1
4 24 42 53 142 5 5
16 31 9 51 121 7 9
45 25 60 70 207 9 9
46 13 95 82 268 6 2
73 12 26 74 190 10 9
48 21 12 49 139 1 5
14 5 93 95 235 4 8
48 17 26 100 206 10 9
74 88 25 14 231 9 2
33 36 41 78 216 10 10
100 65 50 94 325 8 7
81 26 77 38 255 3 2
23 40 49 31 162 8 5
6 60 36 63 165 5 8
61 96 63 33 300 7 6
49 5 97 49 231 6 10
1 63 17 63 145 9 2
44 81 55 45 254 10 6
100 99 85 78 386 9 10
78 22 13 3 124 3 8
57 96 50 87 296 10 10
17 81 81 36 240 9 3
91 26 96 77 331 8 7
10 82 48 56 213 10 1
65 83 60 25 243 8 8
2 25 97 12 142 7 5
27 22 72 85 239 10 2
82 27 77 85 324 9 4
