200
11 4 85 63 176 9 9
25 70 92 46 236 4 6
19 98 1 68 194 3 8
16 77 19 40 170 2 9
20 34 81 99 248 7 5
69 5 30 9 131 4 7
8 66 30 47 161 9 2
65 20 32 50 196 2 5
26 31 89 99 253 3 8
32 27 18 72 166 9 5
12 55 68 80 248 3 8
20 46 59 31 172 1 9
10 26 53 31 134 3 5
87 76 92 99 359 9 7
8 36 93 69 207 7 5
10 44 26 98 199 3 6
63 36 23 52 207 9 9
22 80 12 100 236 6 3
59 74 31 4 199 1 5
92 57 57 96 302 6 3
76 70 80 5 259 6 4
1 5 18 100 146 3 1
51 93 68 26 257 5 8
4 52 52 45 180 10 2
8 7 59 12 88 3 7
88 96 51 43 301 5 7
5 52 47 86 191 10 10
16 82 91 68 306 3 3
78 18 14 50 175 4 8
32 27 56 57 196 5 7
10 57 92 78 261 3 3
74 94 91 33 314 8 7
30 67 68 43 239 2 9
3 84 72 6 176 2 5
58 90 24 3 175 8 9
63 89 40 48 243 8 9
95 11 51 26 214 2 9
93 81 31 84 338 7 3
33 53 35 39 173 10 3
73 36 40 55 205 3 1
39 36 55 71 204 10 1
80 72 64 12 269 6 3
48 6 22 70 162 6 3
29 40 16 55 144 2 2
16 60 7 25 113 10 7
49 59 20 87 246 8 10
37 26 93 96 257 3 3
48 80 30 61 235 6 4
90 89 50 69 351 6 5
9 69 28 87 230 7 3
34 34 5 34 111 3 3
74 80 73 37 265 3 4
39 99 95 27 292 4 10
62 71 27 26 215 10 2
46 19 12 97 200 9 4
86 13 11 100 216 4 5
67 1 30 3 113 1 8
49 86 10 16 181 4 2
44 85 85 51 276 10 3
73 38 38 38 223 3 3
30 3 1 84 139 10 10
4 64 97 44 247 7 7
44 82 65 6 215 10 2
72 57 34 5 171 10 6
88 96 44 63 301 8 4
93 24 35 34 203 7 4
1 25 48 8 93 5 6
63 71 54 73 269 9 1
91 35 88 75 301 10 3
40 64 45 5 178 2 10
37 16 41 12 121 7 9
41 36 4 15 99 1 7
9 67 40 94 244 2 1
53 73 87 81 326 2 7
84 100 42 57 328 9 1
89 36 91 83 314 8 5
58 77 17 13 177 2 6
90 2 98 4 208 5 1
5 5 24 36 72 1 2
25 52 26 83 221 8 2
61 65 56 57 282 3 1
23 30 15 50 125 5 7
1 17 41 91 160 8 1
23 82 99 14 248 9 10
30 15 28 80 161 2 7
81 88 82 77 345 9 5
35 21 13 68 157 9 7
43 70 11 87 242 6 4
69 47 21 94 262 4 8
55 94 41 66 270 10 4
55 21 4 49 137 1 8
67 54 28 73 225 4 9
40 55 54 91 279 4 9
38 30 91 95 286 4 10
33 63 42 34 187 3 6
68 5 24 76 193 6 1
74 23 12 96 214 7 2
93 33 64 75 266 9 1
23 47 1 18 96 1 4
94 49 35 49 231 3 5
57 68 41 31 223 5 2
8 30 95 63 224 3 1
50 54 60 90 272 3 1
80 74 96 56 339 2 10
32 89 79 54 271 6 7
70 42 59 74 289 9 6
92 75 72 63 360 4 1
40 61 38 100 255 2 5
99 33 53 97 309 8 4
98 32 56 66 270 4 10
88 88 22 94 302 1 9
30 27 64 47 202 6 7
67 96 90 76 354 5 8
98 74 100 52 336 6 3
46 18 86 56 241 3 10
53 31 67 63 248 10 4
100 9 86 15 211 8 9
85 12 35 35 184 1 10
20 51 42 100 223 6 4
65 6 31 95 204 8 10
93 97 15 17 231 8 10
43 40 67 37 221 3 4
69 54 66 81 317 2 3
10 70 3 88 198 7 10
70 73 39 77 293 3 6
69 85 31 85 315 7 10
61 48 82 52 248 4 5
92 19 35 96 288 6 6
35 52 7 7 121 6 5
43 21 98 80 279 2 6
79 10 29 39 180 9 5
54 7 30 89 203 8 1
84 50 60 16 238 4 4
22 74 21 82 229 8 7
31 80 29 29 170 6 8
25 42 8 71 166 8 1
49 26 51 84 211 9 7
75 73 5 88 276 3 9
25 83 89 87 309 8 6
73 55 40 24 198 7 9
26 22 55 96 217 6 3
2 35 97 24 170 8 10
11 93 55 85 267 1 1
95 61 81 53 342 10 9
90 75 90 94 390 5 3
83 18 95 47 289 6 10
69 59 96 60 284 2 1
90 98 19 14 234 5 6
9 13 1 51 83 6 4
46 33 9 59 160 5 4
98 71 43 11 247 9 5
50 38 61 69 253 7 7
62 40 95 88 325 10 3
4 31 62 31 137 9 7
24 63 96 65 258 8 9
95 12 86 3 218 3 7
80 92 26 69 311 3 8
92 75 55 57 315 6 1
38 92 1 38 170 7 8
29 72 80 77 294 7 8
95 39 32 94 288 1 5
82 47 20 12 188 3 3
84 90 48 25 252 2 2
88 1 73 23 196 10 3
15 68 3 92 193 4 4
16 97 33 29 192 10 5
42 4 62 22 149 3 5
61 63 34 81 279 10 5
6 60 17 73 178 4 1
17 29 39 98 184 10 3
79 8 38 83 225 4 5
74 7 37 79 203 10 9
35 42 78 92 268 6 10
81 2 78 33 196 10 2
94 62 35 19 217 1 7
8 89 33 54 215 6 5
68 9 40 56 196 7 10
71 10 85 30 219 6 2
70 99 2 47 252 5 1
53 28 80 14 205 10 6
28 26 88 75 251 10 3
75 22 61 67 258 4 8
6 66 88 15 182 2 9
72 90 23 17 206 2 9
65 40 19 58 188 8 2
45 78 88 61 281 9 9
20 37 64 41 194 9 6
56 99 52 14 245 8 3
44 11 89 8 168 2 1
96 60 23 59 268 7 2
76 26 71 27 240 2 5
60 40 40 81 258 3 4
43 65 20 58 221 8 6
21 53 78 22 204 2 1
10 20 100 77 220 1 8
10 10 80 60 170 5 5
47 39 50 44 216 2 7
63 84 94 1 280 4 7
95 16 37 57 243 9 5
42 7 95 17 185 5 6
