150
51 27 58 48 218 3 3
29 30 71 7 154 10 5
8 70 62 5 171 8 8
99 63 80 50 295 2 1
95 27 94 11 271 1 5
86 89 36 71 337 9 10
20 29 82 81 225 9 4
54 20 92 75 264 9 6
31 60 11 15 134 5 5
52 11 5 32 107 2 8
82 83 9 67 271 3 3
77 76 17 75 264 7 5
5 40 69 53 197 10 6
33 50 47 46 205 10 10
69 36 54 57 226 8 7
94 64 3 40 227 2 4
51 7 85 17 165 1 3
10 97 98 27 273 1 8
40 18 28 23 111 9 1
8 43 84 29 173 3 9
27 71 44 91 279 1 2
84 96 70 85 392 6 3
15 42 34 15 118 1 6
82 94 71 10 260 3 7
49 82 4 93 265 8 3
65 62 34 66 227 7 5
16 91 57 90 267 8 7
26 73 60 42 211 3 1
17 76 53 28 190 1 2
5 10 74 58 147 8 8
6 54 4 71 161 5 9
88 82 59 42 325 7 1
41 8 73 71 200 9 9
1 16 78 24 133 6 8
59 93 69 39 289 1 4
3 98 74 95 322 1 9
6 84 57 83 248 9 7
16 74 64 84 258 2 4
27 37 93 83 257 4 5
87 11 95 87 334 1 3
90 67 42 5 221 9 8
86 17 25 91 234 9 1
50 34 14 84 200 7 4
46 99 73 80 350 3 8
42 57 19 78 217 3 8
55 45 12 43 164 2 2
25 77 81 13 212 7 2
7 20 5 14 55 7 1
47 58 11 9 125 10 5
48 72 1 7 131 4 9
78 25 28 5 163 10 3
18 33 54 54 173 2 3
32 5 79 6 143 4 5
26 70 49 30 199 10 2
60 13 11 93 197 10 10
74 48 66 46 259 6 10
86 1 3 41 131 10 5
10 27 54 84 202 5 8
6 68 54 66 202 1 3
45 93 21 79 253 9 4
27 11 70 15 135 1 8
56 24 98 13 214 5 5
67 41 75 43 264 2 1
2 4 96 91 219 1 8
33 88 96 52 303 2 7
62 100 28 25 223 2 7
42 61 73 85 280 7 7
80 96 99 84 397 10 7
5 69 33 90 204 2 2
89 23 81 44 237 8 6
95 41 61 50 281 4 6
38 50 67 93 266 2 4
23 98 97 33 268 10 3
67 72 55 66 274 1 5
67 48 9 20 157 9 10
64 88 93 94 382 10 9
100 36 80 39 256 9 8
91 57 29 92 279 4 3
78 58 32 11 195 7 10
17 12 7 25 68 8 9
31 8 82 73 213 4 1
90 42 81 46 275 4 3
71 46 54 93 298 10 4
81 10 40 41 181 8 8
7 84 62 34 194 7 5
47 48 62 50 245 5 6
51 68 70 9 224 7 4
3 92 50 64 226 10 3
4 26 82 84 213 1 10
45 24 32 13 131 5 5
25 72 26 87 223 9 2
36 93 22 42 227 2 10
39 95 44 61 252 9 8
98 47 84 68 339 8 4
55 82 60 47 282 8 3
61 79 32 66 276 2 10
74 44 90 12 241 1 8
59 92 32 99 334 10 6
55 8 36 35 146 6 5
75 98 58 91 332 10 4
34 87 75 76 286 2 10
9 57 93 51 218 8 5
3 87 24 67 184 3 3
75 33 26 84 238 9 9
53 95 22 43 236 4 8
57 23 93 50 228 6 10
52 98 40 37 244 9 6
74 32 32 37 198 1 7
100 72 93 26 315 6 1
99 4 9 69 200 1 1
84 82 94 15 283 9 8
53 55 8 58 183 6 5
77 54 30 11 198 8 1
94 23 32 58 223 5 8
34 35 81 71 259 2 2
70 50 45 80 267 2 4
73 34 54 13 201 7 2
74 70 6 92 244 6 1
75 27 84 92 294 8 8
99 63 16 64 242 2 1
23 18 7 81 132 9 10
50 71 7 18 153 4 6
62 4 59 30 165 8 4
6 48 27 93 195 8 5
69 13 20 91 227 6 2
28 97 66 48 283 5 9
65 41 83 74 289 6 6
92 40 69 12 252 2 7
19 25 33 65 148 5 7
90 18 24 52 186 8 8
51 29 84 84 284 9 3
34 2 21 100 159 9 3
82 95 29 62 302 6 6
100 18 73 30 258 5 8
44 28 95 16 189 8 8
97 13 39 33 215 5 3
36 38 30 88 192 10 3
70 55 55 32 248 4 7
73 15 6 81 209 4 5
29 11 69 12 137 9 6
8 10 43 53 126 6 10
34 78 1 43 177 4 5
60 80 38 46 261 5 1
13 70 72 83 243 4 6
29 48 60 74 233 5 8
63 87 49 35 248 10 9
18 72 28 68 216 4 9
48 2 44 24 119 5 9
82 11 30 14 157 9 10
87 2 49 48 194 10 10
