500
75 14 24 33 162 9 5
81 21 26 66 195 7 6
97 50 19 17 197 2 1
54 71 69 48 248 5 2
91 92 92 26 356 6 6
94 10 14 13 144 6 1
84 79 62 52 319 3 2
67 48 60 49 259 7 10
84 5 70 85 272 9 5
16 37 91 1 161 3 7
25 74 81 32 248 9 3
48 13 58 63 196 5 9
1 17 44 98 162 9 7
85 1 16 44 155 2 4
78 7 90 46 236 2 8
5 29 23 17 89 5 2
41 68 46 30 204 7 1
11 48 85 63 241 9 2
30 69 62 14 201 8 5
31 26 95 22 195 9 4
18 86 23 96 253 5 4
92 24 68 92 277 4 7
91 100 8 28 233 4 8
76 53 45 2 193 6 2
96 48 60 69 321 8 6
73 53 88 92 311 4 6
14 8 42 12 78 8 8
16 75 39 26 156 9 2
38 77 13 81 215 2 8
76 56 33 96 282 5 10
4 43 61 71 191 10 3
51 38 38 68 221 8 5
54 74 8 19 165 1 9
79 63 72 49 281 6 10
44 47 40 82 233 7 6
21 19 6 5 59 7 9
68 61 76 78 290 1 2
33 26 56 28 146 4 4
32 90 66 16 241 4 4
4 45 12 59 140 5 6
7 59 66 69 240 2 9
70 59 5 23 175 3 4
26 51 30 38 169 4 7
1 3 88 56 158 6 1
54 80 65 25 244 1 1
21 1 87 49 166 4 5
12 54 98 11 177 2 2
81 21 38 100 269 7 6
61 28 89 24 226 7 5
80 65 86 80 318 7 4
83 67 57 28 247 5 10
98 12 74 46 236 5 6
32 44 26 56 164 7 3
71 26 32 42 191 7 3
26 95 71 50 276 10 2
18 88 28 26 177 7 8
20 17 75 22 156 1 2
5 60 76 23 181 2 7
80 14 6 19 126 1 7
22 51 28 1 119 8 7
25 26 9 1 71 9 5
15 82 71 13 191 1 2
83 55 64 44 289 8 3
94 43 90 31 259 3 7
19 12 79 35 172 5 3
59 70 59 71 301 7 7
8 55 49 99 249 6 3
58 25 30 23 139 1 5
44 16 3 87 170 4 9
1 34 71 43 169 2 6
92 87 53 97 332 7 10
39 69 55 19 198 10 10
23 97 40 27 214 1 7
52 83 50 77 314 1 1
44 92 96 96 372 1 4
28 42 57 25 180 7 10
3 85 3 77 175 4 10
33 25 10 36 113 6 7
46 10 94 59 241 9 5
7 66 63 71 236 3 4
39 23 49 43 166 4 6
54 14 38 38 171 7 4
74 65 64 24 271 10 6
94 21 84 44 277 10 6
98 23 25 17 177 5 5
62 38 58 44 212 1 7
12 4 77 12 125 3 6
44 89 98 60 305 6 4
19 8 44 68 154 3 6
89 10 82 85 313 3 3
49 28 1 45 132 6 5
31 76 99 95 323 6 4
78 88 21 45 232 2 1
62 59 1 30 153 6 7
31 78 73 43 260 6 2
52 93 26 12 204 3 4
16 25 29 84 159 1 1
4 26 76 2 114 4 7
6 38 39 8 101 1 8
7 13 13 98 148 5 3
34 29 80 39 215 5 2
49 3 80 77 249 6 8
34 33 62 62 212 1 7
61 62 91 11 246 7 2
73 96 7 28 238 4 1
46 11 51 23 154 8 7
69 76 97 7 251 3 1
79 30 77 53 241 9 4
87 66 27 19 236 2 6
8 91 86 91 277 10 3
87 82 37 25 243 9 3
95 30 93 61 321 2 6
20 88 30 4 169 5 8
34 13 72 25 151 6 1
11 81 68 87 282 9 1
54 85 70 82 306 7 5
53 60 64 70 271 7 1
59 18 47 56 192 3 5
38 41 75 71 266 5 1
32 35 41 65 190 9 4
70 14 51 3 150 2 4
39 38 42 27 147 7 8
31 41 22 74 190 7 7
98 33 8 8 158 7 5
28 36 76 58 222 2 9
60 96 32 50 274 1 10
66 75 68 1 247 7 5
36 20 14 66 136 3 5
42 9 53 46 159 10 1
3 45 42 92 215 4 7
78 60 94 63 311 1 7
95 38 53 98 332 1 7
82 7 81 26 208 5 3
93 7 23 62 208 10 9
20 36 18 92 174 2 1
56 87 98 70 335 1 6
38 15 59 43 177 10 2
99 20 84 47 296 5 1
73 66 47 60 289 5 5
72 52 67 56 261 10 9
65 97 33 2 211 5 9
69 70 97 58 315 2 8
9 69 66 78 236 8 2
55 37 47 79 231 9 5
18 72 5 33 136 1 9
14 72 11 36 157 9 5
33 2 90 28 161 10 9
81 42 83 27 241 2 5
93 70 59 79 321 8 3
11 44 5 90 165 5 9
61 86 75 11 235 5 2
80 34 50 24 212 2 6
60 99 100 51 358 5 3
10 50 10 34 113 2 1
23 13 84 66 219 9 5
65 53 97 38 278 6 1
20 60 36 83 224 3 3
30 99 72 21 242 2 1
90 93 15 88 319 9 2
29 43 63 10 165 3 1
85 42 68 82 281 4 10
12 66 87 58 267 2 2
82 61 23 47 222 7 7
97 28 76 13 217 7 2
59 76 57 64 280 7 6
61 29 7 52 160 1 1
67 8 1 39 129 4 9
53 10 84 10 174 8 4
96 31 81 34 256 8 2
20 28 53 49 151 1 8
57 32 79 78 260 2 5
55 90 39 11 195 9 3
2 51 11 3 71 4 10
42 84 37 27 228 6 8
1 5 78 68 176 2 1
88 82 63 85 328 2 9
9 83 26 22 144 8 7
87 72 19 33 238 2 9
39 55 66 60 239 4 9
38 86 99 86 352 8 3
40 56 44 79 228 7 1
27 64 100 9 217 5 3
65 9 16 12 111 9 10
16 58 39 10 146 1 10
61 46 60 22 200 1 10
100 11 12 65 193 2 7
93 92 69 23 283 2 5
74 46 75 9 243 1 8
14 62 6 63 148 5 5
95 35 7 1 159 1 1
41 21 83 29 178 7 1
88 90 40 57 311 4 1
43 65 74 95 316 1 1
34 97 4 86 223 2 4
55 3 11 47 128 7 4
77 84 45 31 274 7 6
86 52 36 19 207 10 2
1 99 75 1 208 10 8
15 99 23 32 187 4 10
91 28 12 43 190 4 7
60 34 88 51 233 8 9
1 15 19 63 100 3 5
80 7 57 90 277 3 7
76 41 94 46 287 8 6
60 26 96 26 222 6 2
30 71 85 96 304 9 4
76 41 92 84 328 7 1
60 60 58 81 267 1 7
62 30 52 85 239 7 5
13 41 62 14 140 7 3
90 29 67 82 276 7 6
40 51 82 57 235 1 8
53 97 21 91 282 3 5
93 90 63 37 310 5 5
37 54 32 62 198 9 10
32 75 5 62 180 9 8
81 1 2 3 88 9 3
68 94 89 52 323 9 1
49 44 88 3 214 9 4
2 14 98 1 132 5 10
98 87 52 42 293 6 9
56 85 27 74 258 5 10
62 19 97 92 277 4 3
73 20 16 59 183 7 9
54 67 41 49 240 4 6
39 13 87 93 254 7 1
55 87 43 19 244 4 5
53 32 73 28 205 2 7
96 42 14 88 262 3 1
6 47 74 59 186 4 1
28 24 30 13 110 7 6
77 82 51 87 327 6 7
68 2 68 40 191 8 4
31 78 100 35 247 7 9
26 84 15 48 186 2 10
13 76 81 87 288 4 1
85 77 93 20 307 5 5
47 19 81 45 207 3 10
5 85 81 82 284 9 4
63 69 30 100 284 8 7
76 67 99 3 254 3 4
96 70 53 42 265 1 7
10 35 57 8 112 8 5
25 67 10 31 143 8 5
40 70 83 55 276 10 10
60 11 32 62 192 10 8
78 58 63 13 247 2 9
63 26 80 100 273 1 4
88 64 49 41 243 5 5
66 90 37 30 244 4 6
42 21 80 55 221 1 10
60 96 56 85 330 2 10
80 7 61 42 205 8 1
49 58 90 63 305 9 9
20 84 20 64 201 6 1
57 17 57 11 149 2 8
34 49 11 41 156 10 3
38 80 68 40 252 5 7
4 13 70 15 102 6 2
84 29 21 39 201 6 10
78 39 86 47 286 6 5
81 17 76 26 220 9 8
90 16 81 30 242 3 1
67 64 89 84 348 9 2
24 90 23 57 195 4 9
93 90 13 88 305 4 2
70 12 51 63 232 10 7
90 9 57 83 254 5 3
48 4 62 55 192 8 10
94 69 96 33 317 10 7
63 49 14 21 176 5 3
74 50 81 52 276 4 6
65 100 79 95 363 9 10
79 93 26 27 245 1 4
74 16 16 10 124 9 8
88 5 86 54 259 2 4
70 63 55 51 277 5 8
22 23 26 82 175 5 6
2 72 10 39 127 10 1
11 34 21 15 95 3 10
67 96 85 79 342 8 9
10 61 82 84 272 5 8
19 63 60 42 211 10 6
89 39 68 67 316 5 2
12 33 7 64 137 10 8
98 92 86 89 370 4 8
36 50 60 80 226 4 6
62 71 3 23 177 7 6
13 12 1 85 129 4 2
94 98 5 11 238 1 9
84 62 68 44 306 1 7
62 52 85 95 344 6 1
9 29 17 63 123 1 2
83 62 45 91 316 3 7
87 90 49 96 363 7 4
13 11 99 43 192 6 8
79 6 87 50 241 10 4
58 61 16 16 181 6 9
55 56 55 30 205 6 8
92 99 48 100 357 6 3
43 91 34 49 228 3 8
91 71 51 65 280 9 7
28 99 42 35 233 7 2
30 54 100 87 310 9 1
55 98 20 80 269 8 1
22 56 8 28 117 3 6
46 23 86 26 215 1 2
1 38 80 16 138 9 2
11 34 43 20 118 1 7
50 85 83 93 320 5 10
66 69 34 5 187 10 2
31 79 19 76 211 8 10
52 76 85 31 281 3 10
89 22 39 12 175 4 9
85 57 93 55 331 3 9
31 81 36 100 281 6 6
41 81 64 78 299 9 9
94 67 28 92 291 1 6
56 64 35 28 208 10 5
4 18 77 50 166 2 10
20 34 92 80 256 10 5
20 42 78 13 174 7 1
59 45 2 72 191 10 6
1 81 19 45 165 4 6
7 2 61 36 125 7 9
81 79 71 25 272 9 7
2 31 9 84 133 9 1
19 81 15 11 135 7 7
67 52 69 93 308 10 6
48 37 66 72 251 9 5
7 5 53 10 78 8 4
43 31 86 95 284 1 7
71 96 8 79 301 1 2
31 90 18 100 258 7 1
21 73 14 4 134 10 3
58 93 28 61 277 5 9
55 92 17 46 219 6 3
97 57 68 37 261 7 5
59 14 73 92 267 3 3
2 34 39 45 142 2 4
80 70 18 32 222 3 5
64 61 78 44 272 1 8
72 29 79 44 242 7 5
61 73 4 18 181 2 4
51 100 86 41 302 7 5
11 33 71 9 131 1 2
26 64 32 78 231 4 5
91 22 6 44 184 4 5
17 46 66 13 146 6 6
39 29 66 39 194 9 9
71 6 36 81 226 5 10
4 14 73 33 134 1 9
6 87 86 23 222 9 1
84 6 83 69 255 1 6
22 76 92 35 231 7 6
72 55 75 15 237 8 9
40 37 33 23 149 5 3
10 96 2 25 140 3 3
84 73 21 91 308 7 8
27 28 33 41 138 1 4
97 87 69 43 304 7 1
27 67 100 74 320 8 4
84 80 2 81 271 6 9
70 28 73 10 207 6 6
29 86 33 30 206 1 3
21 58 71 60 230 6 9
1 25 8 9 46 9 3
60 59 83 14 247 4 7
52 38 45 43 198 4 8
47 34 63 90 256 5 3
1 25 61 6 106 6 5
89 31 31 13 189 6 1
12 2 69 76 159 7 1
96 36 12 19 194 5 6
19 13 79 45 165 6 10
21 38 99 24 190 6 7
15 83 48 42 208 9 10
98 10 25 44 207 4 3
56 33 60 14 176 9 4
59 76 83 46 305 2 8
100 83 68 34 287 10 6
86 72 37 22 222 2 10
92 92 1 35 222 3 1
47 4 74 35 167 3 7
100 37 48 37 252 5 5
38 33 3 65 166 3 6
95 26 5 16 162 2 5
50 75 93 84 359 10 2
24 58 23 98 210 2 7
88 99 83 93 364 10 2
63 32 22 11 135 5 1
33 19 86 31 202 9 1
58 2 58 52 199 8 9
6 61 59 93 252 1 9
28 22 83 73 234 8 8
43 73 4 88 236 2 10
76 97 50 82 305 4 2
75 25 76 24 236 8 3
89 97 77 71 351 2 9
54 98 87 55 331 7 9
9 12 60 58 160 5 9
49 44 3 98 218 4 2
27 68 44 73 246 1 3
57 69 93 74 307 6 8
68 20 82 18 195 5 3
13 53 19 58 152 2 1
86 68 56 3 251 8 9
15 84 53 38 206 9 10
45 8 52 64 196 6 6
11 90 38 67 229 2 6
15 16 56 29 117 4 4
94 70 58 10 266 4 7
44 52 29 59 194 2 1
40 42 1 82 181 5 4
76 90 10 92 290 2 9
47 34 17 46 144 4 9
43 11 13 33 117 6 4
36 73 70 55 279 10 8
92 8 28 53 187 3 2
37 6 98 96 242 8 10
17 18 86 20 160 6 8
24 9 12 62 115 7 8
61 71 21 93 285 7 9
33 12 11 10 69 9 3
37 38 8 85 187 10 8
88 50 69 84 301 7 7
42 83 98 97 321 9 7
52 11 72 79 216 2 2
27 58 30 82 206 7 4
25 46 46 39 186 10 1
55 94 88 48 327 8 8
27 80 64 66 253 5 8
64 95 10 9 209 10 2
64 35 16 2 121 3 2
45 85 69 2 240 4 3
66 55 4 55 197 10 4
14 89 61 45 215 4 1
26 44 86 79 258 3 6
26 79 67 36 220 9 6
80 89 92 77 395 6 4
95 93 83 61 372 8 3
42 65 71 22 233 8 7
60 10 92 24 188 6 8
23 50 96 90 283 5 10
26 38 46 44 176 3 3
92 92 41 57 331 1 6
91 11 1 5 121 4 4
85 84 57 66 316 3 10
29 40 55 45 186 4 1
89 95 81 69 400 3 3
18 71 37 75 203 6 8
14 52 97 6 179 4 10
97 46 21 57 229 1 2
70 7 89 64 250 8 1
76 32 12 72 209 9 7
17 15 64 72 175 6 8
88 3 78 50 251 5 1
55 18 12 52 152 2 4
70 5 92 28 207 6 7
71 34 23 40 173 8 2
26 69 2 2 105 5 10
35 28 4 73 159 2 6
40 26 33 14 126 1 8
78 10 14 86 189 8 10
54 61 72 49 271 10 5
92 93 30 41 272 5 2
49 9 94 25 181 2 7
96 46 44 15 209 3 4
12 33 24 54 133 2 6
40 53 63 38 215 10 1
13 20 99 9 143 3 5
47 70 18 42 187 7 3
51 20 9 91 194 1 3
55 49 94 98 321 6 7
52 67 33 5 162 4 5
31 86 27 44 201 5 4
86 94 15 5 215 1 6
76 33 61 73 272 4 2
37 99 39 70 262 10 1
8 87 54 4 170 10 2
21 61 73 95 250 7 2
45 41 92 15 207 2 1
17 97 30 24 171 3 9
64 34 34 18 154 3 3
22 85 13 85 231 3 7
25 64 88 94 294 4 6
30 99 76 42 253 4 1
31 48 25 45 177 8 5
35 13 6 85 151 7 5
93 24 18 60 223 7 6
20 56 20 25 121 3 8
86 97 1 97 304 1 3
65 66 72 40 243 5 5
98 58 45 71 301 8 6
75 53 98 67 327 6 7
29 59 11 96 230 3 5
64 96 43 69 321 3 8
52 61 53 30 229 7 9
10 60 57 16 169 7 1
48 87 71 80 325 9 2
