250
4 2 63 59 144 8 6
21 15 91 31 161 6 8
17 43 79 5 165 8 1
17 64 4 67 154 7 5
27 59 92 99 279 4 9
39 60 99 76 293 4 2
87 33 60 34 255 8 7
95 54 34 98 292 7 4
68 62 71 44 249 1 8
43 39 92 25 215 6 7
27 67 17 48 162 9 9
4 53 77 46 185 10 9
98 61 73 12 266 5 9
44 41 86 38 244 10 5
78 55 84 52 298 7 2
34 28 43 10 128 5 9
68 65 17 20 189 1 10
70 34 48 66 247 6 7
47 48 26 51 174 8 6
23 4 77 40 173 10 3
95 28 18 15 159 8 5
69 74 55 74 296 2 4
42 21 89 64 231 2 6
55 76 66 80 304 4 8
38 89 14 41 190 10 4
58 38 4 70 192 9 10
9 26 37 5 80 8 1
44 3 15 7 81 2 4
47 77 96 75 344 1 7
56 67 8 93 258 8 3
43 13 10 16 89 3 2
33 10 36 4 83 5 9
94 96 83 94 371 3 7
25 13 34 41 136 4 2
77 12 95 61 266 8 7
80 48 28 9 180 4 5
30 30 79 63 211 4 7
40 2 24 66 151 4 5
41 41 27 96 233 7 4
25 97 25 18 183 4 3
69 25 61 62 244 10 5
40 86 59 32 231 5 6
78 48 67 19 216 3 1
21 4 73 47 162 10 6
64 59 50 92 288 2 6
84 34 25 39 184 3 1
73 28 35 82 251 10 9
12 11 79 19 140 3 3
92 1 72 85 267 8 3
5 35 13 31 88 1 1
16 28 21 94 173 4 4
83 77 87 91 391 6 7
38 85 14 10 164 3 2
41 60 16 16 152 3 8
48 89 8 33 212 1 8
18 41 17 93 184 6 4
19 9 40 86 162 5 6
60 56 44 81 248 9 5
49 61 83 53 260 3 3
100 8 35 95 253 6 7
75 88 58 43 279 6 6
12 39 56 40 154 9 5
17 16 38 76 173 10 1
24 64 17 53 187 3 7
23 52 48 34 171 6 10
7 42 39 38 134 3 2
18 30 62 57 170 9 4
84 32 63 49 254 9 3
51 70 23 9 181 3 10
6 35 10 69 134 8 5
43 60 69 41 245 9 6
12 25 74 66 212 4 7
68 34 23 61 203 7 4
25 16 93 100 262 7 9
8 53 79 4 147 4 1
50 100 76 80 312 9 7
100 67 73 58 304 3 4
18 56 31 91 225 10 9
99 14 1 95 210 4 7
24 42 32 43 155 4 9
95 71 55 2 244 7 6
38 21 28 67 172 1 3
92 62 74 31 297 5 1
10 40 21 81 155 5 5
65 10 75 30 204 2 3
3 32 76 55 190 10 7
27 47 7 23 120 5 8
41 11 8 86 171 7 5
14 22 9 22 79 5 5
98 91 76 16 285 4 8
21 97 50 10 182 6 4
10 55 55 12 154 3 9
42 97 86 12 271 5 10
95 44 85 70 309 5 2
97 12 79 90 282 2 7
94 94 85 82 424 4 1
45 14 15 43 137 5 6
80 40 99 44 316 1 10
19 14 48 58 141 8 3
52 96 16 17 188 10 9
91 13 57 95 305 3 10
30 51 17 2 103 1 5
20 3 42 49 130 5 2
85 52 74 47 273 1 10
88 15 64 54 237 5 8
27 73 13 21 136 9 8
57 98 14 25 214 3 7
38 54 27 91 213 8 9
94 67 67 2 231 2 7
41 78 14 56 189 9 5
21 51 87 98 290 5 5
58 95 24 74 253 4 7
84 41 90 69 307 10 7
97 8 44 16 176 3 5
89 35 6 33 168 8 7
11 16 32 90 164 1 10
11 34 12 79 158 3 9
13 46 30 93 187 3 7
69 9 95 78 274 6 2
83 28 89 94 349 10 9
82 37 63 17 199 8 8
43 86 33 89 277 6 1
90 69 62 60 322 9 2
14 87 74 49 244 2 9
24 50 68 94 248 7 10
75 31 2 76 193 8 9
80 85 94 66 387 8 3
49 47 89 80 317 1 5
26 27 20 53 142 6 8
31 55 86 94 316 7 6
38 84 63 7 204 3 1
19 87 69 28 229 8 10
59 42 31 53 192 7 10
51 39 10 95 234 9 4
52 44 99 40 245 8 6
81 57 19 72 255 7 5
99 96 73 71 355 1 7
78 53 54 91 277 5 7
61 100 32 10 211 8 3
67 14 35 63 203 6 6
39 97 47 61 273 8 1
63 12 77 3 156 8 2
91 80 25 37 242 9 1
53 9 42 77 188 10 4
24 91 81 11 211 5 7
63 6 79 33 210 10 10
97 26 13 67 242 9 5
7 92 69 75 260 3 10
46 84 89 58 315 5 2
66 35 58 100 303 10 7
4 76 9 38 128 4 6
21 74 31 23 165 9 3
36 45 58 65 238 4 8
86 23 96 11 244 2 5
49 61 1 66 187 10 4
70 29 58 9 169 6 3
54 12 43 1 122 3 1
56 41 56 82 236 8 2
76 14 34 38 184 5 8
70 3 98 2 175 8 6
88 99 39 41 295 9 6
40 15 23 66 154 2 2
70 18 73 20 186 9 9
74 75 1 56 222 8 6
21 73 40 89 232 9 9
39 58 16 42 158 4 6
23 20 73 48 170 5 2
55 91 12 3 180 8 3
49 57 7 77 200 6 5
81 8 51 6 174 6 6
17 69 62 92 273 3 4
41 92 17 95 284 2 10
89 35 45 15 215 3 4
54 1 65 55 199 10 5
45 75 52 75 266 2 10
58 75 95 74 331 9 5
29 1 54 47 131 10 5
46 12 14 65 149 3 4
8 43 68 86 211 6 3
48 36 14 21 141 6 10
6 85 81 34 243 3 8
37 31 31 16 118 9 7
49 6 96 33 217 10 6
12 74 77 12 181 5 3
74 19 74 91 305 9 2
1 48 8 86 153 1 3
37 86 59 38 225 9 9
87 51 54 27 230 9 5
18 37 25 62 156 6 3
98 9 90 91 294 10 3
98 94 61 1 301 4 10
76 28 77 16 215 7 4
83 44 2 41 177 7 1
52 53 93 79 324 9 2
92 81 33 36 279 9 4
65 36 36 94 266 5 3
82 6 72 92 256 9 1
8 49 71 37 186 8 2
74 56 39 40 229 1 9
2 44 64 78 205 9 9
68 20 33 24 159 7 10
7 85 22 91 239 2 1
57 5 30 51 168 3 10
90 2 75 92 289 5 4
63 86 14 12 188 6 8
54 37 25 20 141 2 3
54 63 77 5 211 5 3
55 46 30 20 160 9 3
59 2 57 3 133 8 10
73 49 68 59 271 1 4
50 88 72 43 263 10 4
99 37 30 12 182 8 2
35 61 19 48 188 7 9
90 67 22 21 228 2 6
78 43 93 77 329 7 2
5 82 14 5 122 3 7
89 94 24 10 242 5 9
53 26 3 67 158 3 4
67 33 11 85 212 6 2
59 71 80 59 274 9 5
64 98 33 14 248 8 1
11 30 83 73 215 8 6
42 8 23 50 148 2 6
51 86 40 23 225 10 2
10 90 77 90 318 10 8
40 95 77 76 340 8 1
13 53 28 39 136 4 9
12 50 8 20 106 2 5
73 68 59 53 278 7 1
80 96 49 51 307 2 5
14 33 31 81 174 1 3
39 36 69 59 208 1 4
32 96 29 98 294 8 9
45 11 88 12 187 8 9
6 26 92 40 166 4 6
93 25 97 63 313 9 6
83 50 59 13 225 3 5
8 99 17 15 146 4 7
50 99 97 20 315 1 4
12 88 15 96 239 2 4
66 31 57 14 187 3 3
53 89 70 50 273 4 3
83 3 49 62 207 1 3
83 77 84 89 333 1 6
36 74 35 35 210 10 9
74 15 47 33 192 3 5
24 23 95 61 225 1 10
8 46 53 31 148 8 5
8 52 18 61 149 10 10
89 52 14 35 203 10 5
