50
13 26
82 2
9 6
16 26
93 31
92 40
7 3
62 43
74 8
26 22
49 22
54 46
98 48
10 9
66 18
52 38
30 49
67 4
86 49
4 1
13 15
44 39
18 17
60 13
78 42
4 7
42 18
72 15
18 16
74 3
73 15
24 42
51 43
56 22
99 1
15 25
61 27
30 10
35 49
6 4
76 34
27 48
73 38
68 38
81 2
77 6
65 12
99 16
66 7
23 3
0 1 18 19 8 19 16 19 11 16 3 17 20 1 5 15 15 16 12 15 10 7 8 18 12 6 18 18 12 4 8 16 10 18 19 13 15 19 13 12 13 1 5 4 4 18 3 1 7 7
8 0 9 10 9 2 8 9 4 9 16 3 7 6 10 11 6 16 16 3 6 9 8 4 18 9 13 5 16 15 11 16 20 4 7 4 3 15 20 3 18 9 11 10 20 2 7 10 16 17
13 18 0 5 5 5 2 5 8 15 13 4 5 17 7 8 7 1 13 13 15 10 13 5 14 11 4 2 20 16 16 3 6 10 7 7 14 13 11 3 10 16 7 10 3 16 4 2 1 16
17 11 10 0 9 16 18 1 20 7 20 20 9 16 7 4 11 14 5 15 11 16 7 18 13 13 8 16 2 2 4 1 13 16 10 8 1 11 1 4 19 6 3 12 14 7 9 1 14 9
14 2 15 11 0 9 8 9 19 2 9 18 12 5 15 2 3 1 6 13 17 2 13 8 3 17 1 18 4 8 6 11 5 4 11 20 2 19 12 3 1 16 2 20 17 4 6 4 6 17
17 18 8 4 3 0 8 10 13 16 9 20 19 16 18 16 2 20 5 15 9 2 10 3 19 1 11 12 9 12 16 19 17 2 2 7 18 6 7 12 2 6 18 15 13 2 13 8 1 20
3 17 4 8 2 7 0 17 4 15 10 10 3 3 11 4 2 10 17 7 8 5 13 19 13 18 10 12 17 5 11 6 19 15 12 3 18 10 14 5 14 8 7 17 20 18 18 3 15 10
5 19 1 18 8 9 5 0 16 18 15 10 8 1 3 12 9 12 1 19 4 7 10 20 14 7 3 9 20 13 3 1 12 13 5 10 19 18 13 1 6 10 17 1 10 7 14 16 15 15
14 2 20 3 11 7 7 5 0 1 15 16 7 11 7 2 7 10 2 19 17 18 17 2 9 16 6 12 10 13 4 11 13 5 19 11 18 7 11 17 8 18 19 16 1 2 2 14 11 6
10 20 18 6 6 11 7 3 15 0 20 12 11 12 8 12 4 19 2 13 18 3 18 5 6 16 6 1 20 3 14 11 16 4 3 11 12 20 10 16 15 4 3 11 13 18 12 9 16 7
13 2 8 15 2 12 16 17 14 5 0 1 8 17 15 1 19 8 7 10 4 4 2 11 17 16 14 8 11 11 18 9 17 14 17 4 18 14 3 4 10 8 8 9 17 10 3 6 6 9
13 7 4 20 4 6 19 1 16 10 1 0 6 17 9 12 5 7 4 3 18 20 4 12 17 17 15 19 7 20 15 12 13 7 11 6 3 2 17 11 14 12 7 1 20 8 15 6 3 2
17 1 10 18 19 17 20 9 10 10 19 10 0 13 20 17 16 9 10 12 1 17 7 19 17 4 15 3 15 13 12 11 8 5 3 20 14 3 15 20 2 11 18 4 5 8 9 12 1 14
14 17 15 9 20 15 10 17 19 3 14 16 14 0 20 16 16 1 11 7 2 8 19 9 5 6 7 3 3 16 4 4 9 2 10 20 19 15 17 13 16 6 20 7 10 8 5 10 20 14
16 16 10 15 19 16 5 19 13 19 15 12 12 6 0 13 9 5 15 8 9 10 16 20 13 10 8 10 5 9 6 1 14 18 7 8 9 3 15 14 12 3 4 9 8 13 16 2 17 19
4 13 2 5 1 14 3 9 2 6 1 7 20 20 4 0 1 5 3 15 16 19 3 13 12 5 10 18 13 10 1 3 13 10 20 6 15 19 8 3 18 10 6 16 6 20 10 14 7 3
10 6 11 7 13 4 4 11 17 17 13 1 17 3 13 6 0 7 15 11 17 18 2 20 19 7 10 10 10 3 14 17 1 20 19 1 12 5 5 7 11 3 5 19 6 7 20 9 20 19
8 20 17 9 17 7 12 18 17 15 6 5 10 9 9 7 3 0 18 17 12 7 4 9 1 14 10 15 11 8 9 14 7 3 17 9 13 13 13 14 3 15 20 2 12 6 19 19 6 12
6 13 12 12 10 14 3 13 17 20 3 14 11 19 20 18 16 5 0 6 8 11 3 15 7 3 11 1 15 11 5 5 18 10 1 7 17 9 8 9 13 16 5 9 19 9 5 18 7 13
2 19 12 5 1 20 15 18 3 2 2 16 8 10 8 4 13 20 11 0 18 17 13 20 1 14 8 18 13 7 17 10 9 17 16 15 11 20 10 6 4 3 18 10 15 13 20 16 16 19
4 19 2 20 3 8 16 1 3 2 18 15 13 10 3 20 18 2 9 3 0 18 4 5 13 17 1 18 11 16 17 1 14 19 20 3 16 3 11 4 2 15 7 16 12 18 4 12 4 11
19 8 6 3 17 6 7 2 19 1 18 14 3 1 19 11 17 12 18 10 12 0 9 13 12 18 17 13 8 15 14 13 12 13 20 6 17 7 19 4 2 14 4 11 12 5 9 16 18 7
3 8 8 2 9 18 16 12 15 8 5 8 16 4 12 4 7 14 18 6 5 10 0 9 7 17 11 6 18 2 20 8 13 4 18 9 11 5 16 7 6 10 5 1 15 3 17 8 18 19
4 5 12 1 9 3 10 1 2 1 12 13 5 5 5 20 16 8 6 15 15 6 13 0 5 18 4 20 17 6 1 8 2 19 4 16 6 7 15 17 16 8 14 13 17 20 10 14 12 7
1 5 17 18 9 6 2 2 7 2 18 11 20 11 18 11 7 10 14 5 6 13 19 5 0 15 15 13 17 15 17 10 11 10 8 16 16 19 9 8 17 12 14 7 4 16 15 13 13 17
20 10 6 2 18 19 1 8 7 4 15 17 8 13 17 20 10 13 19 9 6 20 5 3 1 0 7 17 11 7 11 9 11 3 4 3 17 5 15 12 13 18 15 13 13 9 20 14 10 15
9 14 8 11 5 10 15 9 6 16 9 3 10 2 16 2 18 10 20 11 13 13 14 6 11 8 0 10 4 1 12 7 1 20 18 17 18 8 3 11 19 9 9 2 14 17 7 8 18 3
18 8 9 16 13 10 5 6 1 17 6 17 3 10 3 12 10 13 1 1 17 20 2 2 17 11 13 0 20 17 4 17 20 13 14 13 14 17 2 10 5 19 14 17 16 16 17 18 8 10
3 1 17 5 13 14 17 8 4 19 13 10 6 17 3 9 3 6 2 5 17 11 15 7 1 8 3 4 0 6 9 4 3 5 12 20 1 19 12 14 7 8 8 4 4 7 1 17 4 13
5 11 7 2 5 1 7 19 13 11 19 11 14 1 9 16 17 6 11 20 12 1 7 4 13 16 5 20 4 0 16 13 4 18 5 20 7 15 12 8 5 7 20 8 6 3 18 15 19 7
20 10 1 2 15 12 6 17 15 12 10 15 20 7 18 14 13 17 3 4 6 2 20 16 6 1 1 19 3 15 0 5 12 15 2 5 20 1 7 1 19 6 7 19 5 7 13 3 14 1
2 4 7 15 6 9 20 2 14 10 16 2 8 8 12 9 4 13 18 2 16 16 7 6 7 8 14 13 8 10 7 0 13 12 5 5 8 16 19 17 7 16 20 3 4 11 14 11 5 10
20 16 6 4 7 4 14 17 20 3 15 4 5 3 4 10 6 4 2 2 16 3 17 4 6 20 17 9 11 7 11 15 0 2 18 11 10 18 19 9 20 3 20 11 19 12 20 16 8 4
7 14 8 13 13 5 19 14 17 3 4 14 11 6 19 18 20 6 12 17 8 13 3 15 9 18 3 6 1 9 12 17 16 0 7 5 5 16 17 14 5 2 19 1 4 13 16 13 16 6
8 14 2 11 3 3 18 9 1 6 8 15 5 2 14 13 8 17 3 5 19 15 19 15 14 17 5 7 7 4 9 14 18 18 0 14 6 11 1 7 18 1 14 12 14 6 8 12 20 1
4 1 14 1 1 14 4 11 10 11 7 13 10 6 19 14 8 2 5 12 5 14 16 10 4 16 7 5 14 3 10 14 2 5 18 0 1 11 1 5 18 18 1 10 13 15 1 13 5 9
16 2 8 8 11 4 12 20 6 5 1 3 10 17 2 15 4 13 6 16 20 20 9 17 8 6 11 15 14 9 20 15 11 15 20 7 0 4 11 1 20 4 6 11 11 6 3 12 19 17
19 10 18 17 16 14 11 6 13 8 13 4 15 16 17 15 18 17 12 11 8 3 1 12 2 6 10 1 15 16 9 9 4 14 6 17 1 0 7 16 11 10 13 20 5 17 3 19 19 5
6 2 16 16 7 3 11 14 12 10 18 12 15 1 17 8 5 19 10 4 2 2 18 8 20 7 5 5 14 18 10 2 19 1 18 5 15 7 0 16 3 17 6 7 5 6 19 15 3 12
5 7 8 10 12 15 4 17 16 13 10 3 20 3 7 6 18 13 15 5 3 6 6 10 17 11 9 11 1 19 12 17 20 4 2 8 11 3 17 0 6 14 2 6 3 15 2 8 1 10
2 20 8 6 10 12 15 3 16 18 17 2 17 2 1 2 18 2 5 6 8 18 7 13 16 20 17 5 2 6 13 1 16 6 16 6 4 2 8 15 0 14 12 4 8 19 15 14 4 2
4 15 5 5 17 7 4 15 4 16 16 15 8 14 6 11 17 15 14 20 11 14 10 6 7 7 1 2 1 2 5 17 12 18 15 7 16 11 13 11 4 0 14 12 12 14 6 7 10 8
19 16 19 12 20 3 3 10 9 16 8 4 17 20 1 16 12 6 16 17 17 3 19 13 6 12 18 10 11 15 7 4 3 19 9 7 8 7 4 13 5 18 0 5 13 19 10 11 17 7
11 19 7 8 9 19 12 7 20 12 18 7 15 11 19 12 8 13 12 8 8 4 16 9 12 12 1 15 18 8 15 15 7 2 8 19 4 2 2 18 15 2 2 0 15 15 2 13 6 16
12 6 5 17 4 18 10 20 13 14 19 1 20 8 18 18 5 20 8 17 7 17 8 3 15 2 13 18 13 3 10 19 19 15 14 20 18 5 5 10 17 2 3 11 0 11 14 14 16 4
1 10 13 7 16 11 8 13 14 14 4 11 10 19 16 8 19 8 8 9 12 17 16 16 17 16 16 6 8 4 17 16 2 19 16 3 4 3 2 6 5 19 18 6 4 0 17 11 1 10
3 6 16 5 13 14 4 2 15 2 2 11 18 2 9 8 8 6 15 2 12 10 11 1 12 1 13 8 6 2 13 13 2 6 12 5 9 6 5 16 1 20 3 15 15 3 0 6 1 1
9 7 14 17 20 2 12 8 3 19 6 12 11 20 4 6 2 8 1 19 11 4 10 9 11 17 5 17 1 9 14 12 2 1 13 8 18 20 12 17 16 9 8 4 5 13 2 0 13 15
14 19 1 19 12 7 3 20 13 20 3 7 18 10 15 13 11 10 1 12 12 20 13 6 16 1 19 5 12 4 11 17 13 5 7 11 20 16 14 20 5 10 18 17 8 19 15 6 0 11
19 11 13 6 11 17 10 11 4 17 2 8 5 11 17 16 9 1 14 19 1 17 16 13 8 12 20 9 19 8 1 18 1 15 1 16 17 6 9 2 10 16 6 13 2 18 4 20 2 0
