38 4
76 20
14 4
47 10
55 18
82 9
58 1
92 12
92 16
87 20
30 11
25 16
62 1
80 18
27 13
9 2
69 10
87 12
32 18
60 15
53 7
72 7
46 10
22 18
73 9
14 3
70 8
60 17
52 10
43 5
60 12
25 19
41 7
52 16
29 10
9 4
10 4
83 16
76 7
9 14
58 16
37 18
7 13
86 3
16 3
100 15
98 11
76 2
20 19
23 20
87 14
31 17
86 17
86 14
24 14
54 4
87 18
20 6
10 5
45 2
29 14
100 1
42 4
15 2
86 2
64 12
58 15
41 11
29 18
81 6
38 8
7 12
30 3
58 15
23 3
63 10
54 8
8 2
97 16
12 18
10 1
92 4
28 17
21 1
91 11
33 12
63 4
56 3
80 17
15 8
78 10
59 4
77 6
20 6
11 9
87 14
59 17
80 18
29 12
7 11
50 11
40 13
61 10
51 12
3 4
71 19
36 8
27 14
4 5
89 12
51 3
38 9
78 9
89 10
83 12
29 6
39 19
98 20
75 8
22 14
28 8
80 9
91 6
94 8
77 7
4 8
70 4
77 7
53 9
18 12
43 20
23 8
95 7
28 11
8 12
95 12
45 7
38 20
8 5
59 4
86 12
72 18
84 17
11 17
82 2
99 20
52 15
40 9
14 13
38 15
82 13
22 20
42 12
40 9
9 11
19 15
93 3
71 5
44 13
58 17
14 17
25 8
47 17
94 20
85 8
19 19
26 15
31 3
42 5
26 13
41 16
98 19
64 15
93 16
33 17
78 3
59 3
6 4
20 11
52 5
5 5
87 6
30 19
36 11
25 6
12 20
38 4
98 10
17 9
6 7
44 17
71 1
82 11
17 18
65 13
82 17
20 2
80 16
43 10
59 2
63 14
98 18
20 14
36 7
57 1
17 14
73 20
41 2
11 6
56 13
80 6
32 1
52 14
23 3
24 13
67 9
56 16
86 7
57 12
50 20
54 16
48 20
19 2
17 1
35 19
78 9
51 5
44 15
27 6
17 18
87 20
100 6
81 1
69 16
98 10
62 4
18 13
21 11
35 15
37 13
96 11
36 7
58 18
6 10
44 11
39 3
61 19
88 11
15 12
7 12
25 13
34 7
65 6
9 14
44 7
10 10
61 15
19 20
37 3
44 8
36 19
28 5
69 19
90 15
16 12
88 1
6 10
79 11
47 15
53 17
1 2
35 7
32 20
78 4
48 13
79 15
14 2
88 19
13 11
35 4
11 16
70 10
12 3
45 8
17 20
75 10
96 19
78 3
53 14
96 7
4 6
74 13
53 4
87 8
2 2
74 11
83 16
45 15
59 17
53 11
94 12
18 9
21 1
23 4
81 15
2 4
65 13
7 5
47 19
23 5
20 9
4 2
57 17
4 4
81 3
91 5
11 3
52 10
11 19
52 1
46 17
1 2
46 2
33 16
32 1
90 13
70 7
81 14
99 13
89 1
74 20
15 14
69 2
47 12
28 16
43 18
59 19
82 4
76 3
25 19
15 18
2 4
60 11
35 15
9 15
52 11
89 3
94 11
13 11
96 10
