26 9
75 4
23 3
44 14
48 12
98 13
41 2
79 14
96 14
85 8
33 12
64 10
39 8
49 20
22 14
61 14
77 4
15 6
43 11
50 3
15 19
47 12
75 17
47 16
61 5
74 19
31 19
60 11
98 15
64 19
52 14
25 15
95 13
99 15
81 1
17 14
87 12
68 4
90 19
73 14
34 13
35 14
99 18
65 15
29 15
58 5
95 17
97 18
64 1
17 3
99 6
38 16
52 16
57 4
54 20
56 16
95 1
17 18
95 18
88 13
5 6
32 7
82 13
90 9
8 8
52 11
3 3
79 13
55 20
55 16
51 2
54 10
72 16
49 9
7 4
17 20
79 11
94 20
37 8
21 17
26 2
70 10
35 20
74 9
72 1
55 3
90 4
57 12
90 1
93 16
92 20
74 12
26 18
78 3
89 19
58 20
47 1
41 2
71 16
36 12
18 16
11 17
61 13
2 2
93 6
78 15
96 13
76 4
51 13
24 3
95 9
76 11
8 9
12 15
70 8
43 8
22 17
23 6
99 5
22 3
44 19
33 5
33 3
20 2
25 20
87 3
74 5
91 9
22 14
7 14
49 19
74 10
33 3
84 19
64 11
100 2
72 9
22 7
10 6
10 18
30 14
40 20
47 11
18 15
72 8
37 14
47 20
54 10
48 12
28 10
