92 6
59 20
58 11
80 6
54 14
19 6
87 18
99 10
47 1
2 3
9 6
7 8
64 5
40 12
43 6
34 17
100 3
61 2
29 3
33 1
11 20
83 19
6 5
93 4
75 18
34 2
90 15
33 18
20 3
67 1
70 19
70 15
43 2
62 12
66 3
13 6
70 8
55 14
29 19
69 15
72 3
39 8
16 14
14 12
6 11
72 18
20 5
32 20
53 4
4 3
3 2
64 13
90 6
48 3
49 19
47 13
53 9
95 3
63 2
92 5
15 1
7 5
44 8
28 15
36 7
55 1
39 4
21 6
48 19
54 5
92 17
34 16
66 1
58 6
91 6
60 6
1 2
42 3
33 8
88 13
6 9
53 2
4 2
2 4
36 17
39 1
26 14
40 11
10 12
15 11
71 20
69 17
23 20
50 11
85 2
37 3
74 17
17 5
47 13
66 13
52 1
57 16
89 3
49 1
86 15
4 5
58 1
17 13
16 18
20 16
41 3
51 12
6 7
84 9
1 2
52 1
23 7
85 9
48 10
61 2
30 6
33 15
7 14
97 13
27 1
15 9
10 8
59 13
36 11
64 13
79 15
21 11
49 8
7 11
54 11
78 14
59 3
17 5
19 18
80 19
35 2
54 19
56 10
89 11
34 9
68 8
75 4
33 9
7 4
95 2
51 18
95 12
90 10
97 13
94 18
77 18
90 3
32 11
99 11
98 17
38 19
46 2
99 2
99 6
38 19
12 10
53 17
74 16
2 1
18 20
85 1
33 4
64 5
64 5
77 17
60 1
39 18
81 16
95 10
47 16
66 2
33 16
90 4
80 19
87 13
82 20
75 2
84 10
97 1
79 4
90 20
38 13
32 3
43 13
74 17
84 3
70 18
62 3
91 3
19 2
