89 18
75 1
54 15
48 10
79 18
59 18
12 10
100 18
61 7
46 4
97 16
94 7
30 7
58 17
87 3
74 11
85 7
23 5
11 11
37 14
92 7
46 6
89 16
59 10
83 7
95 7
34 16
25 16
36 17
50 12
24 15
65 16
45 3
26 14
8 7
70 5
22 5
1 2
25 12
77 9
82 13
46 16
92 18
6 5
19 5
87 11
34 19
37 5
59 4
2 2
94 13
96 10
75 18
17 16
91 8
33 3
73 7
4 4
82 15
4 2
27 2
43 3
99 19
87 16
61 6
67 3
10 2
24 2
34 13
18 19
8 3
91 3
42 1
40 18
17 6
92 11
92 4
6 8
79 17
35 10
32 19
27 10
77 14
37 6
19 3
6 6
73 13
50 10
59 18
79 10
43 8
39 7
58 8
57 15
84 8
90 3
51 17
61 15
77 20
34 1
6 6
10 14
49 4
77 15
41 3
2 1
21 6
28 15
25 17
60 1
51 6
44 20
36 10
78 1
78 9
65 4
24 12
44 9
3 1
4 3
96 6
40 10
21 7
28 9
23 7
62 11
5 1
5 9
94 19
46 7
89 5
55 17
94 6
4 1
43 9
16 3
88 12
50 14
62 17
4 2
36 9
1 2
29 20
56 20
26 19
1 1
96 7
57 17
86 20
16 8
89 12
58 7
21 8
36 9
72 5
6 4
5 6
10 4
87 14
64 8
60 2
91 14
40 8
76 11
79 13
53 20
92 17
67 18
7 5
70 5
92 9
80 5
30 11
3 3
67 6
4 2
47 14
47 15
60 13
23 12
18 3
42 5
50 13
14 18
86 17
11 5
22 13
67 7
60 18
99 8
62 3
83 4
3 5
21 3
36 4
56 5
16 17
15 12
14 8
31 16
4 8
67 4
46 10
24 14
90 14
5 4
47 10
60 11
81 3
2 3
66 7
46 7
53 16
66 6
19 19
37 3
73 9
55 11
3 2
56 7
6 8
12 5
56 15
25 4
73 2
69 20
2 1
80 20
78 14
72 16
19 2
54 9
18 1
40 19
80 20
79 15
33 6
25 15
54 11
20 2
49 10
3 6
38 13
99 7
47 14
68 4
54 19
97 15
17 11
53 20
48 16
68 4
9 10
76 9
60 6
23 1
43 8
82 5
16 9
66 20
58 9
90 10
94 18
6 1
99 17
26 16
53 16
91 13
82 4
22 14
12 19
13 13
43 20
77 10
6 8
16 6
51 18
16 6
11 7
79 15
46 17
87 8
34 1
22 15
81 2
43 2
97 11
69 18
49 15
22 17
95 11
97 16
49 6
8 5
22 13
14 6
7 12
33 10
79 4
51 8
6 3
68 15
85 16
39 17
85 16
74 8
97 7
26 7
47 15
31 16
100 6
41 18
47 7
75 18
88 10
87 11
83 11
7 8
27 9
43 4
45 5
63 13
18 20
18 18
81 17
74 19
2 1
83 11
19 1
36 15
82 17
61 15
88 14
12 16
66 19
39 8
12 6
30 14
25 4
64 8
1 1
2 1
32 5
4 8
27 1
89 8
58 3
43 11
88 8
19 7
55 5
28 5
38 7
42 10
20 6
30 18
39 17
94 7
68 17
69 16
30 6
5 8
48 6
26 1
24 7
7 11
14 12
25 18
90 6
25 2
65 16
77 14
96 18
62 2
82 7
56 16
27 5
93 3
1 2
76 18
58 8
81 5
96 18
88 17
88 7
19 20
51 3
78 17
97 8
30 20
69 14
66 20
82 15
40 5
24 15
4 7
75 11
73 1
89 6
85 12
