500
1.0 1.03 1.83 1.21 1.05
10 1 21
16 3 25
2 4 11
10 7 25
13 5 26
9 1 19
11 6 25
19 10 33
13 4 27
19 5 27
13 3 24
6 7 23
9 5 15
9 5 19
19 7 35
10 7 23
15 7 29
10 4 23
14 5 21
7 8 21
7 5 16
7 8 18
9 9 25
14 2 24
8 3 15
16 10 30
17 6 29
18 5 28
18 2 22
7 10 21
18 9 29
3 4 13
12 4 25
20 3 27
17 4 24
20 7 28
2 5 9
2 6 11
8 2 19
3 0 5
7 3 15
9 10 28
1 4 12
12 5 18
19 3 29
1 5 14
17 1 28
13 3 25
10 4 20
9 9 25
4 4 18
4 7 15
19 9 33
19 7 28
20 3 29
9 6 21
6 2 15
13 1 22
20 5 34
10 3 20
1 2 9
20 2 25
11 7 27
2 6 15
14 3 23
19 1 21
5 7 20
1 9 13
14 3 23
17 10 30
10 1 13
19 6 29
13 6 21
7 5 15
13 0 23
6 7 15
17 1 24
9 0 12
14 1 25
10 1 18
14 8 30
15 1 25
11 6 21
8 0 13
1 3 6
13 5 28
17 6 31
6 9 17
18 4 30
13 4 18
15 8 30
15 5 21
9 10 25
17 7 25
11 2 20
20 4 26
4 0 9
10 5 20
12 8 29
19 0 23
11 4 24
8 8 21
19 10 39
9 9 20
5 8 14
3 2 8
8 1 15
9 4 16
3 2 6
7 5 14
10 6 25
4 4 17
20 9 35
1 9 19
6 2 12
6 1 14
19 8 30
8 1 19
19 7 28
13 1 18
10 3 22
11 8 23
8 10 24
18 8 27
9 6 24
10 3 18
1 2 10
11 8 28
16 7 29
10 8 23
13 6 21
15 0 22
11 4 17
19 6 28
2 8 16
4 4 10
17 2 29
4 7 20
4 7 19
8 0 13
11 8 20
14 6 28
13 3 23
14 5 23
19 5 33
9 10 25
15 7 30
20 3 30
13 5 25
2 7 15
8 3 17
13 10 27
11 2 16
11 4 16
13 5 19
18 4 24
17 7 34
19 10 33
17 3 21
16 5 26
14 1 19
11 7 19
13 4 18
14 4 28
18 8 33
19 8 34
15 1 19
3 1 8
18 5 24
20 0 28
2 1 9
15 4 29
9 0 12
5 4 11
9 7 24
14 8 29
15 4 23
8 3 21
5 4 12
8 0 10
12 8 25
10 5 16
19 10 39
20 10 40
16 7 27
18 3 22
2 2 10
9 5 19
18 1 21
8 7 21
6 3 10
15 2 27
17 3 28
12 8 28
17 3 23
17 4 29
7 4 14
6 9 24
2 1 4
7 7 16
13 2 18
15 2 20
14 6 25
5 5 18
19 5 27
17 3 28
17 0 27
2 10 19
7 0 11
1 6 12
18 10 32
19 10 30
17 10 33
16 8 27
2 3 7
7 8 24
15 3 21
2 0 11
16 4 23
5 0 15
16 8 29
18 9 30
18 6 26
9 1 14
15 3 23
11 2 21
18 4 25
15 10 35
12 2 22
1 1 12
17 8 28
8 6 18
1 10 14
7 8 18
7 10 25
6 1 14
15 7 28
17 4 24
6 3 18
9 9 26
7 6 14
18 9 33
19 9 33
2 10 21
17 1 22
20 3 33
7 8 17
18 4 32
1 0 7
8 0 9
14 10 26
19 1 30
15 10 33
2 7 16
10 6 19
19 6 35
3 10 21
7 4 13
9 3 16
16 1 27
6 6 20
16 5 29
19 5 34
16 5 24
20 1 22
12 8 24
16 3 27
16 5 25
16 8 27
20 10 37
16 10 36
15 2 20
19 7 30
16 7 24
15 7 27
19 3 24
10 7 26
5 7 13
18 4 32
20 7 36
17 5 23
19 7 29
18 3 24
5 10 21
16 6 23
17 2 21
4 2 7
18 3 23
18 7 29
9 8 18
19 1 27
13 6 29
15 9 32
18 1 25
1 0 9
9 10 24
4 7 15
14 9 29
7 9 25
20 0 28
1 1 11
1 6 9
19 9 36
19 8 37
15 0 19
10 8 23
13 8 30
18 2 22
6 8 23
7 8 17
20 1 31
16 5 22
3 10 20
1 7 14
16 1 23
1 4 11
4 3 17
6 5 20
20 1 24
18 9 29
9 3 13
12 5 21
12 2 17
10 10 25
12 2 22
14 10 26
11 7 28
2 6 15
11 8 21
10 5 18
10 3 15
12 8 23
14 1 25
3 4 13
1 2 5
4 3 13
4 8 16
8 6 24
8 0 11
10 5 19
4 10 17
11 3 22
17 6 28
1 7 14
3 3 10
12 7 27
3 4 8
4 2 8
12 0 13
16 8 33
20 7 29
2 6 9
10 10 25
20 6 31
1 6 17
20 9 30
17 4 25
11 7 25
3 8 16
17 2 29
1 3 13
9 4 15
20 6 31
11 4 24
8 8 19
1 0 3
3 6 14
19 9 36
13 4 20
15 2 23
2 1 10
2 6 16
11 1 20
7 8 23
3 2 7
5 3 9
3 3 14
10 3 15
12 8 24
19 8 31
7 5 22
4 9 21
1 2 13
13 1 20
20 0 27
20 9 35
19 8 36
15 6 23
17 7 28
7 10 18
3 0 11
18 7 27
15 2 19
4 3 16
2 8 14
2 9 13
8 0 9
12 0 13
19 9 35
2 9 21
15 5 22
7 3 20
1 8 13
15 9 32
11 5 26
2 4 11
8 10 23
18 2 30
5 1 16
5 1 11
15 2 24
10 5 19
20 9 30
10 1 21
2 10 20
15 10 27
12 4 20
6 4 20
19 9 34
16 9 29
3 6 12
15 10 30
4 10 16
19 6 28
8 1 13
7 0 12
3 4 8
5 0 6
18 1 20
20 9 39
18 0 26
18 8 30
12 0 19
13 3 24
15 10 31
4 0 11
6 7 23
19 5 25
10 3 15
8 10 22
9 9 20
8 6 24
4 10 23
5 8 17
19 2 25
2 10 18
1 9 20
4 3 15
17 6 29
8 0 12
14 2 22
4 2 13
14 10 29
11 9 22
4 8 13
12 7 20
12 1 20
20 8 32
2 7 15
12 8 28
5 2 9
8 1 17
2 4 12
20 10 36
17 0 24
10 3 14
1 0 6
15 1 17
2 5 14
14 4 28
7 4 17
20 5 34
17 9 31
6 1 15
18 5 33
13 8 22
4 5 19
7 3 17
20 1 31
4 1 14
19 7 36
19 3 31
14 4 27
16 8 30
10 5 16
16 6 30
9 1 15
15 10 29
11 8 27
3 4 8
17 7 28
8 5 19
4 1 10
16 3 22
16 2 23
9 9 22
12 3 25
6 4 14
12 3 24
18 6 26
