450
1.07 1.0 1.53 1.55 1.5
15 6 26
2 8 18
4 4 16
10 5 21
19 9 30
2 9 18
19 10 39
9 1 12
16 9 34
10 2 19
3 8 16
16 3 20
10 7 24
13 0 15
16 6 32
8 2 17
9 7 20
20 3 28
11 9 25
1 0 7
9 4 23
10 4 20
2 3 7
6 2 10
20 8 34
13 0 19
17 1 24
19 3 31
20 7 31
6 4 15
8 7 20
12 2 24
9 5 17
15 7 28
19 5 26
16 0 21
6 5 19
7 6 14
13 9 24
6 0 12
12 6 26
10 2 22
4 4 9
19 5 34
4 9 23
14 8 25
1 5 14
1 1 11
18 7 33
15 7 30
8 1 14
12 1 15
16 4 28
16 3 27
14 10 34
18 7 32
15 3 20
13 5 21
13 1 24
11 6 23
12 3 19
1 7 11
5 4 13
16 1 21
7 10 22
3 7 18
17 8 27
1 7 18
7 9 23
9 1 18
13 7 27
20 9 34
11 8 24
14 10 31
12 9 25
7 10 25
8 9 19
19 10 38
17 2 27
16 0 24
12 10 31
13 0 15
13 3 24
2 4 16
16 9 30
4 3 8
19 3 27
1 2 7
6 4 16
6 2 10
15 2 27
14 2 23
20 5 35
6 3 14
20 3 33
9 0 16
15 10 30
7 0 16
16 10 36
20 10 39
20 4 33
10 0 11
8 5 20
7 2 17
9 2 19
1 10 19
12 1 22
12 8 24
19 8 29
3 5 13
19 4 28
10 5 19
3 3 16
14 0 20
12 9 24
16 6 30
15 4 22
17 3 26
13 8 24
9 2 14
10 7 24
17 10 37
18 6 27
16 8 25
6 4 12
12 6 23
2 3 14
2 4 9
5 10 25
20 5 34
16 9 31
13 5 27
13 3 26
20 5 28
10 6 26
14 3 26
6 10 26
15 8 29
4 10 18
10 1 19
3 6 18
18 9 36
3 5 12
13 8 22
13 6 28
2 0 11
11 0 15
3 6 15
5 2 13
5 6 13
4 9 18
11 8 23
14 1 24
19 10 33
4 5 16
16 6 32
17 9 36
15 0 22
11 9 29
6 0 15
2 2 6
2 8 19
19 10 30
11 6 26
11 1 22
16 1 19
5 2 8
5 9 21
16 5 24
19 8 36
6 5 12
18 5 26
18 5 33
19 6 26
12 2 18
10 9 25
2 5 13
2 2 8
20 7 30
2 7 16
19 5 32
14 0 15
17 5 25
3 6 18
4 9 21
9 7 21
18 3 25
8 1 18
1 3 14
2 7 14
2 4 12
16 10 30
13 2 19
2 3 7
11 0 20
9 8 26
5 0 10
18 9 36
3 3 14
6 10 22
19 10 37
5 2 11
17 6 30
18 9 28
15 2 27
18 4 26
7 6 19
16 5 31
19 2 31
17 9 27
7 6 16
6 10 23
3 2 15
2 0 8
4 0 11
2 1 13
7 9 23
14 8 31
7 1 11
8 9 25
14 9 25
16 1 26
17 6 33
4 9 21
17 1 21
9 3 22
7 4 18
8 0 17
11 2 20
17 1 21
17 1 23
7 4 16
11 2 22
18 8 36
11 3 23
16 4 22
19 8 33
11 8 20
19 9 36
3 10 18
9 4 18
16 10 32
20 7 32
8 5 20
14 1 21
12 7 25
13 4 23
4 6 19
3 0 10
7 1 14
10 9 22
10 1 20
3 1 14
4 2 16
12 4 26
15 1 24
18 7 27
13 2 21
14 8 30
13 2 18
3 1 11
3 5 16
1 0 7
10 3 16
7 8 17
9 10 28
3 9 17
16 4 28
13 6 27
19 4 28
10 9 24
15 3 24
13 4 18
7 6 18
11 3 20
15 6 31
1 5 7
10 7 27
1 9 17
12 2 22
13 6 24
14 9 28
20 4 33
8 9 25
2 7 10
8 4 20
10 10 21
19 0 22
15 2 26
8 6 18
13 0 20
5 9 20
20 4 34
20 1 31
6 9 18
4 7 15
1 1 4
19 9 35
15 8 30
16 3 26
19 8 34
15 1 21
11 10 25
13 9 26
13 4 26
2 10 21
11 9 28
1 0 3
8 10 27
15 0 21
9 6 24
9 3 16
11 1 17
17 4 27
19 9 31
16 6 29
6 8 17
13 3 23
11 7 24
18 2 23
5 1 13
2 10 18
17 7 26
20 9 38
3 5 14
5 7 15
20 2 27
14 5 22
20 4 26
17 10 37
20 10 33
16 10 27
13 8 26
2 9 15
5 1 14
16 10 33
3 2 15
13 6 27
15 4 20
8 7 19
8 5 15
3 5 14
15 10 31
12 5 24
5 1 14
17 3 29
7 3 14
13 0 23
20 8 37
5 4 18
15 9 25
17 8 34
1 4 10
1 7 16
8 0 16
6 2 11
8 7 17
13 3 21
20 5 33
4 0 12
14 2 19
19 10 33
3 9 17
1 7 10
2 4 12
2 8 19
5 2 10
10 5 17
8 4 19
10 2 17
15 5 23
1 10 13
10 1 20
4 8 16
2 2 6
18 4 26
9 1 19
14 10 32
8 5 18
3 10 20
11 10 22
12 7 29
10 2 18
10 3 23
15 4 29
2 4 13
19 2 26
18 5 31
7 6 23
19 9 36
6 3 14
9 4 21
8 2 12
9 8 23
20 0 28
20 9 33
11 2 15
20 10 32
10 8 23
2 10 16
17 4 23
19 5 27
12 3 24
4 9 22
2 4 10
14 2 24
17 9 31
5 4 18
3 1 13
10 3 22
1 1 8
7 10 23
6 7 15
6 0 10
12 2 16
9 8 19
7 3 17
11 5 23
10 8 20
15 5 27
11 1 13
19 4 27
7 9 17
6 3 16
15 8 32
16 8 34
6 7 15
14 10 30
8 6 15
16 2 23
1 0 3
11 7 20
14 2 21
16 2 28
10 1 16
1 1 12
6 2 14
9 2 13
12 9 31
15 9 27
18 9 32
12 0 18
10 2 20
5 0 12
2 4 8
2 10 18
15 9 27
8 1 14
12 5 25
14 7 22
