100
1.0 1.0 1.36 1.1 1.88
4 7 15
4 10 22
5 2 8
12 1 21
15 1 21
6 3 19
3 7 11
2 2 14
5 9 18
3 1 8
2 8 16
12 5 23
12 4 21
2 2 7
17 6 25
4 10 21
7 5 21
18 3 30
4 7 13
3 5 17
10 8 26
12 9 26
3 2 7
1 0 3
16 3 25
16 0 20
5 8 17
15 1 18
11 6 27
6 9 22
10 4 19
14 5 24
15 1 22
16 1 20
8 8 17
17 7 30
1 3 11
1 0 10
16 4 24
12 10 28
16 4 24
14 2 22
12 4 18
18 6 29
16 7 30
8 9 27
15 3 23
13 4 27
17 4 29
1 9 18
2 2 14
2 9 18
17 6 24
16 2 21
9 0 15
3 9 22
3 3 10
4 0 10
13 7 25
3 1 13
11 0 20
16 3 29
19 0 27
10 5 24
7 4 15
1 1 7
18 8 34
18 2 25
8 7 23
5 1 8
17 0 24
5 0 8
19 2 31
1 10 17
8 2 15
19 3 32
18 10 29
19 5 28
19 7 35
9 2 17
14 4 24
6 3 15
2 6 17
19 7 34
8 5 19
16 4 27
10 3 15
2 1 8
15 3 24
10 10 28
4 8 17
14 7 26
2 7 17
18 0 24
17 2 22
6 10 22
6 6 19
8 1 15
20 4 34
19 3 28
