500
1 3.4 1.9 2.5 4.8
132 0 26
95 10 59
165 19 83
61 29 117
68 42 139
113 51 169
94 59 189
83 70 216
177 83 239
136 88 260
63 100 287
61 110 325
123 119 363
65 132 391
161 143 430
90 155 461
101 168 499
120 173 522
133 179 556
93 186 576
150 200 601
68 208 630
78 217 656
78 225 681
70 232 701
156 241 722
96 252 761
79 264 797
168 278 821
93 284 858
82 296 895
122 304 934
153 312 960
166 325 985
131 338 1009
144 348 1048
68 354 1074
124 361 1101
124 370 1124
179 379 1150
155 387 1170
125 396 1206
152 408 1239
116 418 1262
177 431 1300
65 441 1339
131 454 1363
66 463 1385
88 472 1410
158 478 1442
131 486 1481
80 495 1504
153 500 1536
85 514 1568
119 525 1600
64 533 1637
168 541 1658
143 549 1678
123 559 1708
178 566 1730
137 579 1763
97 590 1796
96 603 1827
137 609 1856
68 619 1890
155 629 1915
60 636 1948
92 648 1976
134 657 2009
104 669 2045
141 677 2065
130 685 2104
167 699 2129
78 709 2163
118 719 2196
105 732 2229
92 739 2262
154 744 2286
177 752 2314
139 758 2335
69 769 2370
108 776 2402
148 787 2437
82 800 2476
170 805 2498
167 816 2534
78 823 2569
64 836 2601
162 847 2630
77 861 2665
90 871 2691
64 883 2728
89 897 2753
72 910 2783
62 921 2815
178 934 2840
136 944 2878
96 955 2917
131 960 2953
93 971 2991
71 985 3027
98 992 3051
61 1002 3076
144 1012 3099
88 1021 3135
95 1028 3161
92 1038 3190
124 1048 3218
147 1055 3257
66 1062 3277
83 1070 3307
87 1079 3332
119 1092 3353
91 1097 3387
125 1102 3408
91 1116 3433
156 1122 3463
92 1135 3501
63 1140 3535
65 1147 3572
138 1160 3611
110 1168 3645
146 1176 3683
108 1181 3716
86 1186 3751
138 1191 3781
155 1198 3804
173 1207 3829
178 1218 3861
89 1227 3897
101 1240 3922
144 1253 3943
133 1267 3973
126 1275 4010
85 1288 4039
132 1294 4064
149 1301 4084
139 1306 4109
69 1315 4140
70 1322 4174
132 1328 4212
82 1337 4243
112 1344 4280
81 1350 4301
107 1359 4327
103 1365 4362
108 1370 4397
93 1379 4432
103 1393 4457
112 1407 4490
142 1413 4514
166 1420 4543
74 1431 4574
63 1441 4605
114 1449 4643
70 1456 4664
85 1468 4690
73 1482 4715
63 1496 4752
67 1508 4790
168 1517 4817
92 1524 4850
173 1533 4877
71 1542 4900
86 1553 4929
158 1565 4968
179 1577 4997
130 1583 5033
65 1595 5070
139 1602 5090
110 1610 5114
157 1619 5137
177 1624 5164
85 1636 5198
144 1644 5224
139 1651 5252
70 1662 5291
161 1670 5323
101 1684 5359
80 1695 5381
152 1700 5403
110 1710 5427
127 1723 5465
153 1729 5491
66 1743 5513
144 1755 5548
102 1767 5578
65 1775 5609
74 1783 5648
76 1789 5674
139 1795 5695
114 1802 5719
81 1809 5744
81 1815 5777
128 1820 5797
176 1826 5834
148 1840 5864
150 1854 5891
176 1864 5915
154 1869 5942
86 1874 5979
145 1881 6006
156 1893 6035
61 1905 6073
92 1916 6097
138 1927 6118
77 1935 6142
86 1949 6166
69 1954 6190
149 1968 6229
179 1974 6254
178 1986 6274
76 1994 6310
72 2006 6338
125 2011 6365
155 2023 6404
85 2035 6433
140 2044 6457
72 2058 6496
174 2066 6519
127 2071 6539
72 2083 6576
76 2088 6604
91 2093 6629
159 2103 6652
76 2113 6691
92 2123 6726
103 2137 6761
174 2146 6789
144 2152 6827
97 2166 6861
175 2175 6893
148 2188 6917
94 2197 6941
84 2203 6971
124 2216 7007
158 2222 7029
144 2234 7049
135 2248 7081
124 2258 7103
154 2265 7142
108 2272 7167
146 2282 7193
137 2292 7213
119 2302 7242
138 2309 7281
144 2317 7304
148 2326 7337
175 2336 7361
116 2346 7392
79 2354 7415
171 2368 7446
134 2379 7467
115 2392 7506
65 2397 7541
66 2404 7580
160 2417 7618
129 2431 7641
89 2439 7662
80 2446 7692
111 2457 7720
86 2467 7757
150 2475 7784
129 2484 7809
176 2494 7844
81 2500 7882
170 2509 7913
90 2515 7949
177 2525 7978
112 2535 8005
134 2542 8038
72 2549 8074
136 2561 8101
121 2569 8133
61 2576 8169
151 2585 8196
106 2598 8226
147 2605 8252
157 2612 8283
158 2622 8304
111 2630 8341
78 2635 8367
136 2640 8389
167 2653 8419
67 2661 8444
99 2670 8483
101 2683 8512
85 2697 8544
83 2710 8566
115 2719 8601
77 2726 8630
92 2734 8662
106 2743 8697
142 2752 8735
104 2763 8763
91 2776 8783
75 2783 8820
76 2789 8847
154 2797 8874
124 2809 8907
157 2815 8927
164 2824 8964
91 2835 8999
120 2845 9037
177 2854 9071
99 2868 9093
106 2876 9126
131 2890 9165
143 2901 9203
116 2910 9241
74 2916 9279
161 2928 9308
79 2940 9335
86 2949 9363
83 2957 9389
155 2962 9416
64 2971 9454
164 2980 9479
88 2991 9506
146 2996 9526
85 3001 9551
92 3006 9582
138 3017 9616
177 3024 9648
173 3031 9670
147 3041 9709
116 3053 9730
130 3061 9764
154 3070 9798
152 3079 9835
169 3092 9871
83 3099 9901
78 3104 9936
158 3114 9965
128 3126 9989
142 3132 10026
137 3139 10063
73 3147 10101
171 3161 10130
128 3169 10164
102 3180 10198
174 3188 10222
177 3196 10261
154 3205 10294
61 3212 10314
76 3225 10341
95 3236 10369
117 3246 10399
77 3256 10431
68 3261 10459
87 3266 10492
115 3274 10513
106 3281 10536
158 3288 10574
157 3298 10599
100 3309 10635
86 3320 10662
67 3331 10699
108 3345 10728
115 3351 10760
162 3363 10795
148 3368 10827
123 3382 10857
164 3389 10890
92 3397 10924
134 3410 10961
177 3424 10999
113 3430 11033
79 3440 11069
127 3452 11094
104 3461 11128
179 3472 11152
139 3485 11181
150 3499 11207
75 3511 11234
119 3520 11269
64 3528 11308
167 3539 11331
100 3546 11362
65 3551 11401
110 3557 11425
111 3568 11454
133 3573 11489
177 3583 11520
80 3594 11541
158 3600 11564
75 3612 11600
123 3619 11625
119 3629 11645
144 3642 11680
123 3653 11718
153 3662 11743
87 3671 11769
110 3680 11800
94 3688 11822
70 3697 11849
126 3708 11872
94 3715 11905
74 3727 11927
122 3738 11947
113 3750 11980
85 3762 12013
88 3774 12046
161 3779 12084
111 3792 12123
89 3803 12148
103 3808 12186
79 3814 12225
87 3822 12247
70 3834 12276
66 3844 12301
173 3854 12334
173 3867 12357
81 3878 12392
109 3887 12419
150 3900 12444
130 3911 12466
70 3924 12501
90 3933 12526
136 3940 12551
109 3948 12577
78 3960 12613
60 3965 12640
166 3978 12663
174 3984 12700
65 3996 12732
172 4010 12755
73 4020 12784
150 4028 12813
89 4039 12850
77 4046 12888
125 4059 12926
72 4065 12954
67 4073 12989
169 4081 13011
65 4090 13049
164 4097 13084
70 4104 13115
87 4113 13153
67 4118 13185
174 4132 13213
126 4140 13233
72 4151 13257
156 4162 13288
89 4172 13308
139 4184 13332
116 4197 13361
132 4207 13385
168 4217 13408
106 4224 13433
72 4235 13469
67 4249 13490
66 4256 13515
152 4267 13536
134 4281 13570
170 4295 13606
160 4308 13642
62 4319 13676
130 4329 13703
127 4336 13724
92 4349 13754
126 4362 13776
64 4372 13796
146 4381 13817
172 4389 13845
146 4400 13869
104 4414 13903
143 4427 13933
86 4440 13956
130 4454 13988
161 4464 14018
163 4472 14046
64 4477 14067
167 4486 14092
126 4494 14119
63 4505 14152
116 4517 14185
82 4524 14214
161 4531 14248
145 4545 14282
178 4552 14306
135 4563 14338
75 4569 14362
174 4582 14385
133 4588 14422
103 4597 14448
106 4606 14474
92 4612 14506
105 4618 14526
90 4631 14553
164 4644 14590
65 4650 14621
71 4655 14644
119 4665 14664
78 4676 14688
149 4681 14711
91 4695 14737
111 4702 14766
165 4707 14798
114 4720 14822
