50
1 3.9 2.1 4.6 1.7
85 0 35
91 10 70
128 20 104
70 27 130
116 39 151
147 53 176
157 58 198
91 68 223
122 76 257
126 81 282
160 94 318
81 99 339
94 110 373
65 119 409
150 133 432
144 147 458
106 159 486
99 166 520
150 174 555
163 184 587
148 195 618
77 203 653
155 210 673
96 216 711
150 230 741
158 238 771
115 251 800
133 265 827
122 272 865
106 281 894
112 286 924
67 291 963
178 297 987
107 302 1017
60 307 1046
171 314 1078
84 326 1113
167 332 1139
74 337 1176
101 343 1214
154 354 1237
87 359 1262
81 370 1283
133 382 1317
103 396 1348
63 405 1378
160 414 1401
77 421 1422
60 435 1444
177 449 1466
