1.14 1.24 1.01 0.56 1.18
19 9 32
19 8 34
20 5 34
16 8 31
9 0 19
19 0 25
9 1 12
5 7 21
6 1 14
3 10 21
9 9 27
9 5 24
3 1 6
2 4 10
7 7 17
1 0 2
16 1 21
17 7 34
11 0 18
10 5 25
18 5 33
15 10 28
13 3 20
11 1 14
12 0 21
18 0 28
3 4 12
18 2 23
3 5 13
2 3 8
3 10 22
9 3 16
9 8 24
7 2 13
15 8 26
13 7 26
9 3 17
4 3 17
3 7 19
5 2 9
10 1 18
10 7 22
19 10 38
4 7 18
19 0 24
19 2 29
15 10 31
6 4 20
9 6 20
7 9 21
5 6 15
17 10 37
8 10 23
7 1 12
18 3 25
8 10 26
10 2 15
7 4 12
8 3 19
4 3 14
18 0 28
9 7 25
13 1 21
3 6 12
13 6 26
9 9 28
4 8 16
16 7 33
1 0 11
19 1 30
3 0 9
2 0 12
6 3 10
18 8 27
16 4 22
4 5 14
12 3 24
10 4 17
19 4 24
9 2 20
12 9 28
16 0 22
17 10 32
17 9 29
14 0 21
14 8 31
7 9 26
11 6 18
19 7 31
15 1 18
11 4 16
14 6 25
20 3 24
11 1 21
7 5 22
7 0 12
8 10 19
19 10 31
9 6 17
19 8 34
8 8 18
7 1 15
20 2 26
18 6 27
14 1 24
9 4 23
6 0 15
11 7 28
12 0 22
12 3 19
12 3 25
3 10 21
2 2 6
8 3 15
6 7 23
10 5 23
10 3 19
1 6 9
3 3 9
11 7 26
19 2 23
7 9 22
17 10 36
4 1 9
9 9 23
2 2 12
2 0 6
18 3 24
2 6 10
14 5 22
3 9 14
19 8 32
12 7 22
20 6 27
7 0 14
20 6 34
9 1 19
18 0 22
7 6 18
16 10 27
19 0 21
4 0 9
13 5 26
7 10 20
3 8 19
4 1 9
2 8 20
20 0 30
19 9 30
9 5 15
5 8 14
5 5 13
15 7 25
6 0 8
15 7 29
1 2 12
14 5 24
7 10 22
15 5 26
5 8 19
20 10 39
20 1 24
7 4 20
14 7 24
16 7 31
5 2 10
17 8 27
2 5 13
8 6 20
20 1 31
20 7 32
12 2 16
16 0 21
2 1 10
11 5 21
6 10 20
3 10 15
6 3 19
13 0 16
12 7 23
17 10 35
9 6 25
3 2 9
9 0 12
17 6 30
17 3 21
13 1 22
20 2 26
20 8 29
1 4 15
16 4 29
5 3 18
17 1 24
13 9 32
6 8 17
20 0 26
20 9 36
2 0 8
1 1 5
20 7 32
