0.92 0.54 0.9 1.46 1.09
9 7 25
14 5 27
1 5 10
15 0 16
14 3 21
5 7 16
17 3 26
4 5 19
16 9 27
3 0 8
19 4 28
1 1 4
11 2 14
11 4 19
5 3 18
13 2 22
8 5 19
3 5 9
10 5 24
19 6 33
14 3 25
19 2 23
19 2 25
6 1 17
7 10 25
15 5 30
10 1 13
3 5 18
12 5 21
8 6 18
6 0 15
7 1 9
8 7 23
18 4 24
7 10 23
1 8 12
2 2 12
4 7 13
3 8 16
3 7 12
10 3 15
11 0 12
12 9 31
9 0 13
1 3 13
16 1 24
12 10 25
10 10 25
13 2 22
10 0 11
8 4 22
7 7 23
6 6 18
5 5 15
8 2 16
6 6 18
10 1 16
3 5 12
17 9 27
2 6 14
17 5 24
18 6 34
9 5 20
19 7 36
15 1 18
7 8 23
4 0 8
20 9 34
16 3 20
13 9 28
1 3 13
1 0 10
4 6 13
5 4 14
4 5 12
6 6 22
18 7 32
8 9 27
14 7 27
15 7 24
7 8 22
10 7 26
4 7 12
16 1 18
16 10 30
19 8 28
18 10 36
9 4 17
6 8 15
18 1 27
7 0 16
17 6 27
13 10 27
16 2 23
3 1 5
3 0 7
1 2 8
16 0 19
12 7 25
5 7 14
13 5 19
5 3 17
15 0 16
20 2 27
4 6 12
4 4 10
1 7 15
3 2 7
17 7 27
19 6 34
4 2 13
19 6 32
6 0 8
1 6 13
1 0 4
8 5 19
10 10 27
12 10 23
5 5 13
4 8 19
16 8 33
14 8 26
9 6 17
8 0 16
9 7 23
19 4 32
17 10 30
18 10 32
15 7 25
10 3 21
10 8 25
11 1 19
7 6 15
16 7 27
2 4 14
2 8 19
18 8 30
14 8 26
2 2 14
10 6 26
15 0 24
19 6 31
6 9 16
9 1 18
13 7 29
17 1 19
17 9 32
7 8 18
18 0 23
9 5 22
