1.43 0.72 1.2 0.73 0.65
10 7 19
10 5 24
19 1 23
9 6 20
12 10 26
19 10 39
2 0 8
7 9 22
6 4 14
15 9 30
14 7 27
14 9 26
5 10 23
2 6 18
2 3 11
3 8 21
18 1 25
10 10 23
9 3 19
8 0 10
3 7 13
11 1 19
18 5 27
15 1 26
14 2 17
20 5 35
9 0 19
13 6 26
4 1 15
7 2 11
3 6 15
7 8 18
19 1 22
15 7 24
20 3 33
9 8 24
11 10 22
2 1 12
12 7 28
20 4 29
11 8 20
1 9 13
15 7 31
12 3 16
9 4 21
7 9 20
20 8 35
19 8 31
17 0 22
11 0 16
18 9 35
9 6 16
14 7 24
8 0 17
17 6 32
19 0 22
2 3 12
3 10 22
2 10 14
3 6 17
4 6 20
9 8 18
1 2 4
6 8 22
8 6 16
8 4 14
5 4 13
13 7 26
6 8 24
8 7 24
17 5 26
15 7 32
18 10 32
4 3 8
4 10 20
16 6 31
14 2 21
14 7 27
8 2 15
16 2 20
3 3 14
15 7 30
13 0 19
14 4 21
2 4 14
9 4 21
4 0 8
12 2 24
6 7 23
18 5 28
17 3 21
3 2 10
19 9 33
8 2 17
4 10 15
15 4 27
18 5 27
6 6 13
8 10 20
4 6 15
17 5 24
11 6 21
4 8 16
15 7 26
13 9 29
3 4 12
14 9 31
20 0 21
11 4 21
20 10 31
11 6 22
4 6 14
13 7 24
9 1 14
7 7 19
16 7 33
11 5 18
1 3 8
14 3 24
18 1 25
3 1 10
17 7 31
13 4 24
11 1 15
11 5 25
1 9 16
2 1 4
9 10 20
16 7 26
2 10 15
18 3 29
4 8 20
20 0 30
10 7 21
10 3 14
19 0 20
18 0 27
14 1 17
8 0 17
13 7 27
10 3 16
5 7 16
14 6 28
20 1 29
14 6 22
9 8 27
10 3 19
13 8 26
11 8 23
1 2 9
15 3 28
14 5 28
9 0 15
17 1 20
16 3 25
18 7 31
8 8 17
16 1 22
15 8 31
20 1 25
9 0 13
15 9 26
17 4 31
17 1 26
8 8 20
9 4 22
14 5 29
19 4 28
6 10 19
1 2 8
17 0 25
12 7 20
15 6 23
13 3 18
13 3 26
20 3 24
16 0 19
12 3 16
19 5 25
15 6 30
9 3 14
12 0 21
10 5 18
15 0 16
6 5 15
3 10 23
6 1 8
4 8 21
11 1 15
11 10 29
7 7 17
19 2 22
15 10 31
16 9 32
19 2 27
6 4 13
16 0 18
12 1 20
12 6 27
16 0 21
12 3 23
18 0 20
18 6 32
12 5 20
13 1 24
9 1 14
4 10 23
13 6 28
4 1 9
16 2 25
7 1 13
7 7 21
6 3 14
5 8 22
18 1 21
3 5 16
19 1 24
14 0 21
1 0 2
2 6 18
10 4 19
20 1 27
10 7 18
1 2 12
14 2 24
13 9 24
6 8 18
6 10 21
19 0 27
7 6 17
18 10 32
19 0 28
10 6 23
4 7 15
7 3 11
2 7 12
10 8 28
12 8 28
10 5 20
17 3 29
16 2 19
16 6 25
7 1 9
8 1 10
18 9 31
11 0 16
18 8 30
5 8 18
1 0 2
2 7 10
