300
1.78 1.88 1.53 1.0 1.17
4 5 14
5 3 16
9 7 19
4 0 11
20 4 34
9 1 12
8 8 22
6 10 21
8 5 15
2 1 9
13 1 22
12 9 25
10 9 23
12 0 22
16 2 20
2 4 9
17 4 23
2 1 9
9 8 22
14 1 17
15 10 35
13 8 28
11 7 28
4 10 21
18 8 32
16 0 21
10 5 24
18 1 21
14 6 30
19 0 27
20 0 29
11 2 15
16 9 35
18 6 31
5 10 16
19 8 30
7 10 20
11 8 25
1 10 17
10 9 23
18 4 28
12 3 17
15 4 27
12 4 24
8 2 14
18 10 34
9 5 24
18 2 23
6 4 16
12 4 20
3 0 7
14 6 22
17 9 28
20 4 33
11 8 25
3 5 15
20 5 26
4 3 13
3 9 22
1 7 11
1 9 19
15 9 28
8 1 11
9 0 17
13 8 22
6 0 16
4 1 10
19 9 32
5 2 10
3 6 10
12 6 21
15 0 24
15 7 31
4 2 14
9 4 21
11 7 23
8 10 23
11 1 20
3 5 16
17 4 24
19 7 32
15 4 20
10 2 16
7 3 11
5 1 13
20 6 36
1 6 16
10 6 21
19 8 28
11 7 27
13 10 24
5 10 19
10 2 16
14 0 24
2 4 15
19 1 25
8 2 20
1 9 18
2 9 19
4 6 20
14 8 28
9 3 18
2 1 5
19 7 32
19 4 32
9 6 20
3 8 19
5 0 12
16 10 33
16 10 29
11 2 15
2 8 11
19 2 22
7 8 20
9 4 21
11 4 25
1 4 6
4 8 13
9 6 22
4 1 8
4 9 18
19 6 33
20 9 35
17 0 23
2 0 4
14 10 31
6 3 10
6 2 10
1 6 16
5 1 8
9 6 22
14 7 27
5 9 16
5 0 7
7 2 14
7 10 18
6 2 16
14 6 25
6 4 14
7 8 24
5 8 18
12 5 26
8 9 25
8 1 15
10 1 21
1 6 17
1 4 14
20 1 28
12 6 25
14 2 25
13 7 30
12 3 16
17 6 25
12 3 18
16 1 19
12 1 18
3 4 8
4 6 15
20 7 29
18 9 34
15 7 30
4 10 16
6 7 18
5 1 15
17 5 25
11 10 25
4 9 15
18 2 27
13 9 25
17 3 23
19 5 33
10 10 25
10 6 26
1 6 14
13 0 23
2 6 9
6 4 19
6 3 12
19 5 34
6 7 21
18 0 22
4 1 11
14 10 31
19 5 31
10 2 19
9 3 15
10 3 17
6 8 19
17 5 24
12 2 24
19 2 27
8 2 19
17 8 35
17 10 30
5 5 12
20 1 24
15 1 17
3 2 6
12 0 17
15 4 24
15 8 28
14 0 21
13 4 21
20 9 38
5 10 16
20 2 30
15 10 31
9 10 21
9 6 21
13 3 21
1 0 7
16 8 31
16 10 27
13 6 21
14 2 18
10 3 22
17 9 34
15 1 19
5 2 14
4 6 18
18 10 30
10 10 30
6 8 23
18 5 28
15 8 26
20 3 26
17 8 27
4 0 13
4 6 13
20 2 31
4 6 12
1 3 10
14 2 23
4 0 11
10 3 19
13 9 25
3 1 10
11 10 25
16 8 29
7 1 15
1 4 11
1 9 12
14 9 29
14 3 25
1 7 18
5 3 18
4 1 12
5 0 8
12 0 14
10 9 20
12 8 28
14 6 29
6 7 20
19 7 30
16 10 28
11 3 16
15 4 28
18 7 34
10 2 14
5 10 20
2 5 14
20 9 38
13 3 22
1 8 13
11 7 22
15 7 31
18 9 29
15 7 24
14 3 22
13 9 30
13 10 25
19 9 36
11 9 23
19 3 23
10 3 19
6 4 16
20 5 29
10 2 18
16 6 29
17 0 18
12 4 18
7 3 17
1 5 9
18 4 31
10 9 29
3 7 12
2 0 6
16 1 22
13 1 20
1 4 8
3 0 13
6 2 17
5 7 21
8 6 16
18 0 20
4 8 14
15 4 22
13 4 24
2 4 10
6 8 21
