350
1.51 1.0 1.11 1.34 1.74
14 5 22
18 8 32
11 0 14
10 7 21
10 6 19
12 9 28
20 9 36
9 3 22
19 2 27
2 1 6
18 8 28
3 8 21
16 5 30
12 4 18
3 3 9
11 10 23
4 1 15
20 4 31
8 1 14
6 7 19
15 2 27
16 5 23
13 9 23
2 10 14
14 5 27
16 8 30
19 9 30
12 6 28
17 5 28
17 4 31
3 7 20
1 10 19
8 0 18
20 2 26
14 8 30
7 6 17
3 3 7
11 5 25
12 2 24
20 0 24
11 2 14
15 0 23
4 6 15
13 2 18
13 4 23
11 5 18
16 4 22
2 5 17
1 8 19
10 8 24
10 8 25
7 9 25
13 8 22
6 8 18
10 5 16
19 9 32
17 6 30
19 2 30
10 10 28
14 2 18
10 7 18
17 2 23
14 4 22
15 0 20
2 8 16
16 7 31
8 4 16
7 9 23
7 9 21
4 4 9
4 10 19
6 6 14
20 1 24
14 10 25
6 7 18
6 7 15
4 10 22
19 7 27
14 10 31
4 9 20
16 10 33
15 6 25
18 10 30
7 9 21
16 4 21
15 7 23
19 7 30
2 8 12
2 1 5
16 5 30
12 0 21
12 5 27
2 5 13
12 2 20
14 5 29
18 10 30
15 2 23
20 7 34
5 4 18
5 2 13
5 1 12
20 8 30
11 6 24
18 10 29
17 1 23
4 3 13
9 8 26
2 10 21
2 4 11
2 8 19
2 7 16
1 1 9
20 1 25
10 9 27
12 2 22
6 10 22
3 10 18
15 9 34
4 0 8
19 3 26
3 0 4
10 1 21
11 3 22
9 6 21
11 1 19
18 5 28
20 4 29
6 2 11
4 5 18
13 7 30
9 2 19
10 9 26
10 8 20
6 5 21
15 5 24
10 7 26
4 2 9
17 8 33
20 1 29
4 5 11
10 4 19
15 7 28
5 8 15
19 8 29
13 5 23
4 9 22
19 8 31
10 7 21
9 6 20
12 8 25
17 5 29
16 10 33
13 8 22
16 2 21
20 9 33
10 1 20
5 8 21
6 8 23
11 9 21
3 10 19
6 0 12
7 7 21
3 2 14
12 6 27
10 10 27
2 9 18
14 3 22
2 9 14
14 1 16
4 4 18
6 1 16
15 7 31
18 10 38
10 7 25
8 5 23
13 5 19
6 8 17
18 1 20
2 10 16
10 8 27
5 2 15
6 6 19
12 10 30
4 7 13
7 6 14
17 9 31
6 1 17
2 5 10
1 3 8
14 1 16
8 8 23
5 0 15
3 5 16
1 3 8
17 0 22
13 6 20
20 3 30
1 6 10
1 2 4
17 5 28
17 9 28
9 5 20
2 10 18
10 7 20
17 6 24
9 3 21
1 4 15
1 6 12
13 2 21
9 5 17
8 4 18
11 8 26
1 8 10
5 7 21
16 10 28
8 5 22
9 4 18
15 4 20
7 8 17
19 1 26
19 7 30
3 2 15
20 4 32
13 8 25
15 5 24
2 2 6
13 3 18
7 6 16
17 0 24
2 7 11
8 5 18
13 4 27
15 0 18
5 1 16
8 2 14
18 10 32
5 5 17
11 0 15
13 9 29
9 8 25
19 9 31
3 0 8
8 4 16
5 4 14
14 9 25
19 2 22
14 2 21
5 7 16
18 10 34
14 5 27
19 0 23
18 3 23
11 1 14
19 2 25
16 1 24
10 2 20
12 7 21
3 7 11
16 8 25
17 6 30
19 1 29
5 7 18
7 3 13
8 4 18
8 3 14
18 4 26
4 7 15
3 4 8
3 7 11
16 2 24
7 0 13
15 1 22
2 8 13
19 0 29
7 9 20
19 4 33
10 3 16
3 9 15
19 0 28
16 1 21
18 4 31
17 0 21
2 6 15
11 9 21
7 4 16
17 8 30
14 5 23
6 0 15
16 5 26
7 2 13
1 4 14
2 2 7
9 7 18
3 4 8
7 6 21
7 7 18
16 10 28
13 4 18
17 4 23
5 2 12
19 2 26
7 10 19
8 7 19
5 8 17
4 8 22
2 5 10
2 10 22
19 0 21
18 6 27
5 8 16
13 4 27
14 6 23
15 1 26
14 3 24
1 8 17
1 3 5
18 3 25
17 6 32
9 3 20
10 0 18
13 3 23
7 10 27
11 10 22
14 5 21
16 6 23
14 1 25
10 1 20
1 4 13
19 2 31
16 5 23
16 0 23
19 3 27
15 9 31
19 2 31
7 1 15
14 7 31
2 8 19
10 7 22
20 8 34
14 8 30
1 2 6
17 3 26
15 9 30
13 9 24
20 2 24
10 2 22
10 10 23
7 10 26
14 10 33
3 7 16
