400
1.02 1.27 1.0 1.72 1.23
6 7 21
12 1 14
10 10 27
10 10 22
9 0 17
8 1 10
5 1 16
1 3 12
11 4 18
9 10 21
2 4 8
10 0 12
14 8 31
8 3 20
17 2 23
16 8 31
10 4 15
15 0 24
8 8 18
15 8 32
18 4 32
9 5 23
6 9 19
16 5 25
13 7 23
7 0 12
10 6 21
7 9 18
7 2 16
3 0 10
3 1 11
14 2 18
4 3 12
14 3 20
11 1 13
20 7 29
20 9 35
18 5 25
8 3 13
6 7 14
7 3 12
11 4 21
15 4 28
7 9 24
8 1 10
5 0 7
12 4 21
20 10 39
10 9 20
12 7 20
14 0 23
13 10 33
12 9 28
1 4 9
18 8 32
9 2 21
18 8 34
2 6 15
8 10 27
2 2 6
19 4 26
16 4 30
6 6 16
18 3 31
1 5 11
11 8 20
3 1 14
19 8 33
6 7 19
1 4 13
2 4 9
11 9 30
4 5 16
15 8 26
10 6 17
12 2 15
7 0 15
3 2 15
14 4 21
7 9 20
18 1 28
3 3 13
17 7 28
12 10 24
4 7 13
11 7 27
9 5 20
4 7 14
16 4 27
20 5 35
10 5 20
2 4 15
15 5 30
9 10 20
20 3 29
12 6 24
18 1 29
4 10 17
15 8 29
14 8 28
1 9 19
20 5 30
9 7 24
13 10 28
13 10 29
2 4 8
5 3 11
6 10 22
16 2 25
7 4 13
11 8 28
12 7 28
2 2 10
18 3 26
4 0 11
4 2 10
4 2 10
6 0 14
4 7 21
18 2 24
4 0 12
8 0 11
18 1 29
18 4 32
7 0 9
12 9 24
20 7 36
1 2 10
5 10 20
5 3 12
4 9 22
12 2 19
3 9 20
19 3 31
19 6 28
11 6 22
4 6 20
14 5 24
20 0 22
14 5 21
15 3 28
7 0 16
13 10 25
4 7 12
20 10 33
16 0 20
20 3 24
12 8 30
2 8 20
20 6 27
7 6 16
10 8 20
19 1 27
5 3 15
7 4 15
8 1 14
10 8 19
6 9 21
9 10 23
6 8 24
4 0 8
20 8 37
10 3 17
9 10 29
19 9 34
12 9 22
3 1 14
18 9 28
6 4 14
19 10 38
10 3 19
13 9 23
13 2 21
4 4 18
11 4 20
9 1 15
3 9 19
14 1 17
14 3 24
4 0 8
7 1 11
8 1 16
11 10 27
3 7 20
1 0 3
17 6 32
18 6 28
14 8 30
5 6 18
5 7 14
2 8 11
19 2 26
8 0 11
10 2 14
2 5 12
15 4 20
3 8 15
12 8 28
20 4 32
9 6 25
12 1 17
7 9 18
7 7 23
18 4 26
5 4 10
16 9 34
13 9 30
5 3 12
4 10 19
17 6 32
16 4 30
9 10 29
7 0 17
13 9 31
18 10 29
20 5 26
5 4 19
17 5 24
11 1 21
17 6 28
13 3 24
6 5 21
18 3 30
19 9 36
14 2 17
4 7 14
5 1 9
16 9 35
8 7 16
18 6 30
8 0 17
6 10 25
7 1 9
5 3 16
20 4 29
11 3 21
18 9 31
7 1 15
1 3 6
9 10 26
19 8 29
20 8 38
12 7 24
6 3 14
18 3 24
6 2 13
10 1 18
16 10 28
3 9 22
20 4 31
18 6 33
3 10 16
12 7 25
18 1 28
3 6 13
6 0 12
6 4 16
11 0 17
7 1 12
9 10 22
13 0 16
6 10 18
11 8 23
3 0 4
20 1 25
16 4 21
2 7 12
17 7 26
4 5 12
15 10 34
7 6 19
19 2 25
4 7 12
8 0 13
5 2 13
3 4 13
10 9 26
12 7 27
1 4 11
13 3 19
7 6 22
7 2 11
4 4 12
18 2 24
2 7 19
5 8 15
4 7 21
18 3 23
3 2 8
14 2 19
6 6 19
10 9 25
1 9 20
18 3 24
6 5 16
6 7 19
19 8 31
11 3 17
17 9 28
17 5 29
14 1 19
5 6 20
14 9 29
5 9 20
14 9 32
3 9 15
9 1 11
7 8 24
11 2 19
4 7 18
5 6 16
17 1 26
9 0 12
6 9 16
15 10 26
12 4 23
1 8 11
15 9 29
18 7 27
6 0 8
6 9 19
3 10 15
17 4 26
13 0 20
8 6 17
9 10 28
8 1 10
9 2 18
8 1 10
18 10 34
1 10 18
5 2 8
14 9 33
3 8 16
13 7 23
11 3 23
12 2 22
1 9 13
13 4 19
14 5 24
12 4 22
5 10 16
13 2 23
18 5 26
5 8 17
1 4 10
6 10 21
13 7 21
7 2 16
6 1 14
12 5 22
5 4 17
17 1 23
9 3 14
19 4 28
16 10 30
11 7 25
19 8 37
18 5 28
7 10 21
6 9 18
18 8 28
5 2 12
3 4 15
17 7 27
2 8 13
10 7 19
6 8 18
20 3 31
12 2 24
2 5 16
10 5 25
6 2 9
5 7 15
14 9 28
9 5 23
6 9 19
7 10 18
12 3 19
18 2 28
9 6 21
19 8 30
7 2 14
13 6 28
4 9 21
17 6 28
10 8 27
20 7 36
18 9 35
16 3 23
3 4 13
12 3 23
20 4 33
4 4 9
8 10 26
7 4 20
11 1 19
12 8 22
11 10 28
17 10 31
